time,r_p,r_e1,r_e2
0.0,10.199729551342053,0.5714248,0.57143186
0.0986186940002199,10.199372783073963,0.5716197681664663,0.5713511481439557
0.318886021900862,10.198575932040407,0.5720864820637407,0.5706743899911724
0.5085669782255511,10.197889731640942,0.5717624785201736,0.5698608883187322
0.6888188005529192,10.197237642224389,0.5722738657636341,0.5693086849024888
0.9066025863160493,10.19644977438686,0.5722036287208421,0.5693014771559025
1.1858951730539822,10.195439387616025,0.5719735495853393,0.5702897387841162
1.4580721800041732,10.194454741907593,0.5716827508427713,0.5713375948619827
1.7455690170757503,10.193414673780609,0.571870477367292,0.571333128570885
2.00194076290336,10.192487205576102,0.571831664981272,0.5703431696147135
2.2583125087309694,10.191559736765623,0.5722527080848866,0.5693657363568672
2.5310831365372906,10.19057294119421,0.5720334794742696,0.5693706510534927
2.7718541659450846,10.18970190893033,0.5720165893772947,0.5703048154597845
3.0126251953528786,10.188830876111139,0.5717616679420129,0.5713171468468001
3.3068473026986194,10.187766473943693,0.5718104025802879,0.5714635551157102
3.5939440330030137,10.186727848742073,0.5717934031156209,0.5703415250524343
3.8382484067533724,10.185844032166884,0.5722727427552993,0.56937548822247
4.082552780503731,10.18496021477743,0.5721273373574003,0.5693132664176105
4.41314200968672,10.183764244284063,0.5721185653068845,0.5706563885098114
4.647159885036919,10.18291763875746,0.5715459033703802,0.5715424828900971
4.881177760387117,10.182071032987938,0.5718006119647693,0.5715316182859355
5.154443194203972,10.181082441115224,0.5718273778222268,0.5704280804548475
5.414670521371201,10.180141016546628,0.5722840192216283,0.5693630447730843
5.674897848538431,10.179199591055694,0.5720709586802825,0.5693797212761266
5.935698771842506,10.178256089544293,0.5720325273057796,0.5704899185747988
6.1964996951465805,10.177312587413239,0.5716201819545207,0.571582155107831
6.4881661229551515,10.176257422458894,0.5719042675661155,0.5714707751619957
6.73638610726734,10.175359433858059,0.5718391409777647,0.5703431090579543
6.984606091579529,10.17446144466134,0.5722783589878849,0.5693379556410152
7.251457856979361,10.173496050041942,0.5720637543357877,0.5694537130458168
7.498644940602227,10.172601795863127,0.5719798615215232,0.5705850391929541
7.745832024225093,10.171707541141172,0.5716984698624883,0.5716466267447327
8.049232410431612,10.170609921797292,0.5718673562719797,0.5714885288282089
8.3364999896274,10.169570666058263,0.5718468086227366,0.5700965507358081
8.601745168896457,10.168611080578948,0.572408912125103,0.5692304517003076
8.852904594839297,10.167702452638869,0.5719615945350358,0.5696832839650551
9.084061665252184,10.166866187198561,0.5719530113500211,0.5708655364682554
9.315218735665072,10.166029921331257,0.5717026134628229,0.5717823431766321
9.592693873058474,10.165026088487462,0.5717705937209396,0.5715217930384084
9.870169010451876,10.164022255210215,0.5719617144000937,0.5701292427960404
10.146528835424059,10.163022456025116,0.5723364631752541,0.569228927803085
10.422888660396241,10.16202265576816,0.5719495138330604,0.569878564031138
10.640928709924255,10.1612338411232,0.5718591577780294,0.5710553547791224
10.858968759452269,10.160445026123734,0.5717890813293832,0.5718762168811015
11.10633046675807,10.15955013235968,0.5715772565418474,0.5716226424457516
11.353692174063871,10.158655238264275,0.5721740191917435,0.5703803952306646
11.608358750307541,10.15773391629982,0.5720162863675448,0.5693141143786098
11.852335172022242,10.156851267888602,0.5724058511993013,0.5695165782296664
12.074127035420094,10.156048877223657,0.5716963925402163,0.5706150250056452
12.295918898817947,10.155246486107373,0.5719196950388724,0.5717219515654853
12.508763048434673,10.154476465480354,0.5715746300237267,0.5719685882341337
12.76567825060444,10.153547005764544,0.5719407267509834,0.570996639283774
13.054772118983689,10.152501130441037,0.5720426303763443,0.5695098015024559
13.33547754860226,10.151485601528455,0.5723791749149383,0.5694387712984865
13.58178645399112,10.150594510604503,0.571806983582864,0.5706370629735544
13.82809535937998,10.149703419117975,0.5717923428776092,0.5718538175309171
14.070002322004513,10.14882825258705,0.5716461539851951,0.5719216001540576
14.347682328400584,10.147823666634984,0.572037086227251,0.5705942032284795
14.626172733485957,10.146816148101637,0.5721135926056218,0.5693373653656296
14.90466313857133,10.145808628511352,0.5723040312640055,0.5697028021466831
15.139783617230632,10.144958011404238,0.5717971203403298,0.571010979649601
15.374904095889935,10.144107393845246,0.5716680276365297,0.5720309213071455
15.67164078629869,10.14303386112176,0.5716662906348408,0.5715925822235985
15.949499314636423,10.14202862523052,0.572217590945937,0.5700227003312471
16.203783115090406,10.141108677162016,0.5721514598375276,0.5692630907842597
16.489387088601323,10.140075417881517,0.572211629551435,0.5701905853867245
16.72158015496166,10.13923538812776,0.5716959319916642,0.5715472691144144
16.953773221322,10.138395358018732,0.5716381161922688,0.5721758852775607
17.229129786758573,10.137399170299675,0.5718066099033254,0.5712848353544001
17.504486352195148,10.1364029820086,0.5722198117446508,0.5697163410321334
17.792054740537345,10.13536261262095,0.5721185759000554,0.5694071570258817
18.029781392924086,10.134502560588569,0.5720376078893078,0.5705463140399395
18.267508045310827,10.133642507990299,0.5717387768141773,0.5718765497617078
18.541861285703103,10.132649946534706,0.5716797297969364,0.5720782060012434
18.831160262676676,10.131603313614772,0.5719120179443984,0.5705905346516463
19.09641538352631,10.130643666431427,0.5723243563904962,0.5693697463165703
19.361670504375944,10.129684018284392,0.5720907697056652,0.5697532209407562
19.59808960548327,10.128828693226149,0.571876364315581,0.5711442212266529
19.834508706590597,10.127973367705737,0.5717260880317343,0.572202212138219
20.092039327827113,10.127041663851543,0.5716421410038208,0.5718555550249215
20.34956994906363,10.126109959592087,0.5721472147856795,0.5703516264615321
20.63164502630395,10.125089456619628,0.5722128637583348,0.5693113454759893
20.9065982020486,10.124094718499812,0.5721207804288765,0.570158408184246
21.15913798697389,10.12318106779883,0.5717038173198273,0.5717013454959433
21.41167777189918,10.122267416667,0.5717316398038358,0.5723150063861192
21.66627551858687,10.121346319817485,0.5717310153090693,0.5713363660085878
21.920873265274558,10.120425222457973,0.5723056812965337,0.5698091792960376
22.15752311507588,10.119569057236879,0.5720849020319874,0.5693538124365675
22.394363597491758,10.118712201556617,0.5722810524712261,0.5703166624867639
22.587849001387784,10.118012198001459,0.5716202660113997,0.5715384686498755
22.78133440528381,10.117312194173273,0.5716791589137188,0.5723183218524136
23.02632188380109,10.116425862588837,0.571746530029348,0.5719361432057036
23.30395441749935,10.115421425138937,0.5720954968925487,0.5702626968565667
23.621397667998664,10.114272956754562,0.5721358322487334,0.5693762298269947
23.858733410551526,10.113414306004294,0.5721397495929982,0.5703661405682745
24.096069153104388,10.11255565463315,0.5717432146029628,0.5718461411082241
24.35143978826605,10.111631754834203,0.5716254327499953,0.5723864533918178
24.63447134248569,10.110607780803688,0.5718769568647378,0.5711099275445665
24.91750289670533,10.109583806061488,0.5723216953881133,0.5695442679549931
25.196735640203734,10.10857357392297,0.5720971969213778,0.5697477421761531
25.426959964041732,10.10774064788046,0.5719298787550497,0.5711346452225016
25.65718428787973,10.106907721365715,0.571726677993218,0.5723188316767919
25.915084061818916,10.105974667743176,0.5716230296539742,0.5721193921081326
26.172983835758103,10.10504161371213,0.5721278449463267,0.5705795296966019
26.45592335703913,10.104017967713865,0.5722324308804801,0.569394548224482
26.723879991369664,10.103048527237679,0.5721738811625517,0.5701652478808326
26.97234891757184,10.10214959059241,0.5716933345555267,0.571760649836778
27.220817843774014,10.101250653497251,0.5717586658327249,0.5725025776063072
27.4567449839929,10.100397091098305,0.5716260728757375,0.571684472912753
27.65154198901405,10.099692333391546,0.5722789612203947,0.5704192682233167
27.8463389940352,10.098987575259121,0.5721741938110657,0.569508417197606
28.081817389227613,10.09813563479882,0.5722514749286969,0.569734256054936
28.373928095479222,10.097078802552014,0.5717531799721878,0.5715193155151906
28.643723764000356,10.096102703628238,0.5717297737277833,0.5725429718859301
28.912964703997304,10.095128611273255,0.5717097836636197,0.5716578512483765
29.163291155581046,10.094222949537283,0.5722338048161146,0.570051665673374
29.40106377856567,10.093362705875547,0.5722957635575113,0.5694392166394824
29.7092964277494,10.092247541924797,0.57210002804574,0.5708234332714917
29.927899695471545,10.091456650128782,0.5717232314948052,0.5721727973458585
30.14650296319369,10.090665758024183,0.5715212376805313,0.572545697022214
30.40049675938529,10.089746825007147,0.5720169559929373,0.5714083927965966
30.622849221617066,10.088942367827967,0.5719893999374662,0.5699833278326911
30.84140516376042,10.088151645618167,0.5725029054233627,0.5694642744005206
31.078364804039538,10.087294339183032,0.5719340702893724,0.5703719049369387
31.286555159317075,10.086541117837859,0.5718658626320545,0.5717613542644715
31.494745514594612,10.085787896156697,0.5717146374802706,0.5725918036944662
31.74401743542064,10.084886043233036,0.5716395751803384,0.5720270784318838
31.99328935624667,10.083984189869607,0.572247234490516,0.5704150993184096
32.23188179765421,10.08312097366569,0.5721217120532193,0.5694844693013668
32.47674179374722,10.082235080922667,0.5723618906646141,0.5701594266045241
32.667631173067484,10.081544450986911,0.5717318572198152,0.5714166055672031
32.858520552387745,10.080853820732235,0.5716673139248645,0.5724484851040693
33.093796872693694,10.080002599976249,0.5717496876374645,0.572455139370338
33.35226058217054,10.079067487733514,0.5718938573972927,0.5709677502436642
33.61072429164738,10.078132374820157,0.5724014891848156,0.5696096851642961
33.86555859720061,10.07721039207469,0.5720843208569109,0.5699278195542028
34.07945288204758,10.07643652842471,0.5721253478919148,0.5712781718041331
34.293347166894556,10.075662664345066,0.5714867557623068,0.5724727478670655
34.50918599972725,10.074881764657466,0.5717685299584404,0.5725557113415046
34.74372792626089,10.074033197308015,0.5718847883345103,0.5713101908485608
34.995304114472376,10.073122999814194,0.5722567331345447,0.5698013261647772
35.276171837548276,10.072106825155362,0.5722154780108925,0.5698430432745805
35.48578208446367,10.071348458149368,0.5718740680089334,0.5710983294047454
35.69539233137907,10.070590090708532,0.5718891521670809,0.5723776422038644
35.932528817803515,10.069732133305093,0.5714509685195677,0.5726175503253831
36.15730572466918,10.06891889242772,0.5720726545954995,0.5714940486838745
36.37640492985027,10.068126192989679,0.572100437065614,0.5700751711068766
36.59112784085273,10.06734932636664,0.572301676260128,0.5695676758056031
36.86439895056907,10.066360631672161,0.5720649218148162,0.5707389818715134
37.10780151569283,10.065480000653254,0.5716651372102929,0.572301272128488
37.351204080816586,10.064599369220302,0.5717556534829351,0.5726898223158842
37.58559449146739,10.063751343459671,0.5717193946293411,0.5715662747253093
37.78577672740004,10.06302708268308,0.5723718464905416,0.570247165849503
37.97912989948745,10.062327529037585,0.5722267094873936,0.5695933522703279
38.212430469194445,10.061483444624253,0.5722015561822192,0.5702256556995303
38.49076660727845,10.060476420090486,0.571742945044617,0.5720519509790686
38.7472282769323,10.059548537184924,0.5716512613737872,0.5727746466061808
39.017172603072375,10.058571873356678,0.5718598202911771,0.5716215238225915
39.28711692921245,10.057595208878967,0.5722782420187797,0.5699455622745639
39.57463105521796,10.056554975431046,0.5721971995630221,0.5699023475255648
39.80106982290548,10.055735713409414,0.5719373455726013,0.5712587827611751
40.02750859059301,10.054916450881061,0.5717982315878569,0.5725764164966611
40.262822570988874,10.054065077197361,0.5715038530267784,0.5726408123529569
40.49813655138474,10.053213703159035,0.5721445235751306,0.5713438519635129
40.72097901427282,10.05240745100238,0.5720707227870022,0.5699814160454089
40.92452902275136,10.051670999082083,0.5724067896315292,0.5696929989630165
41.16006395960569,10.050818823715726,0.5720725841856924,0.5707605264594394
41.43801966230659,10.049813167439485,0.5717381601786443,0.5725022272311775
41.708507918509156,10.048834528196975,0.5716412392823068,0.5726403076004686
41.99663121447615,10.047792084005424,0.5721266742740206,0.5709453757968862
42.28339029467335,10.046754574721671,0.5722198343044599,0.5696902301564757
42.54473760962453,10.045809005538846,0.5722573053438181,0.5704613982268908
42.79929509287731,10.044888001551067,0.571722833288353,0.5721405843022002
43.03569302464679,10.044032699423811,0.5716325794592598,0.5728711372884564
43.32170734808012,10.042997881696586,0.5718457325817691,0.5717453670279643
43.60278373037576,10.041980929033047,0.572326188391541,0.5700210093898797
43.87459760442122,10.040997487741762,0.5722202179556968,0.5699572964459779
44.128533947318466,10.040078727694498,0.5719775591058037,0.5714590103483855
44.382470290215714,10.039159967016387,0.571663997890415,0.5727902542669856
44.68511642820772,10.038064970103273,0.5718474012800093,0.5722444522003688
44.963391617963765,10.037058148509493,0.5720954270338321,0.5704461104246304
45.219225699958756,10.036132519786067,0.5723927635872811,0.569768348575651
45.48608224428806,10.035167009919181,0.5720287203641944,0.5709176920839794
45.73234168147161,10.03427602144033,0.5717321526806518,0.5724783392854494
45.978601118655156,10.03338503250924,0.5717071134354745,0.5728542992112085
46.25495311926092,10.032385165478466,0.5719229037137253,0.5714598446015576
46.523228950667665,10.031414518050491,0.5723465574021522,0.5699571059170682
46.81326684606393,10.030365132313117,0.5722337475563412,0.5702649979233775
47.07499823069311,10.029418161395572,0.5718816632814143,0.5719301566055722
47.33672961532229,10.028471189867105,0.5716051824295549,0.5729436428580974
47.611860312755965,10.027475737739724,0.5718625231540329,0.5720671185002599
47.88699101018964,10.026480284957945,0.5722108111193241,0.5703276733277334
48.18986744851218,10.02538444394923,0.5722548115344467,0.5700149875805992
48.395740249187526,10.024639572289521,0.5719690686757075,0.571111180952847
48.60161304986287,10.023894700166045,0.5719335606550198,0.5724230580991451
48.82953487106883,10.02307005169591,0.5714682181329164,0.5729586379379008
49.04931573423226,10.022274857869615,0.5719554963750247,0.5721624237071177
49.267712334246376,10.021484672068317,0.5721054735056661,0.5707443575094157
49.49407948838707,10.020665647219259,0.5722891621236394,0.5698817287219407
49.802617516971814,10.019549316657798,0.5720993177980033,0.5708619599400708
50.065462439567334,10.018598308786137,0.5717549710918572,0.572510195237005
50.32830736216285,10.017647300374248,0.571678131557134,0.572914650104061
50.663160684034544,10.016435755140312,0.5721695378616737,0.5711458045617123
50.89303612046206,10.015604033607616,0.572293945085853,0.5700161540049312
51.12291155688957,10.014772311347402,0.5722306161017636,0.5701969288546386
51.37298817846412,10.013867497509466,0.5720429395366396,0.5716589796492517
51.62306480003867,10.01296268305025,0.5715455545700963,0.5729089030534564
51.858678663548915,10.012110196605482,0.5718821086078315,0.5727124694146212
52.06217639575421,10.011373910831917,0.5718189004879283,0.5715606384523086
52.2656741279595,10.010637624639713,0.5723124832153271,0.5703585046040384
52.480266206142375,10.009861196801378,0.5724046442418774,0.5699791945533772
52.75238063310511,10.008876643152055,0.5720149361852008,0.5711585387654377
52.995202206871966,10.007998075038167,0.5718519378283067,0.5726246886582492
53.23802378063882,10.007119506464186,0.5715197470813055,0.5729716392439547
53.47389047080388,10.00626610141915,0.5720761634109421,0.5719223449793905
53.66454647671602,10.00557627579738,0.5720620843241889,0.5707208787213895
53.85520248262816,10.00488644972835,0.5723143751994979,0.5700283221757958
54.101209169941455,10.003996354663967,0.5723146512445919,0.5705246436013311
54.32832188719886,10.003174620582778,0.5717629409012852,0.5719108886291625
54.555434604456266,10.002352886012229,0.5718484990281472,0.5729665873859862
54.76830187428189,10.00158269369305,0.5715725306511578,0.5728238998157
54.98748701918938,10.000789641810378,0.5720226402748888,0.5716602917920349
55.21224464889699,9.999976427149727,0.5723209912877245,0.5703820304909061
55.49426969370683,9.99895600743809,0.5722781430584941,0.5702490102638479
55.79553334729109,9.99786597764333,0.5718952330325416,0.57191596218232
56.08072562272412,9.996834096366793,0.5717092621726522,0.5730636001901548
56.334525692787516,9.995915797726465,0.5717936425131139,0.5724428988177395
56.588325762850914,9.994997498540366,0.5721308204512169,0.5709134246498213
56.949621565778166,9.993690257011494,0.5722025215966293,0.570232800757007
57.14554557573587,9.992981363432728,0.5720993145273646,0.5711442696726516
57.34146958569358,9.992272469408675,0.5719651931463148,0.5723463263810182
57.55953132109163,9.991483476073768,0.5715014632402147,0.5730783726697107
57.777593056489685,9.990694482408145,0.5718952034982897,0.5726485326014344
57.99578043138808,9.989905033766322,0.5720132760972013,0.5713946864499223
58.221469272750326,9.989088442657797,0.5722731857395447,0.5702994278258766
58.506597672382085,9.98805678535479,0.5722929455889767,0.5705396118251611
58.813413253395424,9.986946657882754,0.5718832357448689,0.5722963452059284
59.09576676235339,9.985925038901017,0.571622428534541,0.5731029714142786
59.35098997049087,9.985001583002461,0.5718812029151027,0.5722348655743353
59.60621317862835,9.98407812650429,0.5722474310764222,0.5707559534805281
59.947192791241235,9.982844382225135,0.5723998891653569,0.5704026873671716
60.15220502627246,9.98210259906621,0.5721035015766844,0.5714031893066392
60.35721726130369,9.981360815435083,0.5716609789871528,0.572579668982186
60.579156452294185,9.980557785607726,0.5718298127275887,0.5731246603430554
60.80109564328468,9.9797547554246,0.5716903468094279,0.5725022508521987
61.01783103402629,9.978970553453914,0.5721525735572256,0.5712589338441939
61.23691069370276,9.978177868784835,0.5723987576986493,0.5703414145230289
61.506436475881756,9.97720265659086,0.5721878776034054,0.5706728091463142
61.74162879796962,9.976351670729859,0.5720730504539846,0.5719726631776972
61.97682112005748,9.975500684313323,0.5715469853161731,0.5730212032398353
62.1898179219462,9.97473000664967,0.5718500971055199,0.5729771358939755
62.40910309382848,9.973936575668356,0.5718928546671813,0.5719669270312567
62.63320301378627,9.973125723172943,0.5722193602461332,0.570750510754109
62.89417602541615,9.972181453299951,0.5724051417029099,0.5703691938193294
63.15667294946368,9.97123166855536,0.5720037056220265,0.5714458671794258
63.383530198200035,9.970410837142285,0.5719278645728989,0.5726856172977098
63.608567086586724,9.969596591858078,0.5715267569460218,0.5731432457263239
63.82722999215689,9.968805409042275,0.5719456216962204,0.5725145463698383
64.04273216373132,9.968025662220105,0.5721044148779011,0.5713239032760549
64.27239784399006,9.967194667280623,0.5722795843611265,0.5704352196798133
64.5435764745963,9.9662134658864,0.5723249608747936,0.5708209699839715
64.77522012632758,9.965375312525818,0.5718162918175859,0.5720511528025798
65.00686377805886,9.964537158629472,0.5718683406990008,0.5730453042883206
65.21537157249227,9.963782716616112,0.5716013596281414,0.5730312663695298
65.43396939498129,9.96299176558075,0.5719674511773889,0.5721114398229135
65.66444137871329,9.962157849829696,0.5722948869952366,0.5709048294855776
65.97258168842824,9.96104290603863,0.5723293329337655,0.5705535314400004
66.25336174839552,9.960026958687186,0.5720202726263411,0.5717942814528282
66.54311469056154,9.95897854384204,0.5717390374453862,0.5730654753411064
66.83286763272756,9.957930128335807,0.571742338695357,0.5727830761397835
67.11928705393267,9.956893773834896,0.5722012577875502,0.5713403874666814
67.38575171767981,9.955929620977956,0.5723206869833322,0.5705110592660979
67.65832753116723,9.954943355043282,0.5722279394706701,0.5711315206536477
67.92292990748015,9.95398593865276,0.5718577368455425,0.5724983705695054
68.18753228379308,9.953028521615893,0.5716760478118933,0.5731812018842142
68.44506369023583,9.952096689124309,0.5719146508132414,0.5725220238120136
68.70259509667858,9.95116485602129,0.5721021910105174,0.5712204887324498
68.95651409044065,9.950246093014451,0.5724766060762027,0.570575727391546
69.20350075687254,9.949352412600298,0.5720661102349827,0.5711550599717322
69.39041439480857,9.948676095991772,0.5720829353039135,0.5720965360845818
69.5773280327446,9.94799977902272,0.5717973264728015,0.5729169865378322
69.81410336289753,9.947143045122836,0.5716220977936163,0.5731338126095725
70.04761366644162,9.946298124778087,0.5720555456628812,0.5723397989673612
70.23003416682712,9.945638064495393,0.5720367832189686,0.571426059300707
70.41245466721263,9.94497800381471,0.5722887646312662,0.5707684158450178
70.64887566366804,9.944122549917388,0.5724160696489243,0.5708083393719987
70.8658446721491,9.943337479448967,0.5719426312587532,0.5716710492611748
71.0565306142588,9.942647509947506,0.5719516456227056,0.5726018826594034
71.24721655636851,9.941957540112773,0.5717614420554106,0.5731546915248933
71.4973763081635,9.941052372368933,0.5717040614977212,0.5728633225424287
71.72726006733305,9.940220569975564,0.5721956927259552,0.5718423941188158
71.92945590202355,9.939488952001794,0.5721514643571672,0.5709885334796383
72.13165173671405,9.938757333488276,0.5723802995776325,0.5707345295007048
72.36377742870062,9.937917417098896,0.5722426060059449,0.5713524130655969
72.61221970098828,9.937018460568165,0.5717867115053548,0.5725176782143677
72.85947208438402,9.936123808919572,0.5718496213913351,0.5731881511711886
73.08849346931068,9.935295123415795,0.5716557934870822,0.5728522462852129
73.30405764349386,9.934515130752745,0.5721463924594516,0.5719291148630604
73.50784532698998,9.933777749414686,0.572293942469553,0.5710884312522411
73.74658174949495,9.932913909548905,0.5722587358729058,0.5708347699722809
73.98072106736709,9.932066703008378,0.5722966659447724,0.5715200912222662
74.16069557238322,9.931415485233734,0.5718287208525779,0.5723440664031869
74.34067007739935,9.930764267138214,0.5717298121998449,0.5730046294660536
74.57305331422005,9.929923413376775,0.5718470673565457,0.5731368535984407
74.7883106896316,9.929144527316915,0.5717620489970687,0.5724844147431972
75.00356806504315,9.928365640812249,0.5722772223725967,0.5715396407025933
75.19880596463436,9.92765919222014,0.5723499434776451,0.5709581722094931
75.43779328173302,9.926794440074119,0.5722132907215777,0.5710712314007713
75.66398566510487,9.925975984437773,0.572211183790176,0.5719110410388846
75.85360844929913,9.925289851969032,0.5717423270767783,0.5727131375285308
76.04323123349339,9.924603719174696,0.571709261010786,0.5731700252857491
76.27789425539807,9.923754611983101,0.5718942418265693,0.5729410639106103
76.49532180250249,9.922967869395826,0.5718757163177919,0.5721182793777
76.71274934960691,9.922181126303897,0.5723817215464597,0.5712777655261512
76.91034059273646,9.921466158657873,0.5723436859399837,0.5709716176921182
77.14589403912342,9.920613827200686,0.5721542659357735,0.5714061255411884
77.38889236655196,9.919734556299629,0.572072550486865,0.5723917407027034
77.5970499327406,9.918981353551862,0.5716261473857005,0.5730604429498205
77.80520749892925,9.91822815044764,0.5718228740799669,0.573145616708998
78.02202862344548,9.917443598508946,0.5719408969076538,0.5725719967295315
78.28032563348134,9.916508968403914,0.5721262214241312,0.5715575777670615
78.53528623899788,9.915586410044485,0.5724523058887909,0.5710630797538171
78.75981737488988,9.914773957999314,0.5720982525220042,0.5714063761784774
78.95700109453321,9.914060460356653,0.5721289231015787,0.5721372792819206
79.15418481417655,9.913346962289504,0.5718737687997082,0.5728569136130897
79.39735232503605,9.91246707401863,0.5716473192296445,0.5731808255542334
79.62669077237251,9.911637225018865,0.5720164610698325,0.5727329152293972
79.81722682136437,9.910947780068089,0.5719765458493704,0.5720270399601963
80.00776287035623,9.910258334710642,0.5722247169412912,0.5713971391837209
80.24450736094568,9.90940168570773,0.5724414727215339,0.5711753570685232
80.46170711399965,9.908615757758753,0.5720518207378666,0.5716332889319188
80.67890686705363,9.907829829228971,0.5720717784522789,0.5724313752545722
80.87610865846676,9.907116262094801,0.5718169583546138,0.5730193993206009
81.1131417729285,9.906258566406851,0.5716749650931046,0.5731270686428438
81.34363056773374,9.905424550658362,0.572072233584898,0.5725681959183156
81.52804737302152,9.90475724443996,0.5720307209943193,0.5719111323718177
81.7124641783093,9.90408993782414,0.5722349264664068,0.5713979008847148
81.95341109284368,9.903218078040704,0.5724301472492987,0.5713113301602387
82.16613331729849,9.902448347867518,0.5720185800273738,0.5718132384851377
82.3788555417533,9.9016786171527,0.5720286850004327,0.5725523002266335
82.57964617804606,9.900952060213273,0.5718297636337928,0.5730651336065348
82.82988740574905,9.90004656681423,0.5716992111109821,0.5730635637984082
83.05906656297276,9.899217285677421,0.5721135578939277,0.5724731375496356
83.24579250029232,9.898541620447528,0.5720683984766829,0.571857808203789
83.43251843761189,9.897865954798794,0.5722509661013775,0.5714317009932772
83.67601186575959,9.89698487593784,0.5724066286887718,0.5714592058116874
83.887223511372,9.896220607785434,0.571985141387999,0.571983817420711
84.09843515698441,9.895456339114272,0.5720022413385322,0.5726624234276092
84.29944831386621,9.89472897323832,0.5718314404869776,0.5730896624754024
84.55328380543907,9.893810469321783,0.5717223647195419,0.5730063795902266
84.78078533841503,9.892987254383186,0.572142638082376,0.5724245592690006
84.97081620901847,9.892299626728311,0.5720914003829767,0.5718558019427484
85.1608470796219,9.891611998632722,0.5722602976269617,0.5714999063727946
85.4056282794471,9.890726255356707,0.5723844654575886,0.5715980250964637
85.61674802033183,9.88996231577988,0.5719612780689544,0.572115936662663
85.82786776121655,9.889198375695964,0.5719901065061374,0.5727325118502931
86.0286247551496,9.888471932977154,0.5718346966957029,0.5730896798403753
86.28272253234077,9.887552475209441,0.5717400666647239,0.5729653081952688
86.50870200738304,9.886734763592862,0.5721595243169368,0.5724179760971018
86.70129444610426,9.886037863262702,0.5721028301256625,0.571898038853063
86.89388688482548,9.885340962477398,0.5722597457768946,0.5715920650729459
87.14041312815439,9.884448900084074,0.5723696473930119,0.5717172574530254
87.35183674655215,9.883683856930276,0.5719501823386588,0.5722044755464811
87.56326036494991,9.882918813274022,0.5719884066344428,0.5727612162563394
87.76414670968262,9.882191898710506,0.5718431186910957,0.5730707502265846
88.01923548999947,9.881268850166153,0.5717528372911195,0.5729395124371592
88.24508965068061,9.88045158773564,0.5721668542944636,0.5724389948293069
88.43881301032728,9.879750591478352,0.5721046462258467,0.5719692868263145
88.63253636997395,9.879049594761483,0.5722532616090726,0.5716974974365041
88.88052639592236,9.878152230937255,0.5723629637524738,0.5718171419583269
89.0922947501239,9.877385936341836,0.5719507924720847,0.5722571482473905
89.30406310432544,9.876619641243703,0.5719946122737689,0.5727573801391305
89.50541796876354,9.875891027515394,0.5718566625226791,0.5730376895273415
89.76327227607834,9.874957966919453,0.5717615759563612,0.57292422286985
89.99110058192774,9.87413355664037,0.5721669382014932,0.5724764965045539
90.18438138297725,9.873434158131149,0.572098362163693,0.5720585674506476
90.37766218402676,9.87273475916793,0.5722430804858752,0.5718110045785642
90.62642301888229,9.871834601423407,0.5723630471274993,0.5719033462263138
90.83884280496495,9.871065945565586,0.5719605968971959,0.5722857903620159
91.05126259104762,9.87029728919961,0.5720074638145322,0.5727315222803694
91.25316152904092,9.86956670287783,0.5718741183619686,0.5729927632991749
91.51535005490918,9.868617953674482,0.5717681647537924,0.5729122197755909
91.77371585413742,9.867683036697434,0.5721690113444534,0.5724684643927609
91.96960360395082,9.866974200984098,0.5720775075437846,0.5721074026626709
92.16325321001992,9.866273463715595,0.5722880037209875,0.571913021266395
92.3954515190135,9.865433234098163,0.5723408564400384,0.5720013550079728
92.63299563386498,9.864573659509611,0.5719488727307221,0.5723779020296539
92.82034023065272,9.863895735914195,0.5720331248893161,0.5727162809534448
93.00768482744046,9.863217811976577,0.5718955702130547,0.572936721288014
93.26547421109836,9.862284976491846,0.5717584082011752,0.5729055062407152
93.51715151384612,9.86137425758562,0.5721531791742215,0.5725592203210742
93.7061831090348,9.860690227858713,0.5720658053288066,0.5722509815026654
93.89521470422348,9.86000619770837,0.5722243620616076,0.5720484729151402
94.14122748959508,9.859115974606036,0.5723685805683809,0.5720676342338746
94.35987380243154,9.858324779305136,0.5719903780674137,0.5723271985826508
94.57852011526799,9.857533583456373,0.5720543616284586,0.5726632237951645
94.77806590313337,9.856811504550226,0.5719059139058854,0.5728769276263168
95.01749950072164,9.85594508664644,0.5717443148763691,0.5728867282691236
95.25693309830991,9.855078668237745,0.5721272930010646,0.5726461151724634
95.44816585684063,9.854386669773973,0.5720583575553948,0.5723849500524315
95.63939861537135,9.853694670891294,0.5721660712713805,0.572185516970184
95.91073637274276,9.85271280158105,0.572370183100967,0.5721556694722063
96.14225649198256,9.851875016583335,0.5720013237010461,0.572362493287402
96.33390337613567,9.851181517487543,0.5720719446211133,0.5726006360319006
96.52555026028877,9.8504880180138,0.5719720100809107,0.57279030166937
96.79522076674387,9.849512179227975,0.5717567862057734,0.5728402207056942
97.04224008685125,9.848618306224841,0.5721203226839825,0.5726596011494188
97.23854972316745,9.847907932674165,0.57203086189881,0.5724513060720842
97.43485935948365,9.847197558687995,0.5721815976769471,0.572288271483352
97.70396985898526,9.846223743771382,0.5723492526988999,0.5722547503433005
97.94729010240445,9.845343253799728,0.5720108371650824,0.5724139243579941
98.13224562883701,9.84467396465314,0.5721090805810507,0.5725860338950821
98.31720115526957,9.844004675150911,0.571978573230667,0.5727267855454627
98.56796227804846,9.843097257656261,0.571758456249509,0.5727815086297035
98.79179475491001,9.842287285118234,0.5720918640687045,0.572686603619704
99.01562723177157,9.841477312091078,0.5720161958962467,0.5725212966611658
99.22801890569878,9.84070873889905,0.5721798261955894,0.5723890244601091
99.48484035657107,9.83977938872211,0.5723537850274415,0.572350293240928
99.71679564168161,9.838940020089732,0.5720331798245085,0.5724374060887666
99.91396878163427,9.838226515915116,0.5721318545553027,0.572556915290284
100.11114192158692,9.837513011327193,0.5719954279838148,0.572660325885247
100.36259251396756,9.836603094001667,0.5717780959609208,0.5727058998854585
100.583848549343,9.83580244042063,0.5720907053564129,0.5726563185933277
100.80510458471845,9.83500178636523,0.5720038958572239,0.5725612282433087
101.01723432186627,9.834234156935752,0.5721573037984208,0.5724805508009603
101.27175326677093,9.833313133851872,0.5723574636450234,0.5724487927183598
101.49837113425146,9.83249307520264,0.5720515160899681,0.5724849126179551
101.72498900173198,9.831673015945906,0.5721615827276876,0.5725503467017025
101.92926092427011,9.830933819208791,0.5719824869780241,0.5725998163813998
102.16921853474038,9.830065486525946,0.5718041538068674,0.5726201145396684
102.39160501824355,9.82926073787555,0.5720995091785872,0.5726037812904239
102.61399150174672,9.828455988745436,0.5719914271859998,0.5725739194189096
102.8231316117495,9.827699173734386,0.5721535813361586,0.5725527170918744
103.06951033987283,9.826807602721026,0.5723562647717455,0.5725454247967953
103.2910869723301,9.82600578243381,0.5720646794876041,0.5725472760248429
103.51266360478738,9.825203961563101,0.5721705890016568,0.5725448662027475
103.72219769222899,9.824445718638284,0.5720284465133437,0.57253545930512
103.97384735450812,9.823535071130607,0.5718219177000877,0.5725265446368046
104.19432233094021,9.822737235338705,0.5721061902083167,0.5725366312146039
104.4147973073723,9.82193939907501,0.571996205061217,0.5725692705911587
104.626456930872,9.82117346258311,0.572134687713253,0.5726097033024877
104.88011363961832,9.820255549787962,0.5723509724282227,0.5726360907871337
105.10155774215053,9.819454204767299,0.5720686711194515,0.5726133418338888
105.32300184468275,9.81865285916551,0.5721803923367396,0.572547799245899
105.53355735358933,9.817890915903874,0.5720529769755817,0.5724738927705736
105.78845483276126,9.816968510495949,0.5718423399738306,0.572426645086268
106.00747552448254,9.816175933049287,0.572119746170183,0.572457869564544
106.22649621620383,9.8153833551336,0.5720087092270925,0.5725500952169507
106.44000732411146,9.814610714455222,0.5721253126841028,0.57265505755254
106.70087619829022,9.813666697724122,0.5723458443638457,0.5727194449584176
106.92237446725835,9.812865152335904,0.5720681429592078,0.5726718297453025
107.14387273622648,9.812063606370302,0.5721851467928377,0.5725425326138942
107.35475257451931,9.811300485306681,0.5720717294246843,0.572404222048711
107.61202753282787,9.810369471379682,0.571863677537808,0.572321082513593
107.82968306753067,9.80958182978194,0.572138890488019,0.5723771080789304
108.04733860223347,9.808794187714954,0.5720299750416642,0.5725302715705692
108.26261015760512,9.808015172189522,0.5721233127739935,0.5726994988787035
108.5321953803378,9.80703960791952,0.5723408286281253,0.5727948428386239
108.7541285848332,9.806236484211142,0.5720631846457799,0.5727106575042393
108.9760617893286,9.80543335992946,0.5721858427574716,0.5725115795694105
109.1863664462101,9.804672316141437,0.5720847832297122,0.5723140277988189
109.44451595281468,9.80373813233155,0.5718860754288094,0.5722115397709798
109.66049671513166,9.80295654703901,0.5721630849065776,0.5723066800389612
109.87647747744863,9.802174961275929,0.5720604145022739,0.5725262543851154
110.09372100881376,9.801388805328862,0.5721267969821713,0.5727551766604241
110.34689849870755,9.800472611697405,0.5723580606618425,0.5728616166637724
110.55865957247951,9.79970629436691,0.5720811159040041,0.5727500354279559
110.77042064625148,9.798939976516643,0.5721387649159834,0.5724998895528078
110.99616047976514,9.798123071998031,0.5721400661556506,0.572222797249176
111.22222574030518,9.797304989308167,0.5718805018545586,0.5720984890745813
111.44776925070614,9.79648879422947,0.5721385032683318,0.572209247670744
111.66017800831317,9.795720130619419,0.5721526249929713,0.5724795569137807
111.90764099986728,9.794824612328304,0.5721007373002539,0.5728068074793905
112.13214762665979,9.794012167845665,0.5723715198834476,0.5729215894967732
112.35665425345229,9.793199722755912,0.5721324272920472,0.57277627436835
112.57717736930886,9.792401692636936,0.5720851991400844,0.5724488250687714
112.83798192211701,9.791457891179382,0.5721594368016527,0.5720768075151667
113.05876910067651,9.790658904349735,0.571909222291527,0.5719884875039366
113.27955627923602,9.789859917039939,0.5721454124460679,0.5721770287957755
113.49667675986394,9.789074198327896,0.572208743985883,0.5725350255088555
113.76539352850575,9.788101761503226,0.5721221969785957,0.5729146423386905
113.9930152585796,9.787278039447166,0.5723685110696244,0.5729462755585379
114.22063698865345,9.78645431677335,0.5721100740125447,0.5726664734451586
114.43817034274998,9.785667101595594,0.5720745772366667,0.5722532432811868
114.69404929184708,9.784741119769405,0.5721771763049373,0.5719013716492627
114.91243237535897,9.783950828488669,0.571945131545363,0.571919571501481
115.13081545887087,9.783160536726848,0.5721701934501389,0.5722362340978687
115.35080087807543,9.782364445865053,0.5722601200078723,0.5726776971065355
115.59580535563491,9.78147781451985,0.5721097589194225,0.5729982656573589
115.81176218030612,9.780696301324404,0.5723400311152923,0.5729391129521647
116.02771900497733,9.77991478757907,0.5721886914321094,0.572573798797994
116.26549414285405,9.779054316188509,0.5720278231267881,0.5720564921487435
116.49148480188684,9.778236490448025,0.5722278953911931,0.5717664138095573
116.71319637641265,9.777434149545602,0.5720333903472721,0.5718609738205458
116.93258999180571,9.776640196488321,0.5721038827506826,0.5722767433543093
117.19501452494768,9.775690520213429,0.5723237224391825,0.5728497875496147
117.41987201539256,9.774876792977082,0.5721135517350828,0.5730552860263612
117.64472950583743,9.774063065152411,0.5722854339936634,0.5728373504356724
117.8674760254685,9.77325697605871,0.5722311266755438,0.5723224193088534
118.13907451584068,9.772274097644067,0.5720233948130258,0.5717443427914993
118.3618921834191,9.771467749889533,0.572252560123658,0.5716619372468109
118.58470985099753,9.77066140160906,0.5720944907757654,0.5720112272177877
118.80658366919468,9.7698584684676,0.5721397786926657,0.5725780833804048
119.08393502342403,9.768854768396443,0.5723502350271508,0.5730635523825333
119.31218726546776,9.768028751231755,0.5721094696905533,0.5729591811962378
119.54043950751148,9.767202733468324,0.5722700199354513,0.5724349755845058
119.75731770773402,9.766417876466956,0.5722202655964044,0.5718498948241985
120.02217936520256,9.76545937221791,0.5720355562970235,0.5715267013360144
120.23931150238843,9.764673595127668,0.5722868626172515,0.5717786894926687
120.4564436395743,9.763887817522884,0.572173898141196,0.5723577637937259
120.68255403118587,9.763069548032572,0.5721587958401427,0.5729322926415273
120.92363822572347,9.762197089294196,0.5723895562107825,0.573092591184846
121.13896532640356,9.76141784223454,0.5721505246219438,0.5727270795075924
121.35429242708366,9.76063859464758,0.5721575432106094,0.5720852857637755
121.60591340057228,9.759728002455185,0.5722832838712093,0.571493039425005
121.82512528099517,9.75893469509926,0.5720513755432137,0.5714792419211915
122.04433716141806,9.758141387226198,0.5722273352609913,0.5719611240387582
122.27213740592265,9.757316998278421,0.5723217694849301,0.5726659563418461
122.51031203984755,9.756455064696514,0.5721326397291052,0.5731133505432362
122.74848667377245,9.75559313046294,0.5723585727068707,0.5729288827436172
122.96925497451926,9.754794187715973,0.5722424830211755,0.5722879910373241
123.21227547855659,9.753914715395505,0.5721026604936538,0.5715475342552917
123.43872954664225,9.75309519513447,0.5723271888043064,0.5713151749197692
123.66497886285376,9.752276415284786,0.5721547331148371,0.5716990170238955
123.889969181853,9.751462191091557,0.5721810853599776,0.5724390181217003
124.16942747279211,9.750450850326553,0.5723757652010993,0.5731093009693687
124.40112726057504,9.749612343684356,0.5721407483946236,0.5729840581090402
124.63282704835797,9.748773836428411,0.5723118952383587,0.5722897825907587
124.85280726586419,9.747977741006522,0.5722889047906088,0.57154319829285
125.12250700188217,9.747001712836731,0.5721136108849189,0.5712188620926498
125.34063992269735,9.746212301478009,0.5723556369435815,0.5716439252519582
125.55877284351253,9.745422889577128,0.5722417439649083,0.5724183932248709
125.78888281120301,9.744590132767396,0.5721908293379061,0.5730607866758175
126.02471937362097,9.743736651059846,0.572415735772538,0.5730550185829714
126.26055593603893,9.742883168704214,0.5721838630797659,0.5723658293783231
126.47994202320059,9.742089219339979,0.5722105976997774,0.571549281066395
126.73353607879223,9.741171472040397,0.5723589124445359,0.5711060491768785
126.95311522369308,9.740376822819188,0.5721368607045966,0.5714505918117667
127.17269436859392,9.739582173052359,0.5722886057441037,0.572252996097003
127.40365166806698,9.738746345517493,0.5723847083500258,0.5730031104374242
127.6392884336561,9.73789358249782,0.5721667997621229,0.573102097818053
127.87492519924523,9.737040818843882,0.5723639874146005,0.5724367783986205
128.09672676982632,9.736238123831631,0.5723205847561839,0.5715504263802914
128.35417532580053,9.73530642244748,0.572163149427145,0.5710111356741775
128.57546727417446,9.734505570523856,0.5723965864090695,0.5713368468052673
128.7967592225484,9.733704718027848,0.5722740334130303,0.5721829798942486
129.03006573763992,9.732860384370163,0.5722153296692606,0.5729936599053063
129.26921162325783,9.731994917449759,0.572440839146231,0.5730979007468303
129.50835750887575,9.731129449863577,0.5722184611629514,0.5723688251470548
129.73117609644325,9.730323070082278,0.5722582405172718,0.5714341494137646
129.9849045816986,9.72940482677035,0.5724090208536364,0.5709164069752752
130.20688530580009,9.72860147796932,0.5721845025376037,0.5713052918200485
130.42886602990157,9.727798128595564,0.5723241999486794,0.5722172304289669
130.66195428815527,9.726954580382168,0.5724140062358883,0.5730308682186321
130.89914266211258,9.726096193171104,0.5721949222387835,0.5730616331257349
131.1363310360699,9.725237805317656,0.5723930540573825,0.5722475960923095
131.3599837861181,9.724428402461037,0.5723699508723846,0.5712776050888705
131.62152225778422,9.723481889820608,0.5722122816562053,0.5708354180354975
131.8428602512839,9.722680862831776,0.5724386350168075,0.5713609584614427
132.06419824478357,9.721879835256612,0.5723238979590269,0.5723440512875857
132.30082427981193,9.721023479256878,0.5722408886964544,0.573103207279846
132.53454154636182,9.720177649540544,0.5724658311662615,0.5729598340002129
132.7682588129117,9.7193318191863,0.5722801927334112,0.5720221429321021
132.9946064239738,9.71851265924273,0.572278602408867,0.5710497067438279
133.2734680470023,9.717503448400631,0.5724587800219308,0.5708271517360177
133.4940250710356,9.716705243450383,0.5722333505717461,0.5715815942170478
133.7145820950689,9.715907037925511,0.5723515042304144,0.5726058489640339
133.95142058330975,9.715049908438024,0.5724536600335274,0.5731605111523185
134.17899261138518,9.714226314087009,0.5722318929855104,0.5727330623202534
134.4065646394606,9.713402719139166,0.5723952235913885,0.5716731778757167
134.63443744321214,9.712578035045045,0.5724529364079894,0.570792352056816
134.87851540668277,9.711694702882786,0.5722434941230009,0.5708192137970592
135.1225933701534,9.710811369995755,0.5724547865475683,0.5718150178151538
135.34363477189302,9.710011407197772,0.572405822045176,0.5728185567327763
135.6005893746997,9.709081471542124,0.5722620879174314,0.5731041769967455
135.82373385469316,9.708273896339056,0.572486483927816,0.5723592172443212
136.04687833468662,9.707466320542364,0.572380665561694,0.5712404082010497
136.2829592789028,9.706611926094803,0.5722960370556962,0.5705858780248436
136.51237140243953,9.705781665940824,0.5725142088347228,0.5709906344875346
136.74178352597625,9.704951405130025,0.5723521932473619,0.5721005872413713
136.97412825666677,9.70411053034223,0.5723041669167638,0.5730258803217604
137.2278016531937,9.703192464641424,0.5725164892647822,0.5729235870604195
137.44654342955562,9.702400818853159,0.5723269399053984,0.5719484245796232
137.66528520591754,9.701609172492377,0.5723471674330352,0.5708787756348352
137.93490829174488,9.70063338122712,0.5725360175789597,0.5705727570495833
138.1575852272741,9.699827491786726,0.5723084883299617,0.5713928858027001
138.38026216280332,9.699021601741563,0.5723851352210069,0.5725454081793779
138.627735285994,9.698125971135442,0.5725122990912084,0.5731368232716174
138.85630788590015,9.697298742827611,0.5722947023994772,0.572558712989393
139.0848804858063,9.69647151390891,0.5724384031415722,0.5713491152790667
139.31985355334592,9.695621120329918,0.5725363959137517,0.5704812206560447
139.5541247837814,9.694773266065383,0.5723159772296292,0.5707361798605054
139.78839601421686,9.693925411108895,0.5724694072118802,0.5718928863456375
140.02107748527575,9.693083309015103,0.5724988867751897,0.5729458120649488
140.28583271157802,9.692125127392776,0.5723038896173506,0.5729077105274303
140.50408653763395,9.69133523943173,0.5725153386026997,0.5718840250988597
140.72234036368988,9.690545350885113,0.5725105404430678,0.5707494089723668
140.98547915747207,9.68959301707475,0.5723492513159286,0.5704293146956623
141.20999431501477,9.68878046656317,0.5725503772235291,0.571310318540246
141.43450947255747,9.687967915414287,0.5724650853874089,0.5725368440534968
141.6853972257801,9.687059917517404,0.5723379844476574,0.573106244290209
141.9158522664214,9.686225867832011,0.5725621063423944,0.5724037467958022
142.14630730706273,9.685391817504515,0.5724596257746647,0.571103090680435
142.38351490737062,9.684533327974595,0.572389636531649,0.5703050947309892
142.61699886055305,9.683688314155129,0.5725992251298471,0.5707542045490296
142.85048281373548,9.682843299621974,0.5724363525655175,0.5720347379279399
143.08743819304988,9.681985720783047,0.572378639490221,0.5730217009566091
143.34306675473474,9.681060560029474,0.5725931408151346,0.5727261501890986
143.5640356239219,9.680260837632892,0.5724257361108308,0.5715327704351206
143.78500449310908,9.679461114625934,0.5724259089790368,0.5704398041099819
144.0413400180119,9.678533393013938,0.5726323756024216,0.5704205229437214
144.2684233869065,9.677711539163356,0.5724214619603752,0.5715337577005863
144.4955067558011,9.676889684668247,0.572423325831016,0.5727497376797309
144.77249900523617,9.675887200371953,0.5726011774138107,0.5729237421970192
144.9961672371933,9.675077704532997,0.5723993934770777,0.5718542260917109
145.21983546915044,9.67426820807817,0.5724916882967066,0.5705910716681143
145.47078229836015,9.673359984572738,0.5726440180250778,0.5702196412814455
145.69879331407668,9.672534769318153,0.5724132435303078,0.5711528088503125
145.9268043297932,9.671709553398077,0.5724881452254668,0.5724864804762273
146.17793550717724,9.670800660425531,0.5726147428407456,0.5730508439829834
146.40892954343252,9.669964647060484,0.5724045236300113,0.5722333383317437
146.6399235796878,9.66912863305028,0.5725336529729971,0.5708398422525588
146.88127966468866,9.668255115941145,0.5726580869556951,0.5701039761410136
147.11212843470423,9.667419626200225,0.5724319777187864,0.5707442154826144
147.3429772047198,9.666584135756908,0.5725286527811657,0.5721301540556523
147.59010481373502,9.665689728032522,0.5726288600142406,0.5730354351978443
147.83059452843818,9.664819343578255,0.5724170619866363,0.5724852474600424
148.07108424314134,9.663948958433046,0.5725790740558492,0.5710318009234849
148.30757256047397,9.663093054480445,0.5726628008028076,0.5700782785757962
148.55191550104547,9.662208722071693,0.5724455863124421,0.5705432243082716
148.79625844161697,9.661324388861459,0.5725977033115645,0.5720072188919348
149.0331544420094,9.660467007125137,0.5726250625273718,0.5729884489609013
149.30659508731475,9.659477360995279,0.5724380744231631,0.5724072995517463
149.5178846862258,9.658712653535508,0.5726307660356567,0.5710987840220503
149.72917428513688,9.657947945482595,0.5726744358951111,0.5701030295686143
149.9830680925045,9.657029041682138,0.572469828648262,0.5703523638949354
150.23696189987214,9.65611013699969,0.5726399930442254,0.5718488943068795
150.47286751728976,9.655256335304873,0.5726288373674696,0.5729326116206651
150.76382269180297,9.654203294528164,0.5724782157004761,0.5723857919559412
150.97031543492517,9.653455944156466,0.5726743747003866,0.5710877593985629
151.17680817804737,9.652708593212846,0.572672765552486,0.5700728067593882
151.4550059335488,9.651701722218563,0.5724990591496495,0.570378988224126
151.67838692718868,9.650893246756505,0.5726719182157084,0.5717358560540966
151.90176792082858,9.6500847706527,0.5726510501842313,0.5728540868830753
152.18373518851644,9.649064254166056,0.5725001744031348,0.5725183394998153
152.39589477308186,9.648296390108225,0.5726864274336887,0.571210160582317
152.6080543576473,9.647528525448283,0.5726915586900996,0.570076880826677
152.8888401759074,9.646512282328937,0.5725243106331895,0.5702661713330994
153.11896533781214,9.645679393596666,0.5726946549004496,0.5716584989083238
153.34909049971688,9.644846504176497,0.5726666295337823,0.5728339866443379
153.63067956407832,9.643827351173295,0.5725319470963723,0.572482165736627
153.84462384382707,9.643053023750578,0.5727105848769543,0.5711402585117079
154.0585681235758,9.642278695708924,0.5727039386117465,0.5700048642099272
154.3393454215879,9.641262478066523,0.5725505409932147,0.5702586849613114
154.56978053226993,9.640428463133915,0.5727169972958734,0.5716896217867502
154.80021564295197,9.63959444750976,0.5726893477152069,0.5728383943001771
155.0847319448583,9.638564694527961,0.5725632621650176,0.5723782507416396
155.29833903359022,9.637791583396368,0.572730732368537,0.5709973937013378
155.51194612232214,9.637018471638042,0.5727227948877693,0.569911092092412
155.79957004709377,9.635977468426528,0.5725763468431788,0.5703330392130306
156.02596214685687,9.635158081995343,0.5727359430463655,0.5717943319305381
156.25235424661997,9.634338694898961,0.5727215682696334,0.5728525560601719
156.54630801949253,9.633274779084845,0.5725933902870836,0.5721939729167693
156.7584533732532,9.632506954304654,0.5727471287613398,0.5707774881112953
156.97059872701385,9.63173912889302,0.5727460196201082,0.5698029896337473
157.23960486135002,9.630765504216162,0.5725964239495646,0.5703381038686856
157.47615424397284,9.62990935070544,0.5727439630664608,0.5718918715117641
157.71270362659567,9.629053196471844,0.5727575970860743,0.5728743418758471
158.03190325028294,9.62789790129554,0.5726270358225554,0.5718056637612086
158.25830572941854,9.627078470684598,0.5727779492258567,0.5702996770665711
158.4776444759028,9.626284605505573,0.572745863476358,0.5696976321783134
158.7724484071489,9.6252176037537,0.5726359031445479,0.5709674182432539
159.0238354992712,9.624307742251924,0.5728068222138113,0.5725351587976312
159.27357020704548,9.623403860556792,0.5727352292764637,0.5727132264858061
159.57787611403174,9.62230246460651,0.5726806068317927,0.570922192961257
159.896875961176,9.621147884452387,0.5728050087629893,0.5696525289853266
160.16110889274523,9.620191525137697,0.5726555083863925,0.5707023138584751
160.42534182431447,9.619235164839314,0.572774967856583,0.5724149693608467
160.68616942954313,9.6182911288688,0.5728260257285132,0.5727100794150171
160.93699638335835,9.617383288338905,0.572670087876732,0.5713202283299672
161.18782333717357,9.61647544695948,0.572770651816769,0.5698216706939826
161.44536415781133,9.615543304457438,0.5728092297821098,0.5699111826174369
161.73674248096205,9.614488689387745,0.5726855069551057,0.5717586223159062
162.01532231501844,9.613480396145548,0.5728638509807451,0.5728126616201847
162.29611679338836,9.612464086252094,0.5727832225681139,0.5716945817006085
162.56020579165124,9.611508239360402,0.5726942755857407,0.5699662537720442
162.82429478991412,9.610552391418338,0.5728544583661974,0.5697344858268603
163.09939837152183,9.609556675966996,0.572760310902229,0.5713589529716058
163.37233129820186,9.608568816009367,0.5727800019848072,0.5727368617244808
163.69346271958375,9.607406504108045,0.5728954413530536,0.5717778741210027
163.9167742857026,9.606598243283015,0.572722351304715,0.5702380157041408
164.13199606342036,9.605819262187604,0.5727321683711317,0.5695291566075666
164.40551897616132,9.604829262909673,0.5728986018768601,0.5705687061334785
164.64677313350546,9.603956057477616,0.5727947054423993,0.5721955376807105
164.8880272908496,9.603082851306393,0.5728052717428381,0.5727174950328471
165.1805506718071,9.602024078043177,0.5729280411335905,0.5712188281499249
165.42887228993155,9.60112528983993,0.5727461955416725,0.5697106579286589
165.67719390805598,9.600226500674125,0.5727625551520243,0.5697590975867187
165.95881336979537,9.599207190270985,0.5729475995958935,0.5715399671559125
166.2377389254636,9.598197629281076,0.5728199722668827,0.5727217822293033
166.5166644811318,9.597188067344174,0.5728787150715792,0.5717092132939732
166.77420718035972,9.596255899032757,0.5729082141694749,0.5699653307404192
167.03174987958764,9.595323729686413,0.5727393825963936,0.569545428740174
167.31681584687456,9.594291939336255,0.5728904004334352,0.5711396027507828
167.59646953557365,9.593279737498412,0.5729854998464933,0.5726283987337801
167.91613957990296,9.592122695936867,0.5728210290455015,0.5717410639019133
168.13885953208043,9.591316563179594,0.5728999443514423,0.5701853950628432
168.3615794842579,9.59051042965694,0.5729016991301331,0.5694183498899666
168.63151838040275,9.589533386362534,0.5727882089523186,0.5704407812731416
168.9014572765476,9.588556341981802,0.5729697636268342,0.5722323412257495
169.16464860142432,9.587603719542102,0.5730294942111317,0.5725116506255776
169.41362745311636,9.586702538421287,0.5728337768715046,0.5710790217520165
169.6626063048084,9.585801356419946,0.5728571024174829,0.5695804118727607
169.933877757612,9.584819484931375,0.5729436916489781,0.569785152280231
170.2182837318767,9.583790071562376,0.572870923335927,0.5716679405124558
170.485113353984,9.58282427517095,0.5730248435116485,0.5726253478560878
170.79035806651046,9.581719433318609,0.5730014729958766,0.5712706445758077
171.06052662211366,9.580741549506532,0.5727865949579766,0.569583742102815
171.31737359909565,9.579811882486354,0.5729204945414529,0.5696428591053495
171.587763171423,9.578833196387922,0.5730241546319663,0.5713705904576762
171.94173138167938,9.577551992461183,0.5729725163594063,0.5725393659490176
172.23008803651632,9.576508271359156,0.5730592995236752,0.5710066948949227
172.51844469135327,9.575464549034649,0.5728541427220313,0.569400266892186
172.7833488143908,9.574505713188865,0.5728589469118024,0.5698929175997547
173.0630775828306,9.573493217468062,0.5731220632183517,0.5717807132278865
173.32829340946654,9.572533251250183,0.5730590067531568,0.572536555365163
173.63937680887608,9.571407263185847,0.5729685598590211,0.5709694849683853
173.92939273991774,9.570357529020827,0.5729880775835315,0.5693629597073645
174.21391068545515,9.569327693840732,0.5728804352688555,0.5699846409618268
174.48205230978772,9.568357132867702,0.5730543638056109,0.5718056835390677
174.77301114342086,9.56730398200018,0.5732098688719375,0.5724389204722006
175.0291598031725,9.566376828686426,0.5729817297354936,0.5710809187424901
175.28530846292412,9.565449674418845,0.5728970047751184,0.5694966630691463
175.56057125867866,9.56445333350588,0.5730290300095332,0.5696155979066037
175.84131389418553,9.563437156466044,0.5730324808281069,0.5714430920787114
176.1220550165899,9.56242098379249,0.5731471553917313,0.5724817905923555
176.46511207665748,9.56117925050478,0.5731313165026269,0.5708678466817226
176.74497052662488,9.560166270332886,0.572856652671842,0.5693195846505051
177.01852593418397,9.559176103470406,0.5729902209855274,0.5698183515223171
177.28963652532056,9.5581947847006,0.5732169951613555,0.5716370131088363
177.63846793707617,9.556932144172832,0.5731264537565183,0.5722475374295638
177.90062106928997,9.55598324587565,0.5731140487494306,0.5706763285220905
178.16277420150377,9.555034346518196,0.5730136418908842,0.569280175474605
178.43385709330622,9.554053123407215,0.5729223928125411,0.5697945058853938
178.70493998510867,9.553071899086529,0.573191282265192,0.5716031593584555
178.99014782571942,9.552039546323183,0.5733418441685565,0.5723652500187469
179.26018052379536,9.551062121286387,0.5730781120130851,0.5710486049205876
179.5302132218713,9.550084695169478,0.5729739449523832,0.569399483572296
179.7972693485551,9.549118041987484,0.5730770020574155,0.5694965161859885
180.0824057536659,9.548085942934318,0.5731357205010424,0.5713081574407566
180.37754561654057,9.547017633448995,0.5733081907644711,0.572358293981294
180.7204756203237,9.545776337881684,0.5732190371298563,0.5707206065287904
181.0259874749026,9.544670482364227,0.5728963114592054,0.5691806759435526
181.31230601766777,9.543634099033795,0.5730993444491004,0.5699696119977554
181.58433498870536,9.542649438206892,0.5733622570968128,0.5717556185397938
181.8872371941862,9.541553024583942,0.5732827337351433,0.5721532575946661
182.1555944919981,9.540581651970436,0.5731877164897203,0.5706028758736656
182.42395178981,9.539610278220096,0.5730747816861962,0.5691983917209994
182.69495280222267,9.538629333695564,0.5730044974731453,0.5696991547037049
182.96595381463536,9.537648387924282,0.5732789850657948,0.5714666306309161
183.2764675337387,9.536524416212163,0.5735089254822383,0.5722036351756213
183.54824211910017,9.535540668111638,0.5731992905447393,0.5708132204860925
183.82001670446164,9.534556918868052,0.5729813436309271,0.5692610803746622
184.10490240030794,9.533525709601507,0.5731537128495344,0.5695686002005267
184.38226888036937,9.532521716496069,0.5733236638889291,0.5713428524118417
184.67941935619024,9.531446109316537,0.5734320009427847,0.5722089234199172
184.99890286051598,9.530289661066096,0.5733470926737925,0.5706468722469535
185.28177547846246,9.529265733465209,0.5730107724029246,0.5691606696478629
185.56393924909128,9.528244370272379,0.5730491967467588,0.5696738510421684
185.846036648414,9.527223245955472,0.5734896173567438,0.5714691203595863
186.10660953760546,9.526280034102598,0.5735766622087592,0.572170351162317
186.46499880175466,9.524982748710265,0.5732064507464988,0.5704241199718588
186.78783013181945,9.523814172957415,0.573107867006715,0.5690506455504486
187.06843955689868,9.522798429300257,0.5731982469262494,0.5700199243568689
187.34904898197792,9.52178268430771,0.5734597410226179,0.5717463227870172
187.63863693904526,9.520734437807747,0.5736481296848669,0.5719263411524805
187.9090600543674,9.519755562855932,0.5733435578259763,0.5703880289827375
188.17948316968952,9.51877668668878,0.572977601021418,0.569091417540102
188.45351701533448,9.51778473905012,0.5731696769077104,0.5696334043767336
188.72755086097945,9.516792790081979,0.5735883627804352,0.5713404234128606
189.0539973722801,9.515611116022374,0.5736039026614711,0.5719831090753339
189.35534330771057,9.514520299918896,0.5733456125579799,0.5703875613798501
189.65668924314105,9.51342948230309,0.5731345076542906,0.5690291415017998
189.93482571710072,9.512422677208246,0.5731696704797864,0.5697596996492845
190.2129621910604,9.51141587075809,0.5735632399898557,0.5714639197546434
190.50934335471482,9.510343020380855,0.573817424122656,0.5719308741645908
190.78375967881888,9.509349677917713,0.5734367447971623,0.5705514757819554
191.05817600292295,9.508356334207903,0.5730271558960939,0.569126905790723
191.35764440006562,9.507272304357883,0.5732415150243474,0.5695228296175164
191.6374238937865,9.506259543852012,0.5736614215690002,0.5712051944596057
191.97208995890645,9.505048100453651,0.5737398349498841,0.5718928568213132
192.2616221704452,9.504000033856062,0.5734896285211829,0.5704443662241253
192.55115438198396,9.502951965840326,0.5731628450179248,0.5690454674536687
192.85415611887262,9.501855138223982,0.5731860348523646,0.5696364681721602
193.13609899219148,9.50083453952365,0.5736954055172735,0.5713044441645112
193.43146968512406,9.499765332436326,0.5739763756802403,0.571862007775616
193.69581788748877,9.498808421999783,0.5735728522386949,0.5706764922465666
193.9601660898535,9.49785151040124,0.5731016718126727,0.5692289268693931
194.23957769075636,9.49684006952467,0.5731940910684108,0.5691941530861141
194.53337370323624,9.495776556981877,0.5736840304726492,0.5707794639265851
194.92138677981222,9.494371985806454,0.573908015445255,0.5718058941676227
195.24762827314115,9.49319102025331,0.5735622076463188,0.5702324067897275
195.57386976647007,9.49201005282831,0.5731355299385943,0.5689476650925611
195.8671734084776,9.490948315956961,0.573303010166825,0.5698079134090311
196.16047705048516,9.489886577543249,0.5739394111083583,0.5714264420486683
196.43736313045096,9.488884268292926,0.5741262033010158,0.5716963340366386
196.6984535720294,9.487939137109667,0.5736395651166404,0.5704901024152472
196.95954401360783,9.486994004751853,0.5731307022566666,0.5691580702138972
197.25448078340116,9.485926349067679,0.5732584601083278,0.5692347614297613
197.5484493711768,9.484862196490186,0.5738339791687608,0.5707936742157146
197.88590140570008,9.483640634065667,0.5741058356292805,0.5717454751033076
198.22335344022338,9.482419069871375,0.5737103163052207,0.5703650140943645
198.54457730740003,9.481256249187796,0.5732012265380411,0.5689653403625775
198.84309177750464,9.480175634009779,0.5732980709022495,0.5695330214914158
199.1350353168137,9.479118803833176,0.573972425143899,0.5711015887190938
199.43638665903086,9.478027916102903,0.5743326216706014,0.5716363969262834
199.7178234162392,9.477009117566627,0.5738236212082123,0.5705025638317643
199.99926017344757,9.475990317628144,0.5731677173362882,0.5691329360889099
200.28545367647772,9.474954296715307,0.57324699197297,0.5691556095269027
200.58845019879146,9.473857447106662,0.5739580572412035,0.5706397386200184
201.01925682400613,9.472297921242438,0.5742671459441661,0.5714957398261877
201.31280422280216,9.471235273908716,0.5737500175329866,0.5701597959648353
201.60635162159818,9.470172624990417,0.5732487074233237,0.5689604322485924
201.89906755638253,9.469112984268195,0.5733483098125132,0.5693941112201761
202.1917834911669,9.46805334189646,0.5740450969649477,0.5708734075902474
202.52738799237707,9.466838439526343,0.5745275203045465,0.5715080974555297
202.8434528344619,9.465694269785132,0.5739153895975673,0.5702695231729417
203.15951767654676,9.46455009818718,0.573144035970458,0.5689837806777012
203.47285155385342,9.463415810876517,0.5734181314769526,0.5694103281787113
203.7766132276056,9.462316173689405,0.574295669049239,0.5708781126160709
204.06872161478427,9.461258720593715,0.5745913686062979,0.5714829392543131
204.46808029308846,9.459813011435433,0.5737866794594878,0.5699983448088749
204.86492139632736,9.458376413098293,0.5732426169098106,0.5689056510758441
205.19690472267234,9.457174602940238,0.5738042750322468,0.5700311996999923
205.52573547456268,9.455984203335339,0.5746086794741865,0.5713358249459259
205.83793866766092,9.45485399535254,0.574565018063575,0.5710044227746366
206.09616898065588,9.453919173442202,0.5738512462934493,0.5698225551448135
206.35439929365083,9.452984350216978,0.5732069033494366,0.5689638425292968
206.66205322501762,9.451870606094788,0.5734298364178982,0.5693706685627895
206.9697071563844,9.450756860111198,0.574442842652739,0.5707251126465869
207.2661632449711,9.449683650033233,0.574905028414416,0.5713375112462199
207.59801576898695,9.448482298254095,0.5742097305185287,0.5703872519649594
207.88796407489585,9.447432643780415,0.573396901054654,0.5691735847202877
208.17791238080474,9.446382987611914,0.5733384912304419,0.5690123025830655
208.51182456112647,9.44517417352345,0.574198013385338,0.5702609273118827
208.92152823700397,9.443690979453734,0.5749528424438772,0.5712718267253544
209.29891775493715,9.442324765069849,0.5742432851516912,0.5701115848512527
209.63242386297495,9.441117413724808,0.5733398454009393,0.5689819189719375
209.960227331401,9.439930704721029,0.5735107807512254,0.5693520370562986
210.2857160724193,9.438752373331262,0.5746205528199377,0.5706362143665603
210.60433994660036,9.43759889203328,0.5751992742290458,0.5711693497981791
210.91586895289043,9.436471093568677,0.5745301188359097,0.5703710139354938
211.2273979591805,9.435343293123495,0.5734920367521004,0.5692117555739655
211.5220201081662,9.434276697238262,0.5733495097687328,0.5690122855015358
211.88110399840969,9.432976733506893,0.574406827628831,0.5701491532737093
212.26518872029206,9.431586258240301,0.5752569029065248,0.5711190986658312
212.65454151622166,9.43017670821106,0.5745746190233739,0.5702708642101734
212.94904698938475,9.429110526016167,0.5736777250866788,0.5692195326918795
213.24133972588768,9.42805235267254,0.5734144279960425,0.5690014248349853
213.60136921349255,9.426748952798974,0.5743243205992966,0.5700382654363065
213.9233413162718,9.425583328226049,0.5753247367200922,0.5709496297099274
214.24531341905106,9.424417701405984,0.575278324006296,0.5707559847743945
214.5581688432093,9.4232850772423,0.5742505024806249,0.5697451679047905
214.87102426736755,9.422152450979521,0.5734256526952919,0.569023802939923
215.2347598373509,9.42083562149311,0.5739223679078141,0.5694691486785882
215.51144480062635,9.419833938889713,0.5749443520097102,0.5703570273788215
215.7881297639018,9.418832254577778,0.5755765229527109,0.5709255652294538
216.1101060641365,9.417666599529305,0.5752246060460721,0.5706007614455384
216.43208236437118,9.416500942128792,0.5741931322947089,0.5695956043164343
216.73523313060602,9.415403437140377,0.5735956254168421,0.5690146638835308
217.09061936375494,9.41411682020219,0.5740733535210845,0.5694934287657437
217.40018130633536,9.412996100300422,0.5751056994483993,0.5704212014119019
217.70974324891577,9.41187537820125,0.5757326839094472,0.570876284997048
218.0550007268669,9.41062542307614,0.575269884700627,0.5703583652751046
218.40025820481802,9.409375465087802,0.5741350638605708,0.5694079715465593
218.7204015487966,9.408216427082147,0.5736675813418722,0.5690843198779753
219.14383574929988,9.40668343446353,0.5746668263940983,0.5698599835960154
219.47459097011904,9.405485972110018,0.5757007530731594,0.5706355992727047
219.8053461909382,9.40428850696861,0.5758150776253916,0.5707253709657393
220.18619672381539,9.402909673435843,0.5748431494884362,0.5699105428941362
220.58211048442715,9.401476301277429,0.5739641262611387,0.569133583434289
220.95435540057466,9.40012861704697,0.5742769323374795,0.5694042032547558
221.34233658021034,9.398723957554521,0.57540078420135,0.5703287551168167
221.71296909649095,9.397382104154554,0.5760260804720619,0.5707463345172599
222.07747221996988,9.396062438170395,0.5755556659558081,0.5702783779032686
222.4419753434488,9.394742768652671,0.57455561150823,0.569489238787666
222.79963374321432,9.393447877176575,0.5741489281636196,0.5692004583587477
223.26745730860893,9.391754131779214,0.5750678091948922,0.569872063061565
223.62446178350083,9.390461600888875,0.5759517623472035,0.5705497507474578
223.98146625839274,9.389169066321529,0.5760879410806268,0.5706672285531467
224.3949840715185,9.387671920566667,0.5753477682070012,0.5699936119506982
224.7744925966321,9.386297901789288,0.5746380476426246,0.5693352459862191
225.15400112174567,9.384923879579222,0.5746291129191838,0.5693603042987144
225.5829960904073,9.383370686057349,0.5754572878732965,0.5700893009402316
225.93540130932402,9.3820947850353,0.5761260842783704,0.5706074512305092
226.28780652824074,9.380818880102705,0.5761985289553695,0.5706213370061491
226.72411232082726,9.379239202438738,0.5755410299634065,0.5700070561472628
227.14508385043,9.377715038498605,0.5749736217333515,0.5694183682298021
227.53760033626503,9.37629389451746,0.5750701437537222,0.5694719259508639
228.01599749553296,9.374561805777597,0.5757665046387206,0.5702309848050197
228.4620110138833,9.372946959184258,0.5762358610258879,0.5707355336418733
228.89312092555826,9.371386066383193,0.5761059736500975,0.5704909056251556
229.34499810270637,9.369749976070912,0.5756218142037983,0.5698285134696707
229.82800986124275,9.368001151617259,0.5754002162450867,0.569504268693955
230.27574941583788,9.366380030365686,0.5756701611057782,0.5698972596324572
230.64873354961315,9.365029569816393,0.5759875188391986,0.5704777142402616
231.02171768338843,9.363679104327732,0.5761519589772417,0.5708335652935896
231.45291472892447,9.362117860442,0.5760971412093625,0.5706295105728264
231.8841117744605,9.360556609618419,0.575934077708439,0.5700283960397695
232.35138590117717,9.35886472618509,0.5758484538337769,0.5696566007047186
232.74614008400565,9.357435414228716,0.5758747372930548,0.5698637275451187
233.14089426683412,9.356006097204716,0.5759041932368771,0.5704015992468557
233.4978856265743,9.354713505948673,0.5758944771051646,0.5708549256807901
233.96218624471464,9.353032362373753,0.5758936960856305,0.5709226727785824
234.41014492237056,9.351410381342077,0.5759919684590834,0.5703893984534711
234.85082530150564,9.349814746234276,0.5761310287241621,0.5698725674705057
235.2915056806407,9.348219104284539,0.5761158795487257,0.569909295769589
235.73039726594482,9.34662993245861,0.5758362593148165,0.5704482620967893
236.11287662645674,9.345245016037817,0.5755355665708883,0.5709568107164796
236.49535598696866,9.343860093160213,0.5754419569158333,0.571132316127928
236.9821160555965,9.342097569824189,0.5757518267446817,0.5706748940993087
237.34445652778933,9.340785554367788,0.5760992585454086,0.5701534756719924
237.70446867917627,9.339481964464031,0.5762611989556329,0.5699339187344984
238.09137285114318,9.33808099401573,0.5760199270748524,0.5702157123131341
238.47827702311008,9.336680017524355,0.5754333632722575,0.5707904950572279
238.88822388732612,9.335195596401542,0.5749468846876653,0.5712314180131118
239.3194978555576,9.333633941055831,0.5751099914926558,0.5711159944519185
239.73382351743268,9.332133647869274,0.5757475931032913,0.5705189560151803
240.1526192653849,9.330617160683957,0.5761995364332743,0.5700384910906217
240.56822873204925,9.329112203929173,0.5759630380609069,0.570230633206995
240.9657644838918,9.327672686643707,0.5751734876280786,0.5708697642741353
241.36974958119583,9.326209808171786,0.5744903465741185,0.5713447803680536
241.77036441040198,9.324759126002256,0.5746507725637975,0.5712230242526241
242.19628136826685,9.323216812812495,0.5755530371221181,0.5705783589043253
242.62756571959628,9.321655055018088,0.5761112297032539,0.5700853893916953
243.0409449013192,9.320158127268925,0.5756585654401958,0.5703571946414836
243.44211908393598,9.31870538872659,0.5746720921573697,0.5710831948111879
243.8861962485005,9.317097280182145,0.5740719133987756,0.5714731643471173
244.31614921440712,9.315540309428794,0.5747089786519097,0.5710028470598411
244.6692659347605,9.314261575851608,0.5756414212573538,0.5703846695011066
245.01428607194168,9.313012156616434,0.5760006236019706,0.5701138853728701
245.423508500661,9.311530234865591,0.5752547497572515,0.5705277679273058
245.83273092938032,9.31004830507953,0.5741078686938896,0.5712976976807634
246.2034792375523,9.308705695666525,0.5738219358510736,0.5715311878719058
246.76364289778672,9.30667713404385,0.5750433454340642,0.5706440195843813
247.31203916496924,9.30469117170919,0.5758024962521072,0.5701378534154413
247.96912868192246,9.302311568460706,0.5740017522318435,0.5712359114714137
248.36708201322188,9.300870398176519,0.5735341700804575,0.5715646731933091
248.7650353445213,9.299429219958991,0.5744304229382001,0.5710233854460379
249.06697189709803,9.29833575891927,0.5752914961467223,0.5703862219007854
249.36890844967476,9.297242293367674,0.5756287123880967,0.5700903471426583
249.7227425066199,9.295960874820931,0.5750727564518487,0.5704800276339215
250.07657656356506,9.29467945003009,0.5739348928464403,0.5712480418831135
250.41137570548727,9.293466955220364,0.573319166316488,0.5716026659568271
250.78631977971511,9.292109066479506,0.5739512520120738,0.5711881115286959
251.08434731783606,9.29102973183058,0.5749718357812749,0.5705368450901039
251.382374855957,9.289950392723023,0.5755326883445409,0.5701143061647919
251.7395249371639,9.288656928982684,0.5750408953187701,0.5703536162919114
252.0966750183708,9.28736345873764,0.5738888852956721,0.5711544447073671
252.59522886874254,9.285557863697568,0.5733102534172014,0.5715851305856025
252.9509517866211,9.284269546828238,0.5741726447636841,0.5709268402157321
253.30667470449964,9.282981223513282,0.5752299102161181,0.5701951145024269
253.64054604344577,9.281772034230775,0.5752834776920303,0.570169163088262
254.01536697111126,9.280414530064876,0.5740942695391805,0.5709146186766123
254.3970579635329,9.279032136917676,0.5731073660561656,0.5716023997516717
254.7786901587954,9.277649949365296,0.573589199768175,0.5713427818365264
255.06754607844974,9.276603772117712,0.5744859859787601,0.5706496421716705
255.35640199810408,9.275557590568011,0.5751231503377181,0.5701087979814401
255.68770632458026,9.274357663500098,0.5749983561787371,0.5702235531834026
256.0190106510564,9.273157730679848,0.5739910617939664,0.5709741404778539
256.41229488756926,9.271733308958245,0.5729677378233069,0.5716259913379015
256.77923322659063,9.27040430141496,0.573522252082042,0.5712667222412651
257.06720886273206,9.26936128269663,0.5745361335674339,0.5705617716172173
257.3551844988735,9.268318259662946,0.5750932433288709,0.5700686382803538
257.6892714046525,9.267108220035537,0.5747052849423263,0.5702781085206019
258.02335831043155,9.265898174477687,0.5736921588838967,0.5710965596784113
258.492213063209,9.2641999970763,0.5729728429988021,0.5716117946343123
258.94799696538473,9.262549151211527,0.5741654095983605,0.5706773940228175
259.3765707357253,9.260996850301117,0.5750561828401101,0.5700265694606858
259.7296856506651,9.259717855134848,0.5742905017391043,0.5705121903862249
260.0828005656049,9.258438853349828,0.5731647783106479,0.571383513796393
260.4080845689969,9.257260651012606,0.5729698006065397,0.5716128011697863
260.9146814147655,9.255425709669563,0.5742162183939199,0.5705236634548554
261.39126711615427,9.253699459061144,0.5748600511432473,0.5700611567185
261.8632667995593,9.251989807441573,0.5734498682761714,0.571097604359534
262.37842194519595,9.2501238272188,0.5729775228350067,0.5715225515250699
262.6947416763615,9.248978056245829,0.5738776985563893,0.5708224943211794
263.01106140752705,9.24783228000977,0.5746141618579333,0.5700935364490914
263.3099206546222,9.246749744261166,0.5746461505309538,0.5700695743207344
263.64601374957317,9.245532333245293,0.5738226835492639,0.5708199915379831
263.98105968256357,9.244318709373369,0.5728334312988189,0.5715301183846627
264.31545730688475,9.243107428121377,0.5729764942311136,0.5714134743443461
264.63922901323053,9.241934631419424,0.574035398563169,0.5706256623283158
264.9630007195763,9.240761829120773,0.5746540916367414,0.5699996301163002
265.30314311688204,9.239529720808656,0.574283373665699,0.5702529650621498
265.62814574298756,9.238352447826792,0.5733980868157196,0.5710957434557242
265.98866882469986,9.237046500905405,0.5727351197076844,0.5715845738542369
266.3969713916287,9.235567471126304,0.5735351304840549,0.5708915769054761
266.69734107601056,9.234479410359853,0.5744677429569772,0.5701557623845626
266.9977107603924,9.233391344620307,0.5745498851203028,0.5699921786402674
267.37519788520973,9.232023919839328,0.5735927241422628,0.5707725783779576
267.74401302825953,9.230687901421847,0.5728193911601779,0.5715327381890595
268.0866124961225,9.229446842021709,0.5730147051873777,0.5712776291943795
268.3533322287223,9.228480651156225,0.5737740652654753,0.5705899677450444
268.62005196132213,9.227514456429185,0.5744818404524242,0.5700309077486302
268.9487357488625,9.226323790856092,0.5743511959521802,0.5701062871546397
269.2774195364028,9.225133119260711,0.5733532934771688,0.5708965968378146
269.6612586678633,9.223742637698193,0.5727445912190855,0.5715399853656343
270.0346129895267,9.222390130767034,0.5732701518463721,0.5710143092550358
270.3012853603744,9.221424083533151,0.573987036023606,0.5703075373088838
270.56274496080744,9.220476916248842,0.5744704560336531,0.5699365743215351
270.89327651839153,9.219279522368572,0.5740688636350443,0.5702983584684413
271.1755175266517,9.218257062531213,0.5731393272087629,0.5710244482447633
271.4577585349118,9.217234598457601,0.5726747280879255,0.5714924855517267
271.7971426934452,9.216005118570886,0.573112421403496,0.5711750869499493
272.04725732086797,9.215099029693171,0.5737094623818905,0.5705199864136767
272.29737194829073,9.214192937378472,0.5742271989127012,0.5700010712207393
272.6041574766562,9.213081538065365,0.5742967466769501,0.5700497807765578
272.9109430050217,9.211970133439541,0.573458292639308,0.570750165447568
273.26034607008773,9.210704330305521,0.5726192726709265,0.571438594612605
273.60859052695616,9.209442718217387,0.5730548489905093,0.5711915477467857
273.87690788831054,9.208470659859316,0.5736927702264536,0.5705067334437809
274.1452252496649,9.20749859753306,0.5741582017224717,0.5699691265691404
274.44785357517645,9.206402228217616,0.5741990806295716,0.5700599380126529
274.750481900688,9.205305853709365,0.5734161867912799,0.5707595140278094
275.09557186131684,9.204055641370566,0.5725716621872736,0.5714109108588454
275.43755293938847,9.202816685946718,0.5730354509233596,0.5711571162908717
275.7132926094519,9.201817710521357,0.5736945599635057,0.5704630289813749
275.98903227951536,9.20081873088071,0.5740996693234186,0.5699420336582647
276.2876466956383,9.199736873181804,0.5741107122171912,0.5700733321430562
276.5862611117612,9.198655010408016,0.5733623785474998,0.5707673317333575
276.9285926297534,9.197414757150447,0.5725362816679954,0.5713821394445817
277.2680654682733,9.196184854713819,0.5730336387310493,0.5711107542569536
277.5443252551577,9.195183967236261,0.5736775184476329,0.570424386406742
277.82058504204207,9.194183075502075,0.5740372926487136,0.5699269124470977
278.11535943048307,9.193115100319735,0.5740509252721772,0.5700740668921079
278.41013381892407,9.192047120172063,0.5733260112495058,0.5707505496169659
278.7489881639901,9.190819430622133,0.572513355559183,0.5713449652154614
279.0859614475545,9.189598550284265,0.5730178926671375,0.5710841136301775
279.362672331297,9.188596000783424,0.5736246940896674,0.5704113533112471
279.6393832150395,9.187593446992935,0.5739710776756309,0.5699223753162004
279.93064116891543,9.186538182761108,0.5740230947350308,0.5700596272610379
280.22189912279134,9.185482913658907,0.5733073366850726,0.5707079072425459
280.55867904777597,9.184262706172836,0.5725016857998595,0.5713004764380187
280.894584655638,9.183045660511084,0.5729967871621882,0.5710709492430387
281.1693859542444,9.182050002142851,0.5735361737881425,0.5704221885113188
281.4441872528507,9.181054339531444,0.5739013017083899,0.5699300286278989
281.732719296519,9.180008922808524,0.5740257022058618,0.5700295570879536
282.0212513401873,9.17896350127937,0.5733053356076888,0.5706384584543605
282.3748146222014,9.177682449550922,0.5725052605722617,0.571259731342194
282.7136655397879,9.176454698322516,0.5730052051823832,0.5710340556831406
282.9725972905568,9.175516512355399,0.5734213696167676,0.570438084661916
283.2315290413257,9.174578322609648,0.573822793507542,0.569957468386318
283.52016945844275,9.173532484556242,0.5740509402112369,0.5699864167939892
283.8088098755598,9.172486641661886,0.5733150937320816,0.5705443846441529
284.14035882666883,9.171285320746028,0.5725443251007287,0.5711743254010951
284.48994654451826,9.170018632543549,0.572925950515431,0.5710690818296752
284.7527040378141,9.169066558713075,0.5732544340384192,0.5705064429807384
285.01546153110996,9.168114480997366,0.5737597276619841,0.5699961959085242
285.31743671953336,9.16702029655754,0.5740604451799834,0.5699631045143092
285.61941190795676,9.165926106792929,0.573212666420801,0.5705059445928689
285.9223504863403,9.164828421079388,0.5726232193135018,0.571093801586133
286.2628590474601,9.163594596170347,0.5728365190616768,0.5710930788010977
286.5305757961047,9.162624526366708,0.5730760770834784,0.570576281142273
286.7982925447493,9.161654452537604,0.5737319187764635,0.5700443574285609
287.1044326179031,9.160545146336233,0.5740373159279093,0.5699359159947293
287.39615683067274,9.159488071238961,0.5732206084682697,0.5703952419797745
287.68788104344236,9.158430991286979,0.5727570628053319,0.5709823482835532
287.9864491777367,9.1573491072062,0.5727279366833885,0.5711372219008092
288.26420562073713,9.156342631585304,0.5728401667737286,0.5707345866438436
288.54196206373757,9.155336151677597,0.5736225211193725,0.5701642440753629
288.82213477609366,9.154320911622971,0.5740253748006366,0.5699003507995772
289.109282929538,9.153280390382616,0.573404191316847,0.5701742064003531
289.3964310829823,9.152239864338181,0.5729736095625323,0.5707552545018848
289.6852754803367,9.151193187090428,0.5726908843915527,0.5711058882750015
290.0051736009833,9.150033976130524,0.5726592842353304,0.5708505872397474
290.2587319838388,9.14911515568485,0.5734317464071722,0.570353633642096
290.5122903666943,9.148196331556031,0.5739045012499101,0.5699643059364403
290.81333447128753,9.147105427606864,0.573551492228234,0.5700019737885392
291.1143785758808,9.14601451828523,0.5732380751604976,0.5705266187145485
291.3967937147512,9.144991111067444,0.5727030240416464,0.5709854409879417
291.7148474309537,9.143838552704064,0.5725084386523731,0.5709673863824095
291.98726697830176,9.142851358387167,0.5732792061374965,0.570524402963602
292.25968652564984,9.141864159877178,0.5736618581434254,0.5700468700392028
292.5382096302038,9.140854838658022,0.5736283344223503,0.5699298817912787
292.81678188702,9.139845334671225,0.5735229616867218,0.5702814813117129
293.0953541438362,9.138835826198651,0.5727899242241812,0.5707822546752301
293.37519262282393,9.137821724781785,0.572426644979132,0.5710104269603746
293.64937968653544,9.136828099299798,0.572968795583306,0.5707844069044931
293.92356675024695,9.135834469666717,0.573305728835646,0.5702926437922061
294.1891977542141,9.134871842275246,0.573597907318798,0.5699532883099448
294.4668161203089,9.133865769031082,0.5738042779215335,0.5700265936659218
294.74443448640375,9.132859691212229,0.57307746823916,0.5704515046996598
295.0292860304556,9.131827396061377,0.5725491510644936,0.5708778635934757
295.34830923555114,9.130671258342142,0.5727957852637898,0.5708962206334045
295.61491479581014,9.12970507751644,0.5729212336936121,0.5705157069002854
295.88152035606913,9.128738892634527,0.5735092505060045,0.5700901898039891
296.17522207690126,9.127674505731592,0.5738568020558652,0.5699536687003492
296.45287593779386,9.126668272159261,0.5731860496114516,0.5702384452800773
296.73052979868646,9.125662034060676,0.5728450591541587,0.5706863713930578
297.0088178889197,9.124653493140103,0.572676194282374,0.570912402003211
297.3055121887872,9.12357824181403,0.57261453494033,0.570701496238243
297.55592589410657,9.122670712392246,0.5733265958031196,0.5703131150987175
297.80633959942594,9.121763179320089,0.5737429597119913,0.5700074994605615
298.1012904673624,9.120694232724013,0.573413060102348,0.5700228583488424
298.39624133529884,9.1196252808911,0.5732296397405529,0.5704119993845638
298.66291052598814,9.1186588223197,0.5726980455876763,0.5707684772827499
298.95845170860485,9.117587721692278,0.5724381875235527,0.5708296868933035
299.22732206158094,9.116613277317246,0.5731001139125188,0.5705436474468307
299.496192414557,9.115638828833639,0.5733850246725445,0.5701553990449054
299.7558053620446,9.114697927252706,0.5735078715996879,0.5699752391351345
300.0266442155611,9.113716335842232,0.573607551690936,0.5701303399697302
300.29748306907754,9.112734740064166,0.5728934561859592,0.5704935276466101
300.56437756527913,9.111767435624321,0.5724868380720631,0.5707730442859633
300.86522846854916,9.11067705840097,0.5728206971720008,0.5707341721920103
301.11973774383387,9.109754633723249,0.572913009379429,0.5704328531032427
301.37424701911857,9.108832205294206,0.5733885258813181,0.5701142764299257
301.67282960868386,9.107750035173247,0.5737515898757198,0.5700102180832406
301.94259670928886,9.106772298042667,0.573114488263337,0.5702286559318294
302.2123638098939,9.105794556589364,0.5728334309071257,0.5705685450412663
302.485199666274,9.104805688559566,0.572678164212821,0.5707553311870693
302.77373127208904,9.103759928265234,0.5725481135144265,0.5706222603092843
303.02054623287466,9.102865362959317,0.5732140847898964,0.5703345465252195
303.2673611936603,9.101970794083531,0.5735986201248464,0.5700833545087703
303.5837390628814,9.100824092413763,0.5733365680344885,0.5700634279378556
303.8403610274764,9.099893969665791,0.5732891255136516,0.5703029355994202
304.09698299207133,9.09896384304454,0.5727504895069544,0.5705830767609621
304.37628426990005,9.097951510982888,0.5724029074374155,0.5707030988795287
304.63895230918445,9.096999462386114,0.572933275643089,0.57056082385322
304.90162034846884,9.096047409867374,0.5731417578764721,0.5702779996366171
305.15895010729264,9.09511470222455,0.5733750357985792,0.5700735987046501
305.43014659573316,9.094131729378814,0.5736475213584167,0.5700932729421121
305.7013430841737,9.093148752063954,0.5729844052777578,0.5703216322835023
305.9649656076742,9.092193223138157,0.5726213355163671,0.5705687659134308
306.274844136336,9.091070029172375,0.5727154209689684,0.5706426274466182
306.54209957211424,9.090101323678827,0.5726715831668617,0.5704676707598428
306.80935500789246,9.089132614048104,0.5733418865081928,0.5702177772634571
307.06303595542266,9.088213103331997,0.5736067758480419,0.5700840130468927
307.3504811662832,9.08717120340041,0.5731671371640322,0.5701621676317502
307.59125203101917,9.086298479655802,0.5730971294044328,0.5703627959333188
307.83202289575513,9.085425752511632,0.5727353179178254,0.570546963530796
308.12944524569826,9.084347675009397,0.572412455200719,0.5705877828597156
308.3881125121901,9.083410070380122,0.5730133399548342,0.5704393496804632
308.64677977868195,9.08247246187196,0.5732209498131294,0.5702303192840894
308.90313462754807,9.081543231355614,0.5733259611323221,0.5701142842066295
309.1611958779273,9.080607811409228,0.5735326151055627,0.5701678493786403
309.4192571283065,9.079672387406465,0.5729224883183932,0.570341887744272
309.6797251212529,9.078728235417266,0.5725428987845547,0.5705090876463176
310.02061337881196,9.077492567847887,0.5727438997026968,0.5705262082659133
310.2821051019863,9.076544696041069,0.5727353118394821,0.5703791723231425
310.54359682516065,9.075596820203584,0.573378421375877,0.570213295343666
310.79294808674126,9.074692948194171,0.57353282213216,0.5701466609385945
311.0862749195995,9.0736296644646,0.5730531230880813,0.5702315974673333
311.30580080724354,9.072833899175823,0.5730269689232841,0.570362334378032
311.5253266948876,9.072038131051958,0.5727343491443567,0.5704712285898317
311.8184431088187,9.070975597398963,0.5724095552541939,0.570492223551597
312.07171219474475,9.070057504534509,0.5729933205625358,0.5703942712588341
312.3249812806708,9.06913940791558,0.5731866843040101,0.5702610221259432
312.58209709138094,9.068207362992005,0.5732548094577204,0.5701854870101217
312.8340826949183,9.067293911090644,0.5734839742752061,0.5702165987091711
313.0860682984557,9.06638045529357,0.5729245134185672,0.5703210627461582
313.3456313911774,9.065439526894943,0.5725463178014712,0.5704258049073128
313.64599400685137,9.064350693446995,0.5727480432833212,0.5704501170686154
313.9023119439357,9.063421520653085,0.5726475506778106,0.5703785194722686
314.15862988102,9.062492343986776,0.5731912922070206,0.5702809886681506
314.4160031364925,9.06155933766859,0.5734981516146351,0.5702254895049252
314.68345600138724,9.060589787305217,0.5730791603698407,0.5702478882111156
314.95090886628196,9.059620232526484,0.5730599171385383,0.5703267659756415
315.19528689390967,9.058734323590167,0.5726909455017929,0.5703917926834774
315.4765815106243,9.057714581902113,0.5724205052088185,0.5704064920032059
315.73259144511223,9.056786497590789,0.572975597456273,0.5703630931828055
315.98860137960014,9.055858409418953,0.573054906685559,0.5703017594729249
316.22902347331234,9.054986826704074,0.5732149207119025,0.5702674869569405
316.5004442616567,9.054002862606518,0.5734491451768999,0.5702766875511338
316.743840604816,9.05312048983011,0.5728539016002345,0.5703144752229731
316.9872369479753,9.052238113475497,0.5726295981057166,0.5703516024294267
317.2716693292448,9.051206966194567,0.5727143388124727,0.5703653077241123
317.53176920182483,9.050264026997425,0.5725530355778197,0.5703486996059075
317.7918690744049,9.049321083800333,0.5731589226267088,0.5703242454356691
318.03218443880894,9.048449861959089,0.5733754013432462,0.5703106389090784
318.334713294848,9.047353090733917,0.5730792761123157,0.5703117874234948
318.5762914212204,9.046477282788636,0.5731467880024652,0.5703190674994685
318.8178695475928,9.04560147131387,0.5726539837283808,0.5703230191221401
319.0706207294142,9.044685149634665,0.5724331945595141,0.5703229607170773
319.33480373040834,9.043727379170415,0.5728907018712742,0.5703264757093086
319.5639090320703,9.04289677625788,0.5728707242105273,0.5703369524471014
319.79301433373223,9.042066170156106,0.5731000515734569,0.570349794940258
320.10106519081194,9.040949347014118,0.5734145694808911,0.5703527612437082
320.380430720802,9.03993651598435,0.5728020713748196,0.570330562161826
320.63697877273216,9.039006404803963,0.5728136806859166,0.5702990057674808
320.8725971598806,9.038152170378481,0.5726364395829251,0.5702824592581572
321.1779191111216,9.037045220861536,0.572565403208688,0.5703041982428474
321.4177628734767,9.036175659662913,0.573159344157197,0.5703497295495803
321.6576066358318,9.035306094958278,0.5731315231776675,0.5703920113968335
321.90343872620446,9.03441481555868,0.5731337532077289,0.5703998741254046
322.1802760638472,9.033411120181471,0.5731966057376109,0.570352959468701
322.39174709911,9.032644412259591,0.5726498552201876,0.5702968287480247
322.60321813437275,9.031877701649986,0.5724957408213172,0.5702529093856576
322.9010566656025,9.030797852074974,0.5727774438715396,0.570258485135457
323.1423674433489,9.029922946860973,0.5726542710635354,0.5703254633537272
323.38367822109535,9.029048038117192,0.5731327251681642,0.5704076736050562
323.631951597381,9.028147881642772,0.5733453641921447,0.5704512112885939
323.89938637631593,9.027178247973403,0.5729144554503643,0.5704131587118325
324.1291559883673,9.026345172680157,0.5729849051699634,0.5703252326228971
324.3589256004187,9.025512094175237,0.5727138566354146,0.5702389599865484
324.63457649024866,9.02451265921449,0.5724080561823027,0.5702116005487206
324.8930854265888,9.023575372210786,0.5729301858379099,0.5702875753482374
325.11998389751125,9.022752693326296,0.572929920739158,0.5703992436645728
325.3468823684337,9.021930011260352,0.5730197830458689,0.5704860109127412
325.60164438094847,9.021006298486052,0.5733585393505217,0.5704887610825474
325.85640639346326,9.020082581630348,0.5728332854192739,0.5703868502648075
326.108134691425,9.019169860483217,0.5726704113621448,0.570249277159562
326.38366896908883,9.018170818799147,0.5727008281398258,0.5701734929555627
326.66130357985895,9.01716415709453,0.5724925143817404,0.5702473002473956
326.8864359546773,9.01634785726224,0.5730283767103372,0.5703843930620336
327.1115683294957,9.015531554311732,0.5731718958860997,0.570511365796246
327.3772096250333,9.014568366781358,0.5729809211734568,0.5705482779910073
327.6224545131381,9.013679130522355,0.573175504020636,0.5704449777138468
327.86769940124293,9.012789890520803,0.5726928184877483,0.5702765880715832
328.1072661928426,9.011921235346419,0.5724685819411016,0.5701568893815363
328.39227618766523,9.010887801299917,0.5727957247777143,0.5701831484888805
328.63380468694595,9.010012025483631,0.572640413453346,0.5703424841272001
328.87533318622667,9.009136246084005,0.5730701049723051,0.5705231351263201
329.1248014454871,9.008231673367854,0.5732552089302764,0.5706062054165334
329.39037880109004,9.007268684682764,0.5728253488540644,0.570512490161666
329.6163609710128,9.006449265421091,0.5729399692688228,0.5703309547299978
329.84234314093555,9.005629843023064,0.5726790788899009,0.5701657631664728
330.10627843271243,9.00467279685048,0.5724113499649749,0.570122661876279
330.3763970559455,9.003693325183045,0.5729314492379262,0.5702822600728427
330.58263348661416,9.002945492446667,0.5728637006570667,0.570473274495816
330.7888699172828,9.002197657056085,0.5729150156628448,0.5706224584298096
331.04023278018695,9.001286184739806,0.5732830237584293,0.5706426882847578
331.2915956430911,9.00037470841896,0.5728042706892889,0.5704749790920866
331.5506810893025,8.99943522481406,0.5726721959415585,0.5702260594906174
331.8260594360222,8.998436656156372,0.5726858410545658,0.5700872138591645
332.11808444156264,8.997377718888352,0.5724996574356589,0.570216427125191
332.34841258578166,8.996542502302654,0.573042315957193,0.5704522960832056
332.5787407300007,8.995707282416038,0.5730111184660723,0.5706587483446647
332.8233616795645,8.994820230027816,0.5729356800473947,0.5707035766276668
333.12031535871915,8.993743401887297,0.5730594536869894,0.5704808658878471
333.3240798224923,8.99300449789948,0.572561767321651,0.5702557727080084
333.52784428626546,8.992265591355531,0.5725125353274108,0.5700933528526988
333.8181487103633,8.99121286252279,0.5727448763294773,0.5701198734108938
334.06487137413137,8.990318169882602,0.5725760151858956,0.570366715507182
334.31159403789945,8.989423473462193,0.5730997323329428,0.5706471696820551
334.5416149448132,8.988589339565193,0.5730974816897139,0.5707670416453055
334.84145636229846,8.98750200772559,0.5728261768619248,0.5706021835871712
335.08373031926857,8.98662343185934,0.5729286728808729,0.5703065487273068
335.3260042762387,8.985744852361073,0.5724313022139408,0.5700775754295837
335.5743715600193,8.984844172368003,0.5726057842031536,0.5700762396903318
335.85454846560873,8.983828133325765,0.5728250442268933,0.5703637544420205
336.0970171265949,8.982948836269008,0.5727504368477084,0.5706749965211501
336.33948578758105,8.982069535482,0.5731979990340788,0.5708206841926924
336.607233607277,8.981098556694665,0.5728349845418971,0.5706751530365711
336.88238414917305,8.980100727435767,0.5727168942211041,0.5703120276380068
337.1775010577468,8.979030485220424,0.5726362337027077,0.5700349495199567
337.497367021677,8.977870484464237,0.5725555513685682,0.5701741164173627
337.75327359476813,8.976942429258063,0.5729990769423727,0.5705302103000509
338.00918016785926,8.976014369935495,0.5727777188894706,0.5708278974696337
338.2583001248899,8.975110918627312,0.5730810243484447,0.5708419992571979
338.4946205964183,8.974253881898777,0.5729046951224244,0.5705891230060611
338.80922350268713,8.973112941649353,0.5725394368055058,0.570141437869711
339.09508525803824,8.972076228860807,0.5727112602442938,0.5700156851140165
339.3533252403921,8.971139685504014,0.5724733553700564,0.5702610697169344
339.5657437484333,8.970369317008707,0.5729246218510073,0.5705949573536239
339.7781622564745,8.969598945662256,0.5730416590540969,0.5708626571441051
340.0473342427425,8.968622744159518,0.5727704707872591,0.570891998919045
340.3152382448388,8.967651136618825,0.5729983772336336,0.570563808051796
340.5346246585046,8.966855484452706,0.5725601719373723,0.5702149630514038
340.7540110721704,8.966059829283752,0.5724583151971667,0.5700059091522276
341.0652670730638,8.964930982866955,0.5727496148347615,0.5701635718486336
341.30006179225956,8.964079438103301,0.5725709436397144,0.5705441491137272
341.5348565114553,8.963227889851147,0.5730357937599331,0.570887743796159
341.7698502083696,8.962375616417189,0.5729642105871142,0.5709722700328561
342.06686493022505,8.961298400503052,0.572721287378954,0.57063905285479
342.3507961237037,8.960268630815106,0.5727632757715226,0.5701628271195618
342.61306005773355,8.959317440081373,0.5723592776312719,0.5699822533614707
342.8773410731391,8.95835892937757,0.5728195407497971,0.5702159397430598
343.1199215303821,8.95747911975126,0.5727028220371471,0.5706494471493121
343.34773953118304,8.956652848340662,0.5727950705705249,0.5709729248724431
343.6225564773142,8.955656112362426,0.573055818914596,0.5709742112836174
343.8973734234454,8.9546593715315,0.5725479712828617,0.5705642185583207
344.1148026174726,8.953870768446608,0.5727446612215383,0.5701763131783829
344.3322318114998,8.953082162396285,0.5726175808632377,0.5699758488857626
344.61057881285177,8.952072605852313,0.572473364017689,0.5701635046573972
344.8433249980738,8.951228438417765,0.5729373137614923,0.5705896011589319
345.0760711832958,8.950384267542146,0.5727310194235259,0.5709790355076682
345.3042057477062,8.949556819640799,0.5728381531287234,0.5710785614938685
345.57610060939305,8.94857064801924,0.5729117260787807,0.5707573760294136
345.8109265760305,8.947718922694762,0.5724443002902079,0.5703011770424684
346.0430790741572,8.946876890741303,0.5726922740476653,0.569993402095712
346.27989325209944,8.946017947095514,0.57258190142985,0.5700416504399705
346.5564607460512,8.94501481058277,0.5725998071235429,0.5705112659029857
346.8063183449523,8.944108549207623,0.5730052550199501,0.5709809637711448
347.05362100353636,8.94321155093192,0.5726685098035664,0.571133628344183
347.3089787059601,8.942285331833093,0.5728984889137337,0.5708438771339581
347.551441568985,8.941405880295727,0.5726638654946404,0.5703500800716611
347.8097561941895,8.94046892777753,0.5724238137054444,0.5699854877131818
348.06570160806103,8.93954056465467,0.5727634804014416,0.5700723863149878
348.2883784259934,8.938732869750313,0.5725076058580876,0.5704770875818171
348.5110552439258,8.937925171683386,0.5727732196546509,0.570939785881011
348.75654109590045,8.937034736504389,0.5729719084680722,0.5711873856919628
349.0010924730094,8.936147687008642,0.5725857104877302,0.5709925110592126
349.22018027437457,8.935352997040594,0.5728101485117664,0.5705488803343381
349.43926807573973,8.934558304004067,0.5726241885817418,0.5701188440181711
349.6955024724343,8.93362886596271,0.5723929074432876,0.5699671353241025
349.9363293985585,8.93275531158908,0.572807234885151,0.5702731832321246
350.1481496363524,8.93198697047232,0.5726043870907258,0.5707435435546724
350.3599698741463,8.931218626471635,0.5726946864968381,0.571133237034639
350.64685766718605,8.930177982298831,0.5729387654328713,0.5711733943405285
350.9230925563285,8.929175974964341,0.5724998357862143,0.570677412521706
351.13220466642645,8.92841744380572,0.5727488810596828,0.5702186309070228
351.34131677652437,8.927658909859236,0.5725632556278556,0.5699659343052346
351.59828839400825,8.926726766373822,0.5724370438027113,0.570129720784769
351.8318643285477,8.925879485157234,0.5728627399779321,0.5706262751024117
352.0654402630871,8.925032200437203,0.572608527585421,0.5711209016135319
352.2827341162496,8.924243974957058,0.5727618222236875,0.5712847250426281
352.54536774942153,8.92329127699366,0.572843925404848,0.5709743602140722
352.785552698945,8.922420007250748,0.5724170079875468,0.5704200217945924
353.0257376484685,8.921548733800682,0.5727129670092014,0.5700059257699934
353.2520808394254,8.920727668106007,0.5725046164431508,0.5700183881778251
353.5061991468567,8.919805843565497,0.5725385396775401,0.570489746982962
353.7583842867873,8.918891027561612,0.5728936160539938,0.5710789658135088
354.0103341979692,8.917977060748422,0.5725634688233396,0.5713332336908542
354.2559250904661,8.917086157764148,0.5728664250726532,0.5710660302845628
354.48951676117446,8.916238779402818,0.5726033598032189,0.5705171719331766
354.73459236551776,8.915349738081561,0.5724230069753583,0.5700401509849479
354.9949960581766,8.914405088045893,0.5727155854793994,0.5700308559700259
355.2211705909583,8.913584605443154,0.5724128687171643,0.570460626115823
355.44734512374004,8.912764119538837,0.5727505839521265,0.5710219504525429
355.6746545659988,8.91193951321636,0.5728413645474528,0.5713604245930181
355.93739439113284,8.910986372545384,0.5725397233526145,0.5712001369395132
356.1548295551515,8.910197580090903,0.5728192255365292,0.5707082781740996
356.3722647191701,8.9094087845752,0.572499807055517,0.5701943885574354
356.60102030064223,8.908578918377502,0.5724106031184217,0.5699637595078599
356.86273526949424,8.907629479895391,0.5727339111828109,0.5702704699116102
357.0654576448252,8.906894049208255,0.572457195792555,0.5707798792379951
357.26818002015614,8.906158615852773,0.5726821642226783,0.5712440432477291
357.51011419398395,8.905280926985611,0.5728559374279583,0.5714133122540206
357.75069620945953,8.904408139691373,0.5724628361304801,0.5710650774557017
357.9557190943472,8.903664351403718,0.5727108349665474,0.5705398870299184
358.1607419792349,8.902920560389443,0.5726088625256247,0.5700981133889566
358.42289619476844,8.901969501865835,0.5723613931097804,0.5700165340390446
358.6553343406113,8.90112624533078,0.5727715127470804,0.5704461768819359
358.8877724864542,8.900282985291124,0.572511573297562,0.5710606349205387
359.0984421750824,8.899518695777909,0.5726411642520733,0.5714266071663999
359.36302072476155,8.898558825954781,0.5728072821188546,0.5713203554629034
359.60503439312765,8.897680815712413,0.5724022158401101,0.5707592749863917
359.8139402113067,8.896922915579534,0.5726774486138501,0.5702332462913949
360.0228460294858,8.896165012610712,0.5725517970932725,0.5699804488437551
360.2843734505232,8.895216196319357,0.572404262931686,0.5702477926099822
360.5128594016526,8.894387250181603,0.5728027506178958,0.5708418042986683
360.74134535278193,8.893558300639544,0.5725086659899548,0.5713721499940349
360.9587034260176,8.892769719989273,0.5726626802211751,0.5714952247917441
361.21412299119487,8.891843047318547,0.5727324454005058,0.5710772042164461
361.4570974854085,8.890961521917122,0.572354227951605,0.570422024555836
361.6984446399309,8.890085896779823,0.5726943511770304,0.5700086571821685
361.9246367114625,8.889265251944789,0.5724223109085981,0.5701190113815017
362.1658365842482,8.88839015379928,0.5725246407342302,0.5706905406423662
362.4516061767204,8.887353347165442,0.5727219192706411,0.5714015882489129
362.73182323712723,8.886336680593105,0.5725228833102138,0.5714876031422463
362.97612967780645,8.885450298553225,0.5727854735387939,0.5709816393214161
363.17310039379794,8.884735655090939,0.5723949648998744,0.5704349851543915
363.3700711097894,8.884021009085965,0.5724260018262904,0.5700573859717835
363.6313125085786,8.883073173295212,0.5726465107740855,0.5701230004530027
363.8614605011571,8.882238146866392,0.5723461685874718,0.5706675048097679
364.09160849373563,8.881403116962048,0.5727574900821879,0.5712960259213283
364.2994865473015,8.880648884536331,0.5726692656158957,0.5715823143574612
364.5540381157645,8.879725305316217,0.5724816058681257,0.5713426038271457
364.7856285061469,8.878885031515516,0.5727485709935705,0.5707254383897722
365.0172188965293,8.87804475419156,0.5723263963913219,0.5701591448564975
365.2313298948458,8.87726789404896,0.5724980757921801,0.5700225656426265
365.48240405414776,8.876356916418795,0.5726081804698674,0.570445215647106
365.7316537043609,8.87545255459172,0.5724027873172123,0.5711595241345891
365.95499585550084,8.874642190439788,0.5728092452326922,0.5715863685674818
366.1783380066408,8.873831823008187,0.5725103494660443,0.5715258139140449
366.41545864418316,8.872971458568973,0.572515474458128,0.5709766065582508
366.6930147604613,8.871964374028433,0.572578881801897,0.5702316317835748
366.9910940199538,8.870882817657751,0.5723855159051603,0.570079852904306
367.27177226590396,8.869864394083987,0.5726528066242748,0.5707044501949502
367.49977929423807,8.869037080924354,0.5723709337890794,0.5713516704719608
367.7237323575129,8.868224474056207,0.5727532475691776,0.5716602150618079
367.94871182226916,8.867408139595467,0.5725579564731252,0.5714444009137287
368.1976062486676,8.866505026181743,0.572432405560194,0.5707705737880701
368.4571391921534,8.865563306546472,0.5726310415447348,0.5701434788334133
368.71504403644417,8.864627490074058,0.5722750585815052,0.5701216918374612
368.93347327056307,8.863834908739532,0.5726697120166137,0.5706079453005286
369.15190250468197,8.863042324246777,0.5725242182315137,0.5712555323777057
369.38137411668583,8.862209668382091,0.5724574295645913,0.5716744376213599
369.6275613799029,8.86131635459277,0.5727506779418657,0.5715212154129958
369.84531328713564,8.860526217849285,0.5723384328684011,0.5709571489508861
370.0630651943684,8.85973607796341,0.5725262996505124,0.5703430611305969
370.29176421832665,8.858906211708584,0.5725557411724127,0.5700578625706026
370.5571971086636,8.857943047136493,0.5723260126195833,0.570421010247869
370.76857809020083,8.85717601497863,0.5727151046564111,0.5710433880575486
370.97995907173805,8.85640897985991,0.5724610946403448,0.5715801705934076
371.2020081413114,8.855603230421861,0.5724876533870946,0.5717143344375839
371.4843354217484,8.85457874473839,0.5726185371739326,0.5711623518411149
371.7309811731179,8.85368373288441,0.5722939015871185,0.5704387852236779
371.9762701110326,8.852793640521176,0.5726532161615935,0.5700777409676014
372.20601514725934,8.851959949450787,0.5723155768479834,0.5703249882817323
372.43736351853903,8.851120436688875,0.5725179302248836,0.5709811688216317
372.68163039372797,8.850234041632506,0.5726237479024805,0.5716188433201266
372.94757034056244,8.849268994892403,0.5723920726157616,0.5717028681061092
373.1794905224998,8.84842739574507,0.5727055118435896,0.5711951646969969
373.3815634264521,8.84769410441109,0.5723436612329824,0.5705852944573775
373.5836363304044,8.846960810346719,0.572375471891615,0.5701597919616769
373.8486614603264,8.845999067379054,0.5725754070141229,0.5702396610554594
374.0846663393933,8.845142631296829,0.572278527336549,0.5708547322428401
374.2823840185942,8.844425132441579,0.5726471553292896,0.5714421078819026
374.4801016977951,8.843707630989343,0.5725796385328477,0.5717757481531389
374.734248669895,8.84278534839535,0.572375381880916,0.5715841092453828
374.9612840325469,8.841961448414589,0.5726760084843369,0.5709578534681077
375.18831939519885,8.841137544989612,0.5722766251918789,0.57033062322852
375.3970517203838,8.840380059590505,0.5724379009821986,0.5701183424492094
375.6467708863374,8.839473829912674,0.5725364231143664,0.570490412518927
375.90440844124095,8.838538860047068,0.572326705952394,0.5712690093819643
376.12923211773733,8.837722968531153,0.5727082289426927,0.5717631724009792
376.3538604457167,8.836907782588993,0.5723594904147543,0.5717417827049155
376.5843457325775,8.836071338003027,0.5724904496206642,0.5712035900792714
376.83401348331216,8.835165275125625,0.5725144448222672,0.5704639410100871
377.11931167267494,8.834129901583896,0.5723266933212715,0.5701500123844254
377.4046098620377,8.83309452253258,0.5725552886762754,0.5706947307690277
377.6380179745216,8.832247454300191,0.5722800774173644,0.5714110505033451
377.8688951674225,8.831409567522122,0.5726813884139527,0.5718342055076557
378.08674896095334,8.83061894129758,0.5724027845623401,0.5717077823304376
378.3221415495559,8.829764660429086,0.5724075954966534,0.571092755040638
378.60808129868127,8.828726930067933,0.5724798568643329,0.5703143485719513
378.90320456657787,8.827655865135903,0.5723577259489332,0.5702648037794124
379.2076083729761,8.826551112967513,0.5724780255645214,0.5710630752805214
379.4995103342438,8.825491727048158,0.5724347574311686,0.571797893491432
379.81228594825876,8.824356579068665,0.5724606945910291,0.5716716537508305
380.1281508950602,8.823210212423872,0.5724765790070347,0.5707673955963838
380.37817279357745,8.82230280475449,0.5724432255292082,0.5702312485698321
380.6281946920947,8.821395392822206,0.5722857342921682,0.5703435997889231
380.8616080701611,8.82054825484445,0.572617176781157,0.5709653151629732
381.0628015514757,8.819818051075742,0.5722952603577385,0.5715668648061253
381.26399503279026,8.819087844595789,0.5724392964336724,0.5718925962957343
381.5135121344555,8.818182249853372,0.5725555942916003,0.5716792929764742
381.75838537515847,8.817293505439784,0.5722448922717394,0.5709856292297733
381.97095574102786,8.816521997986056,0.5725861634271091,0.5704089915087941
382.1831252715824,8.81575194225525,0.5723226263676898,0.5702193784194032
382.4207215064684,8.814889598266785,0.5723579772393474,0.5705946288208225
382.7245517944129,8.813786855402187,0.5724492333708016,0.571509346083506
382.99987371705834,8.812787577428754,0.5723939628303332,0.5719300106766053
383.3099032637747,8.811662322441897,0.5724362366394069,0.5714435841141793
383.60899425398475,8.810576762906667,0.5723973207838438,0.5705595648203455
383.9748781495438,8.809248768235697,0.5722404877352295,0.5703332075291335
384.1989848743329,8.808435356652415,0.5724199046715567,0.5708642910854577
384.42309159912196,8.807621941648726,0.5725273142651645,0.571546963182613
384.6791544924117,8.806692534793022,0.5722721220414395,0.5719507390236646
384.9095781560524,8.8058561844337,0.572613003924786,0.5717071302623312
385.1400018196931,8.80501983050646,0.5722479694452771,0.5710542207579296
385.3558307011027,8.804236447044508,0.5723911148176619,0.5704691715809066
385.59690635242845,8.803361422834623,0.5724571783730463,0.5702882342791643
385.86846724216406,8.802375742571302,0.5722656452084256,0.5708164668970721
386.0909463135989,8.80156821004443,0.5725922602828052,0.5714968694339964
386.30920039948165,8.80077600970298,0.5722567718932882,0.5719337050055745
386.53257925527794,8.799965204596429,0.572462919363632,0.5718644210404248
386.775543635458,8.799083305504633,0.5724356088521757,0.5712638536600766
387.0841277577723,8.797963217595584,0.5723592590850498,0.5704370269978866
387.381058019574,8.796885424252373,0.5723515755050609,0.5704162278264355
387.63306883609243,8.795970674100923,0.572312392806672,0.5710527623169275
387.88507965261084,8.795055919609194,0.572527494877972,0.5717655010475258
388.1443804785568,8.79411469921145,0.5722362718787651,0.5719766758563828
388.3930972124047,8.793211893129001,0.5725761993517886,0.5715196078887359
388.6183987404493,8.79239407726748,0.5722076154505453,0.5708465233612041
388.8220561019177,8.79165482397012,0.5723585677084653,0.5704067556820362
389.0656900902999,8.790770456228207,0.5724340671212371,0.5704284085019745
389.3492837709792,8.789741033487838,0.5722752189778603,0.5711371663811822
389.61621560513885,8.788772086907532,0.5725143220400201,0.5718518655161572
389.8588872500907,8.7878911991917,0.5722110797895965,0.571983314105589
390.07938372618344,8.78709080295954,0.5725511676791916,0.5715742442036432
390.2998802022762,8.78629040342629,0.5722699390408814,0.5709228926189842
390.5196580903702,8.785492609022345,0.5722868780793936,0.5704402067933232
390.8034132166821,8.784462572062141,0.5724012609423751,0.5705226967888926
391.0847564393831,8.783441284826115,0.5722856070119214,0.5712732952066795
391.36609966208414,8.78241999217017,0.5724605016674724,0.5719487044111222
391.62703173711594,8.781472788424207,0.5722471691608891,0.5719219369696309
391.86086658690976,8.780623945812465,0.5725380631942386,0.57136558906012
392.05814904792265,8.779907788919505,0.5721956891134483,0.5707938843121195
392.25543150893554,8.779191629322854,0.5723025429119424,0.5704362483440054
392.50873200314726,8.778272113373411,0.5724197473241526,0.5705622119974753
392.76072842633886,8.77735732693216,0.5721983268677744,0.5712194380315412
392.97305036287696,8.77658656169083,0.5725486916901033,0.5717991570383072
393.1808576745468,8.775832182356849,0.5722620979649655,0.5720443289308398
393.41300027019986,8.77498945795844,0.5723569488218054,0.5717844830790147
393.67623881439215,8.774033844571596,0.5723791999576368,0.571057534677577
394.0153649876106,8.772802735438551,0.5723771455555452,0.5704389737456966
394.29283994707043,8.771795428940008,0.5722752624528138,0.5707641530621146
394.57031490653026,8.770788117064399,0.5723701354347183,0.5715502463602228
394.8634916631613,8.769723797541955,0.5723122273808918,0.5720534031343366
395.14077945926925,8.768717154367359,0.5723718341046561,0.571752311996615
395.4180672553772,8.767710505953621,0.5723057252056536,0.5709851511270164
395.7314903617145,8.766572667698679,0.5723711746244511,0.5704734987339368
395.9796666461221,8.76567169387665,0.5723131371850364,0.5707492732168155
396.2278429305297,8.764770715731524,0.5722483437258586,0.5714296767101619
396.49135100956335,8.763814072463706,0.5724578292876124,0.5720056570192651
396.7514195721434,8.762869911450345,0.5721918737357471,0.5719565157517665
396.9754524294436,8.762056571906978,0.5725042547741512,0.5714435804562348
397.19948528674377,8.761243228902671,0.57216006234206,0.5708330002766804
397.4057393762244,8.760494427940053,0.5722927988334988,0.5705235180422276
397.65930920110725,8.75957384409518,0.5723545866975487,0.5707186000943589
397.9605084679823,8.758480335935912,0.572290192739095,0.5715119214794305
398.2368495131235,8.757477070396735,0.5723761509665463,0.5720504253280859
398.5164094875636,8.756462113157362,0.5722760807274994,0.5718797327209402
398.79596946200365,8.755447150587695,0.5723563818214972,0.5711640140039496
399.09199050128973,8.754372418989025,0.5722462505990433,0.5705801722807428
399.3824636672241,8.753317823394243,0.5723027859853734,0.5707713934439943
399.7347084234124,8.752038951076914,0.5724196070797233,0.571686495004214
399.9766839017463,8.75116042135807,0.5722902448283839,0.5720763769274522
400.21865938008017,8.750281887667414,0.5722716232751429,0.5719178860117339
400.50890299481745,8.749228102908614,0.5723189483471053,0.5712017763122272
400.8143209213045,8.748119218549084,0.5722798292093876,0.5706160261781414
401.14379547493894,8.746922984048265,0.5721763755613728,0.5708970254575642
401.37411986001507,8.746086732871866,0.572294493143703,0.5714982649899613
401.6044442450912,8.745250478016272,0.5724072669707626,0.5719959314433359
401.8624908007006,8.744313566044271,0.5721820534770257,0.5720366009925865
402.12053735630997,8.743376649538344,0.5724450912556033,0.5715199234488287
402.31802864495774,8.742659594229467,0.5721136785731762,0.5710077822113155
402.5132182850682,8.74195089307834,0.5722749149556898,0.5706753049724976
402.7576386384912,8.741063439530876,0.5723083483479035,0.5707361372799155
403.06297499221654,8.73995480314793,0.5722708195812857,0.5714277997282144
403.35672168979124,8.738888241149823,0.5722907302657683,0.5720391113690183
403.64909838935,8.737826647618025,0.5723335436679625,0.5719621234852479
403.9352698414752,8.736787579115003,0.5722249152565851,0.5713076262130257
404.24420896193544,8.735665836338498,0.5723324530986914,0.5707124018809521
404.50768683621635,8.73470915569132,0.572184963524219,0.5708095720694629
404.77116471049726,8.733752470064582,0.5722927195941899,0.5713994019673603
405.0631713563846,8.732692191063004,0.5722494476500475,0.5720195992961657
405.3367548659588,8.731698801357402,0.5723255292977493,0.5720263478899141
405.61867861680787,8.730675122634597,0.5722292834113,0.5714509938651213
405.93966412483127,8.729509601995385,0.5723320748947714,0.5707894060095335
406.19731180621585,8.728574060026784,0.5721664619077417,0.5707940811369763
406.45495948760043,8.727638513267824,0.5722716714446304,0.5713005794249701
406.74867978893417,8.726571977188044,0.5722386382524416,0.5719582776968342
407.0130310593462,8.725612078754958,0.5723043398643408,0.5720841051032336
407.3041603727208,8.724554939771544,0.5722244021440095,0.5715921448980665
407.58125699199564,8.723548750333464,0.5722535483322372,0.5709666707880487
407.8583536112705,8.722542555370394,0.5721917423523727,0.5707756222236485
408.1964137558606,8.721314981734714,0.5723561544579083,0.5713371573660019
408.41691006757094,8.720514304861602,0.5722488235909128,0.5718426426558032
408.6374063792813,8.719713624625895,0.5721987060880036,0.572104877044755
408.9058533639672,8.718738818371856,0.5723706599949892,0.5718948930974079
409.1743003486531,8.717764007137143,0.5721128176293263,0.571305795371467
409.4202383238914,8.71687092834686,0.5723557182238513,0.5708711939284258
409.66121991948796,8.71599584347564,0.5720402926615996,0.5708653973580043
409.9071720766884,8.71510270447413,0.5723738125408311,0.5712904289423345
410.13593018951195,8.71427199923605,0.572168466145109,0.5718044536718325
410.3529176542585,8.713484034210275,0.5722560268460511,0.5720915573402503
410.63464070038765,8.712460984555811,0.5722786301935279,0.5719273339058819
410.9654767860205,8.71125957868806,0.5722874677169166,0.5712359481083893
411.2108743963618,8.710368431033828,0.5721726604193772,0.5708799872261824
411.45627200670316,8.709477278975195,0.5721494255936027,0.5709628053518377
411.739240064499,8.708449685830415,0.5722635156412977,0.5715061123524876
412.0222081222948,8.707422087016964,0.5722360708619101,0.5720236768423446
412.32941352491497,8.706306464017013,0.5722403436608456,0.5720066272791725
412.6282794640465,8.705221119708574,0.5722721146839745,0.5714520699922426
412.89333559952314,8.704258551818393,0.5721472450274256,0.5709861105486351
413.1583917349998,8.703295978790038,0.5721862126070818,0.5709535475513319
413.4951210650114,8.702073111281662,0.5721157687244008,0.5715314891026236
413.73659766343644,8.701196158981432,0.5723013062048106,0.571974423657191
413.9780742618615,8.700319202649638,0.5722812293393196,0.572089135457883
414.25927270660685,8.699297985778301,0.5722172293017137,0.5717292038445123
414.5404711513522,8.698276763348396,0.5721863994898939,0.5711806004302312
414.8294225544509,8.697227378673055,0.5721731188955803,0.5709542542952323
415.09500795445035,8.6962628468686,0.5721904099697143,0.5712398761937664
415.3605933544498,8.695298309948654,0.5721986770374992,0.5717592230115619
415.6680873327574,8.694181565821308,0.57223855441538,0.5720921119602437
415.93101450537006,8.693226672447409,0.5722339028009147,0.5718912890693679
416.1939416779827,8.692271774253449,0.5722154496706178,0.5714082830438905
416.5154656983761,8.691104057401814,0.5721936669283693,0.571008416192135
416.793091985074,8.690095762997244,0.5721144329078092,0.5711721169449013
417.0707182717719,8.689087462948022,0.5722571018942291,0.5716674033333715
417.3609367795226,8.688033423866932,0.5721859311853634,0.5720572000175547
417.6261772397607,8.687070096997722,0.5722910188600303,0.5719834566783706
417.8811212520225,8.686144161199769,0.5721817975703326,0.5715824309591472
418.1886989048154,8.685027058126717,0.5722020381657482,0.571116040682255
418.4626527839987,8.684032068640477,0.5720805379584535,0.5711045367493476
418.736606663182,8.683037073596452,0.5722323928473761,0.5714918949786452
418.9695913526536,8.682190873573642,0.572247306021147,0.5718845936773902
419.2025760421252,8.681344669755605,0.5721647889557242,0.5720703355587291
419.5094204896571,8.680230200498325,0.572258925205778,0.5718373306445985
419.7872456485907,8.679221124557886,0.5721165147682697,0.5713792446072857
420.0896347825874,8.678122824531732,0.5721153355464537,0.5711023085362492
420.39999737269324,8.676995557225935,0.5722050216704355,0.5713365685698336
420.6220916943395,8.676188884564427,0.5722246951616258,0.5716979093875296
420.8441860159857,8.675382208393449,0.5721328845571125,0.5719892067345602
421.1136602988374,8.674403437297249,0.5723537445906559,0.5720199569793629
421.38313458168903,8.673424661166672,0.5720705382689759,0.5716974109929935
421.6063317132577,8.672613967556291,0.5722800092247892,0.5713559621920598
421.82537278036676,8.671818365982332,0.5719921510205771,0.5711632798940315
422.07688669198734,8.670904812021256,0.5722047287243526,0.5712487797172073
422.3445477573733,8.669932602877347,0.5720980322992076,0.5716158152791919
422.5935786960391,8.669028058188516,0.5722651935024107,0.5719487561826021
422.87436782311204,8.66800815437233,0.5721968761504247,0.5720185817295396
423.123108208162,8.667104655893127,0.5721940657243751,0.5717702248093187
423.371848593212,8.666201153016848,0.5721715052816317,0.571416233142424
423.6233115726725,8.665287756194724,0.5720154071932585,0.5712104118738945
423.9148163085164,8.664228908506017,0.572167761789989,0.5713441477245988
424.20632104436027,8.663170054515058,0.5721573491180297,0.5717360213778944
424.4767262007508,8.662187836645455,0.5722747284089509,0.5720008795949728
424.7363588680071,8.661244743915415,0.5721682273003189,0.5719576834515099
424.98610196363245,8.660337569744945,0.5722601074577756,0.5716774619845045
425.23811352173016,8.65942215099091,0.5719841171873473,0.5713687484484622
425.48566214077016,8.658522939022156,0.572213043695447,0.571256780923047
425.76092434372504,8.657523052968212,0.571979258310126,0.5714414874609158
425.9787394766021,8.65673183860201,0.5723045153699371,0.571715550574621
426.1965546094791,8.655940620832904,0.5721540761959558,0.571940691307022
426.44421374767086,8.655040990105556,0.5722692801722975,0.5719871615882652
426.7070782270454,8.654086120765726,0.5721680817721067,0.5717759368637305
427.013516145105,8.652972962328464,0.5721562962640976,0.571427049753113
427.3199540631646,8.651859796889974,0.5719634288461289,0.5713149859467168
427.612564752765,8.650796853571988,0.5722368425135957,0.5715330301292333
427.8110772136796,8.650075729713986,0.5721552520902424,0.5717602425981915
428.00958967459417,8.649354603039296,0.5721383873329138,0.5719325898418813
428.28554724998634,8.648352140656394,0.5723163034141593,0.5719486580141458
428.5615048253785,8.64734967295786,0.572074980088356,0.5717188441285331
428.7987605601749,8.646487792578014,0.5722071596354394,0.5714776488347412
429.0360162949713,8.645625907989672,0.5719144425287552,0.5713601811353818
429.3252280974139,8.644575275564817,0.5722164583439139,0.5714779016177648
429.5368607131101,8.643806464485527,0.5720272619505515,0.5716837477502534
429.7484933288063,8.643037650160176,0.5722630086573514,0.5718736553462859
429.9980401448143,8.642131097914024,0.5722236534595322,0.5719500833300573
430.2685574196687,8.641148359409653,0.5721942400628514,0.5718110856920267
430.5390746945231,8.640165615689353,0.5720901202881645,0.5715649910849164
430.7952261975703,8.6392350553907,0.5720173877018067,0.5714181468179644
431.16412265693145,8.63789490065897,0.5719782319196915,0.571538428141198
431.375713212059,8.637126214004175,0.5721825128064961,0.5717205877183674
431.58730376718654,8.636357524112029,0.5722783963564949,0.5718741106624656
431.867595477911,8.635339244123521,0.5721803506714304,0.571910665106247
432.1518577399149,8.63430653379471,0.5721916784985304,0.5717460789085468
432.4591676686812,8.633190085889224,0.5720657779240885,0.5715214045353821
432.76324868604337,8.632085361500602,0.5719711372870427,0.5714713796567358
433.0374638818573,8.631089133392935,0.5721519120820983,0.5716130357135012
433.2661527057335,8.630258299029933,0.5721820904923267,0.571778708798822
433.49484152960963,8.629427460923763,0.5721675312777271,0.5718834619669394
433.7838998887809,8.62837729200524,0.5722558073596069,0.5718468602229363
434.06842100488126,8.62734360144063,0.572080660317987,0.5716766038625744
434.3699789665877,8.626248007981799,0.5720077827806137,0.5715260154515813
434.6502721243589,8.625229665675432,0.5720498000631893,0.5715389919379446
434.9524033781678,8.624131975955985,0.5720626678948072,0.5716953024821835
435.23230285446255,8.623115051762296,0.5722913537659063,0.5718337736866024
435.5055116982439,8.622122430493919,0.5721593901110713,0.5718492729280026
435.7898011948461,8.621089545482942,0.5722252238086034,0.571737825735911
436.02792870835776,8.620224372393114,0.5720056044120667,0.5716209439980757
436.2660562218694,8.619359195017807,0.5719938588502621,0.571561283314192
436.6077979885675,8.618117553266066,0.5719723666323179,0.5716295855722261
436.8240106017993,8.617331988858284,0.5721562430675307,0.571725723373521
437.04022321503106,8.61654642105106,0.57227991471685,0.5718032272089062
437.3508351132351,8.615417865462101,0.5722147838247134,0.571812315719724
437.6336426099815,8.614390326538244,0.5721224988469613,0.57172575758087
437.92163800302745,8.613343932145867,0.5720394545143143,0.5716314676123743
438.2096333960734,8.61229753141031,0.5719448117108524,0.5716127129670142
438.4817709897574,8.611308742423537,0.57211404210594,0.5716723197940748
438.72608673377044,8.610421037046603,0.5721646643893126,0.5717449548024913
438.97040247778347,8.609533327377601,0.5722113654556107,0.5717858672357079
439.3058205989493,8.608314594721268,0.5721303494115021,0.5717578266293551
439.55684860549854,8.607402486005899,0.5721028957182352,0.5717020080806573
439.8078766120478,8.606490372580357,0.5719857513054207,0.5716611005888451
440.10936372545126,8.605394908915283,0.5720337285110937,0.5716638575227392
440.3716052054745,8.604442039891548,0.5720637042144205,0.5717012685474852
440.63384668549776,8.603489165762072,0.5722220079082666,0.5717375845106943
440.9373244824557,8.602386450271068,0.5721828886529071,0.5717470748051605
441.19539349188614,8.601448726841111,0.5721940914996951,0.5717301677260184
441.45346250131655,8.600510998578848,0.5720112319971803,0.5717098324683619
441.72517200464495,8.599523700292941,0.5719855213110883,0.5717005256471624
442.02519638587165,8.598433508863636,0.5719548514226499,0.5717041551137744
442.2798832278727,8.5975080539569,0.5721675909135704,0.5717081955513736
442.5345700698737,8.596582594294688,0.5722128199700012,0.5717077356444208
442.8233426916822,8.595533271042907,0.5722660887629163,0.5717083523958039
443.12681788051066,8.594430516184904,0.5720244469200609,0.5717214796536867
443.38404716186113,8.593495802349072,0.5720432885473274,0.5717381520333423
443.6412764432116,8.59256108340002,0.5719080397718306,0.5717436285865412
443.9443776201076,8.591459668675148,0.5721235141203991,0.5717208351378434
444.1707029372884,8.590637238957727,0.5721322752726328,0.5716902116131948
444.3970282544692,8.589814805523128,0.5722131775416068,0.5716670020172052
444.74801195581466,8.588539374423055,0.5721269866767835,0.5716828668995145
444.9892551550627,8.587662721546613,0.5721075360301789,0.5717288682574481
445.2304983543108,8.586786064310274,0.5719672668235116,0.5717737428880791
445.5287251925472,8.585702327122359,0.5719832487448058,0.5717798671609907
445.79150584641167,8.584747393332085,0.5720292515334172,0.5717270747777548
446.05428650027613,8.583792454331379,0.5722030244268838,0.5716545938825842
446.3493112837761,8.582720334965911,0.5722102523882,0.5716196708205872
446.61166683426836,8.581766930358423,0.572207968240474,0.5716644194805273
446.8740223847606,8.580813520767087,0.5720109742454432,0.5717541087516435
447.16126887670055,8.579769650587387,0.5719743414867189,0.5718233882480593
447.4470625001697,8.578731053781588,0.5719106623903215,0.571794386420426
447.73285612363884,8.577692450637807,0.5721871373313122,0.5716830832516823
447.9963278027194,8.576734962350768,0.572169692414879,0.5715896702634754
448.2512269003387,8.57580862317547,0.5722949023189897,0.5715826251475867
448.5295555474043,8.574797132454874,0.5720643366383745,0.5716818810455551
448.78783137979684,8.573858511753953,0.5720275676104761,0.5718062383232079
449.0461072121894,8.572919885891233,0.5718835056327861,0.5718646391900242
449.35635422742587,8.57179237942825,0.5720733765781246,0.5717816093103434
449.5822973128972,8.570971247465279,0.5721007717624638,0.5716545093064415
449.8082403983685,8.57015011173782,0.5722137169084464,0.5715498075714245
450.1476686412633,8.568916534716266,0.5721691100661345,0.5715614439414988
450.40445722178833,8.567983287837471,0.5721289057225344,0.5717023496126615
450.6612458023134,8.56705003602493,0.5719229939578849,0.5718526508793863
450.9440144643109,8.566022358319701,0.5719531881417141,0.5718939600112931
451.219582758484,8.565020843119798,0.5719716468794388,0.5717668405165597
451.49515105265715,8.564019322109834,0.5722350653691672,0.5715736506988526
451.75695777337376,8.5630678108239,0.5722197810736724,0.5714774850217932
452.05108895702745,8.561998813599374,0.5722532252837854,0.5715686301904117
452.29573711009374,8.561109653878296,0.5719952167396157,0.571752245396647
452.54038526316003,8.560220489602159,0.5719360957714865,0.5719056322638949
452.84624581773653,8.559108844554608,0.5718693567172592,0.5718974660896344
453.0929125073444,8.55821233323189,0.5720797525858047,0.5717255555926757
453.3395791969523,8.557315817288558,0.5721931406900825,0.5715218266892581
453.61106675516794,8.556329084216017,0.5722763132298191,0.5714277110095496
453.9174503697315,8.555215513652747,0.5721116628787423,0.5715769262138586
454.1746236394177,8.554280795882299,0.5720287168113477,0.5718100474108784
454.43179690910387,8.553346073001308,0.571871555114539,0.5719590905776922
454.7491853061921,8.55219248474033,0.572019564809554,0.5718646710254677
454.9798142688316,8.55135422964919,0.5720630111935482,0.5716474568107779
455.2104432314711,8.550515970568917,0.5722188479556284,0.5714437900978236
455.5238611082902,8.549376795374547,0.5722196098171376,0.5714018567267202
455.79460925478764,8.548392705550487,0.5721536399664591,0.5716159747831308
456.0653574012851,8.547408610258175,0.5719052108133518,0.5718893902368878
456.3404887162152,8.546408577454093,0.5719247906118922,0.5719940160337331
456.62470727741345,8.545375508446721,0.5719248454648566,0.571816958840305
456.8690264860856,8.544487459371467,0.5721829783981938,0.5715424201942276
457.11334569475775,8.54359940587857,0.5722551655934419,0.571347169634143
457.4220491653151,8.542477321839648,0.5722738966130706,0.5714121058894698
457.6830518174434,8.541528616702335,0.5720164180973929,0.5716936315653233
457.9440544695717,8.540579906385712,0.5719391230203865,0.5719620793634697
458.2346692810005,8.539523553384257,0.5718326846889326,0.5719917242144479
458.49695710944826,8.538570160064234,0.5720706326429529,0.5717424293515058
458.759244937896,8.537616761452302,0.5721593519120998,0.5714193744573662
459.00639244776585,8.536718392279726,0.5723028135024322,0.5712755189222793
459.31187230434296,8.535607981839,0.5721237709186261,0.5714586886897077
459.55291145529014,8.53473180667171,0.5720375077436052,0.5717721654748849
459.79395060623733,8.533855627011521,0.5718797823742957,0.5720124552611443
460.1065559416409,8.532719296627599,0.5719492364795958,0.5719627049885698
460.34209688365195,8.531863092621021,0.5720382318082764,0.5716759296227991
460.577637825663,8.531006884373953,0.5721932993915452,0.5713625162152681
460.88369816576267,8.529894327020457,0.5722637247261669,0.5712347391701383
461.1641208426051,8.528874959027421,0.5721715946201208,0.571496227035999
461.4445435194475,8.527855585172857,0.571903261904474,0.5718930969011362
461.7168886787049,8.526865568238625,0.5718969994004905,0.5720708829255449
462.00779577713075,8.52580806915146,0.5718952960881202,0.5718568241313778
462.2394148532529,8.52496608780521,0.5721556575702778,0.5715074681307565
462.4710339293751,8.524124102434966,0.5722709828039669,0.5712278152792014
462.7493467046524,8.523112370271155,0.5722681611111494,0.5712236044154737
463.07274636564165,8.521936729669658,0.5720031260864515,0.571649729321169
463.3167844828261,8.521049583335829,0.5719263640782986,0.571991650744773
463.56082260001057,8.520162432228577,0.5718409581302631,0.572082556275129
463.8702960951077,8.519037397136458,0.5720484844704835,0.5717510355223883
464.0977175280766,8.518210642745695,0.572166000145692,0.5713761633831516
464.3251389610455,8.517383884520665,0.572258237026657,0.5711397903816761
464.63219837876204,8.516267607850766,0.5722154432768725,0.571272869303133
464.9375147847422,8.515157660830235,0.5720361476641016,0.5717658162610223
465.2112791744465,8.514162411811721,0.5718036290578702,0.5720884972294187
465.48504356415077,8.513167156710102,0.5719378830999795,0.5719978958619971
465.74011508395853,8.512239853062987,0.5720251376707925,0.5715943229380892
465.9951866037663,8.511312544429373,0.5722770746593143,0.5711865772782106
466.27631703819674,8.51029049351555,0.57224869861371,0.571096380146364
466.55698814732114,8.509270106789698,0.572173734988334,0.5714583924314169
466.83765925644553,8.508249714113768,0.5718519429141168,0.5719478969581417
467.09346915093494,8.507319700039657,0.5718830434166549,0.572124599057274
467.3879948714032,8.506248925359293,0.5718920197185612,0.5718254396735495
467.6176487863397,8.505413993171853,0.5721844427515387,0.5713916526941222
467.84730270127625,8.504579057016553,0.5722772379017593,0.5710694675528353
468.15037365665995,8.503477197991035,0.5722915598362683,0.571134662547034
468.4573776431652,8.502361032998245,0.5719584259820892,0.5716725875137122
468.73767417241123,8.501341961098591,0.5719156138863217,0.5720940384399765
469.0066200361905,8.500364150703616,0.5717902516696981,0.5720549648117138
469.26314752801477,8.499431484486198,0.572100167145365,0.5716264212464974
469.51967501983904,8.498498813157813,0.5721791860593832,0.571141330663856
469.75944515917814,8.497627063091585,0.5723473237411368,0.570972657943341
470.05099391808966,8.496567052062803,0.5721159228759348,0.5712951112418312
470.2928802283902,8.4956875986132,0.5720049122566991,0.5717874728868173
470.5347665386907,8.494808140530878,0.5718176161074627,0.5721226501549745
470.8517623895556,8.49365558947883,0.5719482785744449,0.5719612084532822
471.08642907729615,8.49280237010852,0.572051768861445,0.5714938601994055
471.3210957650367,8.49194914650325,0.5722604850136569,0.5710537512727872
471.63192296847376,8.49081900500205,0.5722516599197817,0.5709814649017919
471.91404966749457,8.489793210019712,0.5721379997154931,0.5714651823002418
472.1961763665154,8.488767408921802,0.5718141655749378,0.5720209527509138
472.4642000161686,8.487792879940462,0.5718800266507408,0.5721381171743584
472.7645157999417,8.486700930342717,0.5719343881731933,0.5716669358332495
473.000144738121,8.485844177430675,0.5722641517492425,0.5711516750232762
473.23577367630025,8.484987420375607,0.5722805842822816,0.5708790089711375
473.53760186025875,8.483889954104802,0.5722644210914344,0.571148112987656
473.78152796518634,8.483003018481234,0.5719525087668365,0.5716867971886276
474.02545407011394,8.482116078159029,0.5718582202010268,0.5721086073645508
474.3344297045164,8.48099260403668,0.5718084158359197,0.5720259508994
474.582536497316,8.480090450989774,0.5720986505499966,0.571512085347444
474.83064329011563,8.479188293151632,0.5722325202040415,0.5709863132365967
475.09751491297897,8.478217898181015,0.5723397189760185,0.570848706630499
475.4118307790128,8.477074980427865,0.5720505145238676,0.5713738869666536
475.66556781736966,8.476152334354188,0.5719399341475306,0.5719473206854794
475.9193048557265,8.475229683042063,0.5717639484734044,0.5721740301098789
476.2335078649037,8.474087154937587,0.5720288352805128,0.5717394717355843
476.45355536606303,8.473286997294341,0.5721244164197951,0.5712032511827102
476.67360286722237,8.472486835978284,0.5723114917621739,0.570829384569419
477.0025875267662,8.471290538596321,0.5721929166954629,0.570997156471664
477.26542999509155,8.470334750392004,0.57205650900196,0.5716088238982394
477.5282724634169,8.469378956723522,0.5717809574318871,0.5721140120007231
477.82027876299,8.468317105724033,0.5719025507338327,0.5720492220029729
478.0767101066567,8.467384613601913,0.5719992048719099,0.5714856363980957
478.33314145032347,8.466452116327355,0.5723135038892216,0.570899425573935
478.6056733140598,8.465461065130102,0.5722691406869745,0.5707672483560295
478.91473411706437,8.464337171313563,0.5721644695782572,0.5713456142029857
479.16572538193026,8.463424440859779,0.5718190491521975,0.5719520843222469
479.41671664679615,8.462511705241534,0.571848465787081,0.5721800023173202
479.71957609005364,8.461410342763942,0.5718925771700242,0.5717233541352893
479.94465328584374,8.46059183424992,0.5722192676168129,0.5711351563705102
480.16973048163385,8.459773321873083,0.5722959043007749,0.5707342573061097
480.4766956782164,8.458657010825107,0.57230103479174,0.5709030567213564
480.7678788033585,8.457598086421797,0.5719317320717409,0.5716262614497246
481.0383634849749,8.456614428476199,0.5718646303693189,0.5721430292668027
481.3254141762561,8.45557051906508,0.5717898519898644,0.5720007759396756
481.57688673304403,8.454655990075729,0.5721314351573046,0.5713842870190808
481.82835928983195,8.453741456125995,0.5722305834349656,0.5707904819192995
482.0856759949282,8.452805663815711,0.5723721983053356,0.5706869704495834
482.37289467552745,8.451761120219574,0.5720571331524543,0.5712546790738088
482.62756112082064,8.450834955741596,0.5719328112924621,0.571918966564671
482.88222756611384,8.449908785917742,0.5717399612069939,0.5721808432893477
483.19381855560556,8.448775585733703,0.5720212020853797,0.5716821132648238
483.4125642121286,8.447980042544335,0.5721280679583242,0.5710727391119483
483.6313098686516,8.447184495689605,0.5723363479867424,0.5706561313992922
483.95512036375436,8.446006836479462,0.572199038055617,0.5708595362065564
484.21942360895287,8.44504559203077,0.5720448480532484,0.5715636060318576
484.48372685415137,8.444084341976067,0.5717577727877142,0.5721219220439486
484.7771564306959,8.443017154863877,0.5718991872844268,0.5720027475524662
485.0290520640411,8.442101018663594,0.5720141065178679,0.5713557074671631
485.28094769738624,8.441184877451985,0.5723318590067572,0.570722305303111
485.5604152992002,8.440168451799018,0.5722714605347001,0.5706262965792368
485.8673187464499,8.439052235097645,0.5721343823127985,0.5713229958818543
486.1489725656746,8.438027845490874,0.5717672281355018,0.5720355418342998
486.4106810108396,8.437075992291277,0.5718567945923352,0.5721262209902844
486.71081087174343,8.435984390408457,0.5719665836039707,0.5714541077868367
486.9867288364443,8.434980843206555,0.5723345520983132,0.5707149266972154
487.24065600293386,8.434057274151899,0.5722796220636974,0.5705506860705549
487.5163523433197,8.433054522121699,0.5722018304275757,0.5710912530225257
487.75788393801207,8.432176027934425,0.571846355486132,0.5717899179626282
487.9919433940514,8.431324706676124,0.5718365461391294,0.5721634911231318
488.29618356336863,8.430218117089689,0.571837303721671,0.5718103807311271
488.5269521884045,8.429378754819114,0.5721827575165257,0.5711338904963651
488.75772081344036,8.428539388378338,0.572269014780569,0.5705876928949996
489.03927060610783,8.427515312044353,0.5723567515609133,0.5706099739792706
489.3215769051813,8.42648847811532,0.5719987349196107,0.5713347272750773
489.6128705740415,8.42542894771454,0.5718649375795982,0.5720667009420703
489.88761528828667,8.424429604688633,0.5717510221459291,0.5720535873349184
490.1569214889733,8.42345003723717,0.5720958966803711,0.5713683218177603
490.4262276896599,8.422470463964002,0.5722331409960638,0.5706276489728229
490.67375752177907,8.42157009513927,0.5723986467504384,0.5704805808957141
490.9604022949761,8.420527443317141,0.5720734058644426,0.571086873917521
491.2134069633137,8.41960714985467,0.5719349233793453,0.5718367964573543
491.4638775655585,8.418696068671588,0.5717146198354489,0.5721569487949
491.7713925575989,8.417577482447543,0.5719949100397131,0.5716411531489409
491.9876944512872,8.416790679296106,0.572112443959761,0.5709672494665678
492.2039963449755,8.416003872498548,0.5723631035540905,0.5704852229171794
492.5150781221028,8.414872293954879,0.5722224003152491,0.570646995390418
492.8117370084362,8.413793172684347,0.5720342852287341,0.5715141607098461
493.0833849607321,8.412805024453986,0.5717247015335698,0.5721099655543712
493.3711869456464,8.41175810730612,0.5719002719584964,0.5719051044650947
493.617766740813,8.410861135649338,0.5720305718527595,0.5711797286763906
493.8643465359796,8.409964159142097,0.5723628377767991,0.5705200427477964
494.1466542927183,8.408937210387377,0.5722669575613698,0.5704795916404005
494.4439939322214,8.407855573770282,0.572107734983192,0.5712640353121284
494.72352963861226,8.406838696286517,0.5717558736873031,0.572015637037416
494.99725163512824,8.405842961074011,0.5718441677249028,0.5720382100590579
495.2761868442569,8.404828254827144,0.5719943947761462,0.5713031323481429
495.5551220533856,8.403813542278604,0.5723416383496326,0.5705098568842959
495.82628090679793,8.402827112951776,0.5722986384187012,0.5704168496961333
496.1383827501755,8.401691733190756,0.572073093409625,0.571218407659928
496.44543651441404,8.400574709921367,0.5718073527196208,0.5720353601235705
496.76871403336327,8.399398657890314,0.5717959098758449,0.5718901838257644
497.0141588294322,8.398505747730605,0.5721123324705225,0.5711556295321747
497.2596036255011,8.39761283272393,0.5722862651059801,0.5704701625920703
497.54252440176685,8.396583576443255,0.5723585980916098,0.5704095516620601
497.83983027363377,8.395501981132071,0.5720167824449558,0.5712047968099598
498.1218894080786,8.394475846668497,0.5718492191927825,0.5719870222250474
498.4039485425234,8.393449705345525,0.571747570146094,0.5719973165712061
498.67751440539655,8.392454456289014,0.5720913203479129,0.5712479424858246
498.9510802682697,8.391459201135355,0.5722559343550756,0.5704514243270506
499.2039227948088,8.390539334108308,0.5723944788269586,0.5703346219269679
499.4910070218596,8.38949488640206,0.5720593160307936,0.5710316201256569
499.75757993131407,8.3885250554826,0.5718905386507871,0.5718497179849457
500.0241528407685,8.387555218468458,0.5717163441189588,0.5720739544846751
500.3118940002584,8.38650836085115,0.5720224458094821,0.5714302701263189
500.5426861660432,8.385668689618047,0.5721744302549534,0.5706750041093764
500.76585150927747,8.384856762442027,0.5723975171607132,0.5702700229974933
501.08191067871246,8.383706859595637,0.572169722545591,0.5706833253064642
501.320090721524,8.382840295487298,0.5720045567629338,0.5714602112827953
501.5582707643356,8.381973726637264,0.5717428063118768,0.5720234361404183
501.86563031705873,8.38085545510551,0.5718878730444379,0.5718173628354022
502.10901292751413,8.379969946193045,0.5720492546732749,0.5710562396803972
502.3523955379695,8.37908443248381,0.572348598145586,0.5703709411086298
502.6539926004466,8.37798710733151,0.5722739782974008,0.5703694070496776
502.9562145833286,8.376887501485768,0.5720692482374145,0.57125284894776
503.24762563945427,8.375827223032568,0.5717303332503172,0.5720030121603449
503.5317782420423,8.374793346787206,0.5718648088400768,0.5718580346864436
503.7904627903348,8.37385212879315,0.5720333880705273,0.5710685570104314
504.0491473386273,8.372910905347029,0.5723678502847583,0.5703350655900179
504.3376163259796,8.37186130520893,0.5722808492906648,0.5703298306775149
504.63606335597825,8.370775393040033,0.5720646761801482,0.571193291171952
504.9341010290006,8.369690962995541,0.5717609976380932,0.5719796728755747
505.2374629295153,8.368587152378144,0.571828564395703,0.5718045567727178
505.50221261548563,8.367623829369762,0.5721045432232732,0.5709725269831549
505.766962301456,8.366660500665432,0.5723374078985303,0.5702644203012956
506.0563820571224,8.365607400332031,0.5723169985464609,0.5703600445884659
506.3458018127888,8.364554293521666,0.571988275857207,0.5712394584160905
506.64753311374045,8.363456381462354,0.5718034468707783,0.5719883607799682
506.9492644146921,8.362358461356635,0.5718052224905068,0.5717298594162946
507.1936466240696,8.361469213560976,0.5721442638549951,0.570943240674668
507.43802883344705,8.36057996089915,0.5722970452477328,0.570268720801397
507.7266226033972,8.359529826269505,0.5723567590777351,0.5702990290062971
508.0106012332188,8.358496478924524,0.5719966979189312,0.5711342473544128
508.3218269596789,8.357363976571941,0.571814289131009,0.5719519688516418
508.61229454551017,8.35630700214838,0.5717894473130336,0.5717719643535031
508.8770643664684,8.35534353216617,0.5721379286407615,0.5709395433645715
509.14183418742664,8.354380056444402,0.5722988190699884,0.5702213354867756
509.42865274729564,8.353336341080217,0.5723443490391681,0.5703020658347481
509.7089229236894,8.352316448717865,0.571997398085591,0.571145910077105
510.03497018177177,8.351129967032575,0.5717661157693664,0.5719562048818255
510.3492699491187,8.349986225353787,0.571885972949419,0.5716277225715385
510.58167244197557,8.349140503555866,0.572114965134648,0.5708618589570357
510.81407493483243,8.348294777344904,0.5723157221279579,0.5702255643782743
511.10232166946287,8.347245824896737,0.5723249599797662,0.5702512331639922
511.3905684040933,8.346196865995214,0.5720405302358388,0.5711004496549524
511.6995929925935,8.345072286657805,0.5717465556245921,0.5719087822405899
512.0086175810937,8.34394769879684,0.5718782475362733,0.5716821382776326
512.2502297021595,8.343068429371773,0.572065607330367,0.5709090064892717
512.4918418232252,8.342189155133882,0.5723435459448419,0.5702238670261744
512.8071128162363,8.341041814909119,0.572275274095488,0.5702614207801292
513.1069295135301,8.339950709052404,0.5720430573323027,0.5711733689123003
513.4104297567975,8.338846190129102,0.571724664989098,0.5719084482292373
513.7060558348912,8.337770319456602,0.5718806244107648,0.571637412164833
513.950956393758,8.336879048092577,0.5720718199707884,0.5708469321252452
514.1958569526248,8.335987771785556,0.572372077935581,0.5701781102714153
514.5075707289075,8.334853332761638,0.5722704147116747,0.5702649430988347
514.8009254238003,8.333785702105649,0.5720225278313705,0.5711668292613963
515.1140724533637,8.3326460314396,0.5717530879772599,0.5718957821626866
515.4379337362412,8.331467357901632,0.5718677898140841,0.5714978634123571
515.6733742554189,8.330610480581276,0.5721509100778543,0.5707155507832784
515.9088147745966,8.32975359872183,0.5723540486479606,0.5701242931512601
516.1929787014818,8.328719383107366,0.5723040543878625,0.5702363336455226
516.477142628367,8.327685161145576,0.5720092852578098,0.5710967524359388
516.7331073499503,8.32675356506493,0.5717859933075363,0.5717870184748556
516.9890720715335,8.325821963076237,0.5717882383880954,0.5717906063086076
517.276557843992,8.324775630923286,0.5720491201162785,0.5709937891615812
517.5640436164505,8.323729291798376,0.5723145662830892,0.570162828220758
517.8480711201007,8.322695533099509,0.5723471672637599,0.5701504706318286
518.1433157102773,8.321620941507723,0.5720168724712157,0.5709884160920983
518.4417187989532,8.320534846544172,0.5718110368885857,0.5717859776461937
518.740121887629,8.319448743516505,0.5717840981002135,0.5716532831731359
519.0042736687467,8.318487298906545,0.572122095647934,0.570850392823285
519.2684254498644,8.31752584845301,0.5722978927610768,0.5701256805883441
519.5503430311653,8.316499728633595,0.5723589916987011,0.5701505509813022
519.8329423487244,8.315471121165894,0.5720129017449507,0.5709550344325817
520.1541623906879,8.314301933395638,0.571793716449178,0.5717826049479596
520.4514414730795,8.31321987839016,0.571819793988072,0.5715870520137496
520.7160016219491,8.31225690912422,0.572121868554763,0.5707692982181964
520.9805617708187,8.311293934010461,0.5723262522307258,0.5700831591669626
521.267596111149,8.310249148666482,0.5723177062053336,0.5701775855258175
521.5546304514794,8.309204356797744,0.5720151815600087,0.5710229109068042
521.8851010867793,8.308001450015608,0.571738733233388,0.5717867006688611
522.2155717220792,8.306798533234726,0.5719254264299556,0.5713828010412143
522.4388875217645,8.305985655712954,0.5721121664589305,0.5706603702934838
522.6622033214499,8.305172774049117,0.5723457819904394,0.5700908709366733
522.9542896006662,8.304109558194076,0.5722959527317601,0.570143242995144
523.2463758798826,8.303046335577033,0.5720487720375353,0.570982784009887
523.5483408972669,8.301947145672674,0.5717400235878588,0.5717256101482945
523.8503059146512,8.300847947396877,0.5718704359537496,0.5715200402008818
524.1004129314858,8.299937513817346,0.5720643154473068,0.570761436399192
524.3505199483204,8.29902707496422,0.5723586118694021,0.5700943672610016
524.6599566782867,8.297900657430407,0.5722788480226266,0.570141836309497
524.9566903784834,8.296820474556009,0.572039700555525,0.5709950363546568
525.268682502365,8.29568473908045,0.5717479135862398,0.5717147273141446
525.5784804885986,8.294556981968036,0.5718651969001661,0.571424709368443
525.8242241588327,8.293662395497636,0.5721107227059934,0.5706676695175985
526.0699678290669,8.29276780395606,0.5723561133824621,0.5700543579702666
526.3597545808989,8.291712874319236,0.5722990118722819,0.5701252369020734
526.6495413327309,8.290657937986593,0.572027725570901,0.5709412606149417
526.9989927929813,8.289385789220503,0.5717808164384752,0.5717016880652933
527.3436104126561,8.28813122656616,0.5718911910897713,0.5712297739291868
527.575049263371,8.287288679383883,0.5722003316519187,0.5705044275956991
527.806488114086,8.286446127755092,0.57233043804574,0.5700036107617431
528.0838701097366,8.285436314853733,0.572319456914185,0.5701508998949495
528.3612521053872,8.2844264957797,0.5719923362334804,0.5709379669164332
528.7053542195929,8.283173770366396,0.571788032449288,0.5716684647404571
529.019769196031,8.282029113211204,0.5718725981341173,0.5712876530207731
529.2556151843002,8.281170487926342,0.5721693273048385,0.5705684638544078
529.4914611725693,8.280311857970995,0.572312869564838,0.5700213877973392
529.7694167975636,8.279299916408705,0.5723394663036843,0.5700969096975439
530.0473724225579,8.27828796866107,0.5720152189376121,0.5708441031194055
530.3864863202724,8.277053354031779,0.5717827906062755,0.5716149801645114
530.6934907006607,8.275935631521994,0.5718586254398395,0.5713503970764884
530.9385156074678,8.275043553834333,0.5721229572838159,0.5706361030438731
531.1835405142749,8.274151471044705,0.5723139505422498,0.5700397376636523
531.4705589841919,8.273106492684658,0.5723293930592979,0.5700693304835723
531.757577454109,8.272061507724004,0.5720385977464988,0.5708152478613256
532.092858396103,8.27084079828064,0.5717603667560985,0.5715738632934345
532.4259094108486,8.269628197260651,0.571901771494249,0.5712759788040871
532.6585245772076,8.268781265740454,0.572100719033328,0.5706015535899336
532.8911397435666,8.267934329617582,0.5723348134123771,0.570043716147962
533.1860005948449,8.266860754955193,0.5723009653863669,0.5700609411651149
533.4808614461233,8.265787173307933,0.5720588132800933,0.5708142252382536
533.7859673290436,8.264676281727093,0.5717594063007008,0.5715138877400555
534.0910732119639,8.263565381402838,0.5718610526200865,0.5713621534969561
534.3516983474364,8.262616430058019,0.572067467699437,0.5706594308119031
534.6123234829088,8.26166747286758,0.5723493758536693,0.5700346928134138
534.9242946751389,8.260531553382954,0.5722829127759546,0.5700848457630037
535.2222355213814,8.25944671250318,0.5720324758197513,0.5708526521721847
535.5618393745568,8.258210161671956,0.5717713616050901,0.5715216350116694
535.8919255314152,8.257008255811325,0.5718866662747751,0.571152408197959
536.1278307325881,8.256149274403745,0.5721576600778412,0.5704891303339259
536.3637359337611,8.255290288275686,0.5723377670023281,0.5699938115774581
536.6484265227836,8.254253657201701,0.5723063526231531,0.5700787681717127
536.933117111806,8.25321701956359,0.5720250012280642,0.5707891255881699
537.2252108170387,8.252153417688529,0.5718036752913443,0.5714312556138141
537.5173045222714,8.25108980773608,0.5718089341621341,0.5713354138402332
537.7853639630915,8.250113707451066,0.5720906801094825,0.5706699862474817
538.0534234039117,8.249137600907304,0.5723004363279978,0.5700411877216442
538.3460641348868,8.24807197790631,0.5723397260169559,0.5700269312293585
538.6405461660929,8.246999643007467,0.5720344693109761,0.5707052999247981
538.9459865863946,8.245887395879246,0.5718205090059495,0.5713819933681878
539.2514270066963,8.24477513989981,0.5718101564031718,0.5712947160346878
539.532339367166,8.243752194666078,0.5721086409825119,0.5706099204536962
539.8132517276356,8.242729242571174,0.5723123689784952,0.5700031181584481
540.1154269382068,8.241628853976026,0.5723072581655083,0.5700780083147253
540.4062423811688,8.240569825612292,0.5720186371317216,0.5707691230331037
540.7616076515409,8.239275723456597,0.5717615589109123,0.5714064844919313
541.1100438700482,8.238006842483843,0.5719493951529152,0.5710067067203379
541.3385319868614,8.237174763792037,0.5721433440118631,0.5704124780710889
541.5670201036746,8.236342680655467,0.5723465392403962,0.5699857689682641
541.8566401668653,8.235287967832337,0.572278375109683,0.5700798070001025
542.146260230056,8.234233248155581,0.5720419428593042,0.5707481621464898
542.4623971597216,8.233081952487987,0.5717680663273907,0.5713419189127131
542.7785340893872,8.231930647225706,0.5718857195268054,0.5711331926479309
543.0295185479304,8.231016607066673,0.5720911289799258,0.5705288485616052
543.2805030064735,8.230102561433563,0.5723380449712179,0.5700202834880422
543.5773433299366,8.229021509428303,0.5722881704878403,0.5700452459185882
543.8741836533998,8.227940450238837,0.5720570705805347,0.5706841332976252
544.2225169730938,8.226671849261075,0.5717872818480743,0.5713101474312702
544.5440052232867,8.225501005420806,0.5718754572833852,0.5710617496536238
544.7856006872063,8.224621120623459,0.5721233467940924,0.5704924855988316
545.0271961511258,8.223741230753964,0.5723176310181437,0.5700241681454044
545.3204385153623,8.222673236693199,0.5723101753259479,0.5700394127411588
545.6136808795987,8.22160523561413,0.5720458992687996,0.5706386115350316
545.9295179527663,8.220454935061484,0.5718188812560857,0.5712339821729348
546.2453550259339,8.219304624884114,0.5718334952054158,0.5711162027421189
546.5109626222926,8.21833724810646,0.5721092458043963,0.570543453121191
546.7765702186513,8.217369865120617,0.5722938152143618,0.5700325288639504
547.0786682381332,8.216269571523878,0.5723215179713648,0.5700479120019167
547.3720519962619,8.215201009635301,0.5720324230146405,0.5706269868894747
547.6889779485625,8.214046693728266,0.5718192472935708,0.571194826840326
548.0059039008631,8.212892368088259,0.5718519532860159,0.5710729900673587
548.2752451394308,8.211911350624792,0.5721033626273996,0.5705134652860907
548.5445863779985,8.210930326773266,0.572307410157915,0.5700276598188662
548.8673423059444,8.209754742371043,0.5722796681096262,0.5700903620045263
549.1638285399888,8.208674833357739,0.5720281505754192,0.5706770531829115
549.4864317478504,8.207499787892065,0.5717835342272106,0.5711770825130595
549.8090349557119,8.206324732269286,0.5719050546307854,0.5709700465673555
550.0530921909952,8.205435767277917,0.5720958615577257,0.5704678863269618
550.2971494262786,8.204546797055368,0.5723194681518209,0.5700471105712398
550.5968605270167,8.203455102859897,0.5722854475855733,0.5700518961126455
550.8965716277548,8.202363401286794,0.5720693747513185,0.5705857425973134
551.2094873450133,8.201223593089571,0.5718019582643358,0.5711019840173258
551.5224030622717,8.200083775337644,0.5718633875210941,0.5710155803264646
551.8028543118999,8.199062203676025,0.5720860007985206,0.5704950090998295
552.083305561528,8.198040625038331,0.5723170360216433,0.5700392525326137
552.405583797331,8.196866678448657,0.5722792441907393,0.5701049692077709
552.7048714771203,8.195776470679995,0.572011158796861,0.57064163080212
552.9952294823925,8.194718782996546,0.5718245852724341,0.5710687175278502
553.2855874876647,8.193661087029351,0.5718399684115801,0.5709882953258089
553.5592314154253,8.192664268445396,0.5720890286653745,0.5705165895477613
553.832875343186,8.191667443159035,0.5722836398702237,0.5700740572376751
554.1312446493791,8.190580541679054,0.5723156843520983,0.5700595062958019
554.4330108629654,8.189481258470334,0.5720486620978376,0.5705295665063957
554.745605689585,8.18834251979004,0.5718438530523694,0.5710037759965334
555.0582005162046,8.18720377151694,0.5718409334172987,0.570954382261925
555.3496625078147,8.18614199922938,0.5720967169970542,0.5704818442746824
555.6411244994249,8.185080219346533,0.5722993863524091,0.5700606815228996
555.9517003011446,8.183948801235319,0.5722774311008977,0.5701105446185264
556.251863299633,8.182855309028527,0.5720347292013884,0.5705801392120873
556.5646498024378,8.181715820666396,0.5718098324614004,0.5709848534410735
556.8774363052426,8.180576322619565,0.5718901315112083,0.5708732941274508
557.1386987297477,8.17962452224967,0.5720795868803528,0.5704618652211868
557.3999611542529,8.178672715772509,0.5723017619910273,0.5700969327681369
557.7210937108417,8.177502788403592,0.5722690684547475,0.5701063868254868
558.0274447792655,8.176386703928216,0.5720548523372131,0.5705432596070308
558.3519718770655,8.175204391966092,0.5718145671316778,0.5709392877317447
558.6764989748655,8.174022069546167,0.5718887531114327,0.5708230290323976
558.9402883978794,8.17306102003783,0.5720992529758765,0.5704320555723892
559.2040778208933,8.172099964314105,0.5722989273180997,0.5701009910418382
559.5379848717416,8.170883443019495,0.5722692220226228,0.5701450450354707
559.8389759874957,8.169786836144754,0.5720165490021055,0.5705569076820374
560.1481355692775,8.168660460206452,0.5718385357934129,0.5708956883630283
560.4572951510594,8.167534074728168,0.5718687631172354,0.5707990927005658
560.7214004389318,8.166571831679393,0.5721043742936665,0.5704433099419894
560.9855057268043,8.165609582353595,0.5722715086244075,0.5701283475893371
561.2952256070945,8.164481132067388,0.5722954873471736,0.5701284934097973
561.596551246802,8.163383258163169,0.5720448479256042,0.5704851061265587
561.9167388755519,8.162216651858648,0.5718504524967736,0.5708360388074376
562.2369265043018,8.161050035324509,0.571870932356065,0.5707778271240231
562.5178906604062,8.160026322751047,0.5720931963115974,0.5704378124613665
562.7988548165107,8.159002603049656,0.5722831463864049,0.5701379814782557
563.1167900728141,8.157844167736947,0.5722639596309878,0.5701632057395096
563.4208903866208,8.156736133788105,0.5720447270646133,0.5705031994145368
563.7489402021937,8.155540826705304,0.5718236763334199,0.5708058080545898
564.0769900177665,8.154345508810936,0.5719128753906165,0.570706289626736
564.3341415086329,8.153408516325477,0.5720885102113263,0.5704141402068502
564.5912929994993,8.152471517885896,0.57228929205317,0.5701659510387639
564.9218658584401,8.151266981514766,0.5722515294304457,0.5701835347479765
565.2273869068468,8.150153720408358,0.5720449749273357,0.5704912906453926
565.5687783286651,8.148909744123147,0.5718355796233505,0.5707653475255672
565.9084803754854,8.147671911981158,0.5719128087059925,0.5706495483065663
566.1535138131015,8.146779033458554,0.5721144592823078,0.5703962339330041
566.3985472507177,8.145886149542688,0.5722735339385892,0.5701886406575638
566.6998576390755,8.144788189705462,0.5722747052970995,0.5701881202811039
567.0011680274333,8.143690222288198,0.5720585414040921,0.5704433228254288
567.3227223489199,8.14251847725559,0.5718657620453258,0.5707016237607132
567.6442766704065,8.141346721806075,0.571870074551886,0.5706687296566818
567.9281711792767,8.14031219146731,0.5720929407798285,0.5704283341122343
568.2120656881468,8.139277653771826,0.5722585385461786,0.5702118957635092
568.515610304845,8.138171501844127,0.5722753031622587,0.5702155310692888
568.819768274192,8.137063107047341,0.5720494647692246,0.5704421156716187
569.1469530985634,8.135870789541189,0.5718587561920494,0.5706640733047605
569.4741379229347,8.134678461196408,0.5718972517522087,0.5706215626374627
569.7467346115955,8.133685054987453,0.5720829018425974,0.5704193076399069
570.0193313002562,8.132691641994978,0.5722648470995003,0.5702410523944271
570.338243019142,8.131529437153565,0.5722494263021007,0.5702457455795505
570.6470973704211,8.130403876065884,0.5720558372890736,0.5704446283253108
570.9721662380193,8.129219214622161,0.5718463068287761,0.5706251239426855
571.2972351056176,8.12803454242588,0.5719105278294427,0.5705824201658873
571.5684883769399,8.127045986225653,0.5720807027847754,0.5704128674237883
571.8397416482621,8.126057423309561,0.5722691399418571,0.570267695670563
572.1617455631201,8.124883895367882,0.5722412126967116,0.5702760140652264
572.4689424665137,8.123764322723892,0.5720452557983597,0.5704400732645243
572.8140653575088,8.122506519019744,0.5718590914863261,0.570588279175757
573.1551633565558,8.121263372103824,0.5719182327145333,0.5705320742368054
573.4020172763567,8.120363694699009,0.5721081478752638,0.5704045366159687
573.6488711961575,8.11946401175468,0.5722469730746942,0.5703001472092035
573.9816868249974,8.11825102500055,0.5722497642332128,0.5703053056383173
574.2849065839914,8.117145895822304,0.572033226210574,0.5704317068391246
574.612185920866,8.115953068241511,0.5718725846679371,0.570544081572703
574.9394652577405,8.114760229678122,0.5719053724202842,0.570514892735774
575.2054334181186,8.113790844674915,0.5720955745519499,0.5704147196755099
575.4714015784966,8.112821453186708,0.5722393067784336,0.5703308302677591
575.7904286601149,8.111658666567642,0.572244876784573,0.5703332673230265
576.0950833137225,8.110548256397841,0.5720459709298367,0.5704228617879787
576.4263215928175,8.109340943883597,0.5718653851765003,0.5705040748573029
576.7575598719126,8.108133620090685,0.571921092343921,0.5704850777434339
577.0217499008353,8.10717067116714,0.5720784310197109,0.5704191698554568
577.285939929758,8.10620771582283,0.5722448562214768,0.5703647248045667
577.6074392372984,8.105035864000854,0.5722274110558236,0.5703651954561173
577.9164191534664,8.1039096366039,0.572054686372006,0.5704198245075466
578.2395152492725,8.102731946295485,0.571865418832103,0.5704657663065965
578.5626113450785,8.101554245222914,0.571915484344274,0.5704578146352461
578.8380757998318,8.100550155426967,0.5720745400057284,0.5704243395624025
579.1135402545851,8.09954605862384,0.5722431322495797,0.5703987237273499
579.4288729644427,8.098396630013518,0.572224967742881,0.5703990694422124
579.7358875172575,8.097277514058334,0.5720458601282821,0.570417540968967
580.0687265804187,8.096064253640531,0.5718786594893916,0.5704297267020805
580.3999852128435,8.09485674279962,0.5719131703209579,0.5704291282205105
580.6623719852754,8.093900277165474,0.572088386840766,0.5704301870661946
580.9247587577073,8.092943805170568,0.5722226874792071,0.5704349134295476
581.2395087714,8.091796447091198,0.5722327950767443,0.5704342422005529
581.5444327693335,8.090684899767608,0.5720423893916231,0.5704174459346566
581.8614197119364,8.089529369765868,0.5718927102209332,0.5703956658067838
582.1784066545392,8.08837382935266,0.5718984529188998,0.5704003479507569
582.4660923867265,8.087325094289175,0.5720765455489913,0.5704358375231827
582.7537781189137,8.086276351513428,0.572218961461064,0.5704727984518966
583.055660107564,8.085175849528474,0.5722246090786944,0.570471153604444
583.3609922126597,8.084062762364187,0.572046851984571,0.570419636287511
583.6749762878698,8.082918125267353,0.5718883349354759,0.5703640026949435
583.9889603630799,8.08177347792657,0.5719081612093674,0.5703718956232389
584.2804386790559,8.080710867549003,0.5720620970038995,0.5704422469779975
584.571916995032,8.07964824922576,0.5722234644099997,0.5705117584444301
584.8735074696197,8.078548758266978,0.5722071106948823,0.5705088471269492
585.1800435059298,8.07743122961769,0.5720528562459352,0.5704221328801062
585.4885672502171,8.076306445435142,0.5718841863545957,0.5703342643656293
585.7970909945044,8.075181651330203,0.5719120465943476,0.5703439076668756
586.0939458901357,8.074099389385719,0.5720553001141742,0.5704496332602017
586.390800785767,8.073017119172308,0.5722198046581519,0.570552352623554
586.6867624313201,8.071938098112893,0.5722009083947432,0.5705478904760626
586.9907199622227,8.070829917762099,0.5720504310030814,0.5704282438224642
587.2977933367569,8.069710368623937,0.5718926617950656,0.5703070774262456
587.604866711291,8.068590809630479,0.5719052008535256,0.5703171256678289
587.9088428247893,8.06748253329084,0.5720621587925362,0.5704598562313354
588.2128189382876,8.06637424826385,0.5722060503953393,0.5705955984240371
588.5045462496066,8.065310614508087,0.5722016422891212,0.5705857055721679
588.8032063947059,8.064221696187401,0.572038408772868,0.570433914612459
589.1041298858885,8.063124517076268,0.5719042416059568,0.5702823534233927
589.4050533770711,8.062027328473626,0.5718965615497008,0.5702895936902419
589.7179995627066,8.06088629424114,0.5720646001904008,0.5704697448995568
590.0309457483421,8.059745250771869,0.5721969494056073,0.5706400871394016
590.3170482149352,8.05870207578564,0.572197026395479,0.5706242356441373
590.6123954740556,8.057625185445842,0.5720335584032715,0.5704408171244671
590.9010306297171,8.056572760614731,0.5719096875838884,0.5702625085135411
591.1896657853786,8.0555203270347,0.5718920226178116,0.5702578973983863
591.5142578405499,8.054336775452766,0.5720522276994946,0.5704725512172986
591.7908418133887,8.053328266547954,0.57217915155502,0.5706644299287584
592.0674257862275,8.052319751075272,0.5722032364210433,0.570686060155088
592.3719041249544,8.051209516107193,0.5720600621740114,0.5704887995084397
592.639081066255,8.050235287987013,0.5719311021843595,0.5702765242556433
592.9062580075556,8.049261052452623,0.571879404496481,0.5702100179381948
593.2616129406437,8.047965272417809,0.5720145882929987,0.5704310040425631
593.5034398351872,8.04708345829659,0.5721384419244047,0.5706469597524566
593.7410800228948,8.04621690583677,0.5722088936328362,0.5707493791362739
594.0200138193311,8.045199770604713,0.5721331483976512,0.5706421307818119
594.2989476157674,8.044182628471797,0.5719973467846957,0.5703805961888638
594.6424745417322,8.04292993446672,0.5718811488196228,0.5701820591933591
594.9856873370418,8.041678373366912,0.5719718955325779,0.5703594668950491
595.1921714887077,8.040925401665156,0.5720779802049646,0.5705755173967463
595.3986556403736,8.040172426023249,0.5721778243027921,0.5707491411439208
595.6750137200953,8.0391646388472,0.5721754759653154,0.5707704908507923
595.951371799817,8.03815684515089,0.5720728852610587,0.5705415293795527
596.2263686629198,8.037154008285073,0.5719244839128896,0.5702571483147333
596.5004522956913,8.036154493876545,0.5718929599343001,0.5701636371879375
596.8897195145984,8.034734919963757,0.5720218858989585,0.5704822167009238
597.1351050597644,8.033840043931772,0.5721506772931026,0.5707474413337142
597.3804906049305,8.032945162623951,0.5721806780657309,0.570840932743753
597.6520740913659,8.031954735733274,0.5721145471170668,0.570666870549527
597.9236575778012,8.030964302166138,0.5719646609166243,0.5703439936619178
598.2113233095997,8.029915210347161,0.571892921806927,0.5701411861679162
598.543340733015,8.028704360687767,0.5719505045705457,0.5703227770737631
598.7608194059646,8.027911221493376,0.5720692594617934,0.5705985638243743
598.9782980789142,8.027118077870325,0.5721543133786168,0.5708279928639043
599.2372782713758,8.026173573100396,0.5721705360232244,0.5708675355888384
599.4962584638373,8.025229062605268,0.5720785898786964,0.5706285425129024
599.7660670851234,8.02424505378987,0.5719416591236485,0.5702801703327334
600.0287319170692,8.023287091579032,0.5718908853753722,0.5701199655534815
600.3572344239789,8.022089002944565,0.5719648911255524,0.5703548929707665
600.5746877149874,8.021295918208658,0.5720786088207835,0.5706583860687354
600.7921410059959,8.02050282908653,0.5721500269324086,0.5708893355040879
601.0567790460198,8.019537643690395,0.5721615510812312,0.5708919466819139
601.3214170860437,8.018572452258503,0.5720465239876875,0.5705943836005601
601.6114160353521,8.017514756523612,0.5719254585314559,0.5702081426107377
601.9014149846606,8.016457051894236,0.5718876787086093,0.5701229215691602
602.2395200286365,8.01522387987427,0.5720175848661059,0.5705059693921987
602.496360673796,8.014287096292852,0.5721211572050889,0.5708639075800103
602.7532013189553,8.01335030689365,0.5721663850974231,0.5709739297900297
603.0708717818957,8.012191641647513,0.5720551447743026,0.5706598897664606
603.3693227472552,8.011103068620008,0.5719318162463982,0.5702227648652943
603.6498692833236,8.010079791829966,0.57188321463125,0.5700976063660679
604.0025877664326,8.00879326005041,0.5720070514872595,0.5704970536505065
604.2563343182367,8.00786771819836,0.5721086954826894,0.5708829753121637
604.5100808700407,8.006942170623798,0.5721609607980505,0.5710223600415243
604.8051153741227,8.005866017172254,0.5720681130836115,0.5707462453269714
605.0593472355424,8.004938687021815,0.571960179364781,0.5703318580715471
605.3135790969621,8.00401135020448,0.571884934636451,0.5700831601837291
605.6425466436059,8.002811396809296,0.5719464153913878,0.5702947575287101
605.873903922643,8.001967483174768,0.5720424932831549,0.5706845716941726
606.10526120168,8.001123564467187,0.5721295583194721,0.5710033212823111
606.3905955725263,8.000082747882029,0.5721335357085443,0.5710090277608579
606.6759299433726,7.999041924197485,0.5720194032757309,0.5705981401369837
606.979841852756,7.997933325890657,0.5719037375686424,0.5701373675541285
607.2837537621393,7.996824717610008,0.5719016241883177,0.5701369286540952
607.5840554666047,7.995729268807352,0.5720131337157307,0.5706041501392768
607.8843571710701,7.994633811211824,0.5721285200636365,0.5710556604190224
608.1666227296868,7.993604139706751,0.5721208613830887,0.5710385252396759
608.4601707986479,7.992533303513523,0.5720084186576531,0.5705774268292936
608.7722256562874,7.991394946956138,0.5718921780949743,0.5701047067937086
609.084280513927,7.990256579794551,0.5719127845643021,0.5701739998208322
609.357854544846,7.989258580939892,0.5720121641602444,0.5706470176227161
609.631428575765,7.988260574807047,0.572119268098094,0.5710835493641075
609.9248871768492,7.9871900218866845,0.5721127807227024,0.5710786563172846
610.2206841157355,7.986110930913791,0.5720042792825325,0.5705901097383677
610.5339350360503,7.984968156977888,0.5718882310307846,0.5700955588111712
610.847185956365,7.983825372313013,0.5719128731270613,0.570179699612886
611.1165737794191,7.982842598081929,0.5720077689219015,0.5706720949939712
611.3859616024732,7.981859816780531,0.5721130069039554,0.5711217931006497
611.6825337513931,7.9807778541857335,0.5721041484321467,0.571113508481777
611.9788959796207,7.979696649668411,0.5719983154129139,0.5705971119878805
612.2944052992486,7.978545582105175,0.5718838738725444,0.5700845881791674
612.6099146188766,7.977394503607834,0.5719134836455686,0.5701946111695501
612.8722820836703,7.976437295310693,0.5720045552469843,0.5707022241381052
613.1346495484639,7.975480080300446,0.5721061378510136,0.5711583501534325
613.4359658863641,7.9743807577029,0.5720959273457491,0.571146367938151
613.7323430408933,7.973299447368978,0.5719917405041605,0.5706031991148284
614.0503355987846,7.972139265043306,0.5718796770218246,0.5700746626378461
614.368328156676,7.970979071559948,0.5719136633724382,0.5702137857055741
614.623505425846,7.9700480512560805,0.5720016979363883,0.5707343269405758
614.8786826950161,7.96911702459706,0.5720990837139877,0.5711942752169643
615.1852613417916,7.967998449917575,0.572087983564517,0.5711770629816275
615.4812068592404,7.966918663051835,0.5719846818401656,0.5706081755884211
615.8020445537525,7.965748044621032,0.5718754235972918,0.5700657289119778
616.1228822482645,7.964577414780182,0.5719137709717149,0.5702379531264297
616.3706227206612,7.963673484696259,0.5719991926690003,0.5707689792988638
616.6183631930579,7.9627695486194225,0.5720919292850364,0.5712297768497875
616.9310989156647,7.96162845520225,0.5720800867631629,0.5712046732813448
617.2261511945328,7.9605518761719205,0.5719769990198168,0.5706107766473184
617.5507168521699,7.959367599303831,0.5718709063689549,0.5700572214163886
617.8751673575998,7.958183730879455,0.5719143947115317,0.5702700612148034
618.114774777631,7.95730943407139,0.5719974176477226,0.5708085576256708
618.3543821976623,7.956435131659244,0.5720847897557605,0.5712655376502733
618.6753906949716,7.955263797258027,0.5720717051405175,0.5712263484039771
618.9688003947498,7.9541931605644205,0.5719681235138161,0.5706073659312514
619.2998734374976,7.952985081729888,0.5718658203292409,0.5700476055978703
619.6283920739122,7.951786311750242,0.5719166182578201,0.5703171299461028
619.8591235331919,7.950944361807918,0.5719975439223876,0.5708604729033302
620.0898549924716,7.95010240668212,0.5720783910381079,0.5713052378061306
620.3797290134253,7.949044629538787,0.5720740482344208,0.5712957519604488
620.669603034379,7.947986844862852,0.5719727248813281,0.570695623339227
620.9842042569769,7.946838818083864,0.5718698814337559,0.5700838304756713
621.2988054795749,7.945690780239611,0.5718934963824687,0.5702155561180273
621.5564552290241,7.944750560688219,0.5719823103995316,0.5708070357352008
621.8141049784733,7.943810334556821,0.5720699386854775,0.5713355421982678
622.1177453925078,7.942702269772443,0.5720662979887808,0.5713135582187899
622.4135726505675,7.9416227092755145,0.5719591604617722,0.5706677585616162
622.7373169602658,7.940441261001624,0.5718621966491894,0.5700628856566818
623.0610612699642,7.939259800929648,0.5718995907984504,0.5702943437529135
623.2988069661801,7.93839217357004,0.5719855271637716,0.5708760104907525
623.536552662396,7.937524540638479,0.5720620302691858,0.5713676334447325
623.8588345481747,7.936348391919393,0.5720567451707854,0.5713175982063949
624.1507778157853,7.935282954048255,0.5719463412064503,0.5706452393664013
624.4882835219665,7.934051226467799,0.5718554663820185,0.5700483987252274
624.819577742755,7.932842155172528,0.5719064435432649,0.5703868379790854
625.0465533585643,7.932013791817297,0.5719921511438272,0.570970434886059
625.2735289743737,7.931185423433331,0.5720587745280552,0.5714219235428192
625.556429532122,7.930152945383698,0.5720585840502022,0.5713805058855336
625.8393300898704,7.92912046007269,0.5719504269595116,0.5707403497589401
626.1550742261012,7.927968097824171,0.5718601040835402,0.5700906689590822
626.470818362332,7.926815724294414,0.5718766748107871,0.5702590623419415
626.7209467570867,7.925902821110046,0.5719732757975252,0.5708822346106885
626.9710751518414,7.924989911673475,0.5720486503081401,0.5714300795821934
627.2784354870759,7.9238681114731975,0.5720518268106969,0.5714005613478698
627.572208430775,7.922795894322061,0.571937219109436,0.5707091552282606
627.8975845446058,7.9216083209759,0.5718518967406766,0.570073167549706
628.222561950175,7.9204221908167165,0.5718819473522826,0.5703496901083351
628.4548005305668,7.91957453953941,0.5719764862166725,0.5709607023333941
628.6870391109586,7.918726882907961,0.5720451010002919,0.5714651406700658
628.9757807946224,7.917672986609227,0.5720482883551089,0.5714516868524536
629.2645224782863,7.916619082706575,0.5719411645648468,0.5707794332343928
629.5801552717412,7.915467016720361,0.5718489387183809,0.5701053007656992
629.8957880651961,7.914314939375743,0.5718656215518165,0.570283125596762
630.144180055618,7.913408286871677,0.5719609191049545,0.5709258514107868
630.3925720460398,7.9125016281603795,0.572041899121009,0.5714891262879221
630.700874862646,7.911376280401192,0.5720369734960855,0.571455438571612
630.9941456527773,7.910305793502969,0.5719289340048489,0.5707383888617561
631.3221002575885,7.909108694288248,0.5718375789266763,0.5700854402912648
631.6485735035942,7.907916990061016,0.5718743118980006,0.5703951009595285
631.8778626417429,7.907080023620047,0.5719642553807247,0.5710221732171378
632.1071517798916,7.906243051939797,0.5720411508289835,0.5715286497853547
632.3934115920405,7.905198114118025,0.5720316058441111,0.5715041922965193
632.6796714041893,7.904153168766216,0.5719351376177921,0.5708136119781735
632.9954849599868,7.903000332346299,0.571830897378855,0.5701223455145445
633.3112985157843,7.901847484465472,0.571860589380228,0.5703150905449428
633.557357683822,7.900949260660429,0.5719453614612156,0.5709729201037573
633.8034168518598,7.900051030726714,0.572035806175837,0.5715451652723675
634.1143349264686,7.898916027828926,0.5720215755743386,0.5715030916671663
634.4067372753758,7.8978486082068375,0.5719200806468819,0.5707636415457755
634.7362267199102,7.896645790707866,0.5718191661426618,0.570102249790429
635.0635832303346,7.895450747146836,0.5718708369538,0.5704433814618999
635.2908261332035,7.894621170011084,0.571952671842657,0.5710840506826568
635.5180690360723,7.893791587709089,0.5720320574107347,0.5715896496049317
635.8015558576521,7.892756672428309,0.5720226278502192,0.5715519866948324
636.085042679232,7.891721749704814,0.5719209176812908,0.5708480832916419
636.401373192164,7.890566914871756,0.5718187094768997,0.5701435282714934
636.717703705096,7.88941206844846,0.571848925458406,0.570351143159107
636.9611023544068,7.8885234709336585,0.5719388040439681,0.5710187908653495
637.2045010037175,7.887634867383039,0.572020568792435,0.5715962572828609
637.5172064445953,7.886493229526633,0.5720171816375845,0.571549911082106
637.8084009508913,7.885430116466477,0.5719019455732177,0.570795993428025
638.1402328754855,7.884218630495525,0.5718095644641675,0.570124725323612
638.4687149244803,7.883019361941637,0.5718572823026897,0.5704909271275532
638.6954311452247,7.8821916273320145,0.5719508756943454,0.5711443251554126
638.9221473659691,7.881363887557812,0.5720188115072264,0.5716480164309592
639.2025164384305,7.88034025496349,0.572017940568171,0.5715950803504793
639.482885510892,7.879316615030346,0.5719045692969928,0.5708830245710442
639.7993290122973,7.87816125576871,0.5718092741236726,0.5701695814699299
640.1157725137027,7.8770058848156985,0.5718305143497658,0.5703875926017471
640.357660614727,7.876122716321288,0.5719314001132791,0.5710630268475827
640.5995487157513,7.8752395418254375,0.5720132959611682,0.5716443943384925
640.9128632730967,7.8740955691614225,0.5720079008241805,0.5715944754759122
641.2032974992557,7.87303512881253,0.5718905679565016,0.5708304535634089
641.536232875274,7.8718194961093975,0.5717955012045084,0.5701527796753342
641.8653260156166,7.870617879588548,0.5718423631771256,0.5705342719685609
642.0922992826312,7.869789125822382,0.5719402804449104,0.5711975494076486
642.3192725496458,7.868960366852369,0.5720177961478584,0.5717003026382615
642.5980960280402,7.867942278064163,0.5720023931642912,0.5716345271379322
642.8769195064347,7.866924181958842,0.5718984956582464,0.5709144227339098
643.1945527934507,7.86576436560057,0.5717867116487682,0.570197693462641
643.5121860804668,7.86460453736653,0.5718242714905903,0.5704337371378218
643.7516944664004,7.863729972135492,0.5719157544782395,0.5711122914755449
643.991202852334,7.862855400986577,0.5720097514914848,0.5716899801316343
644.3086154187117,7.86169635243781,0.5719940283490006,0.5716279908559287
644.5980883974378,7.860639318420891,0.5718799715644283,0.5708544367710273
644.9351941748615,7.8594083379205015,0.5717733041437081,0.5701817892751724
645.2664715874652,7.858198627240912,0.5718389825108985,0.5706008942039101
645.4940124120815,7.85736771951937,0.5719329599493538,0.5712726796279973
645.7215532366978,7.856536806559928,0.5720109446241428,0.5717581498356746
645.9961772413125,7.85553395310523,0.5719965814221043,0.5716608044172307
646.2708012459271,7.854531092482602,0.5718789655048236,0.5709386444381317
646.5915476506492,7.853359793678227,0.5717736448647532,0.5702261485419
646.9122940553713,7.852188482659154,0.5718092643619292,0.5704967699778817
647.1472120252652,7.8513305948510625,0.5719146931031169,0.5711711398949764
647.3821299951591,7.850472701325376,0.5719973971077563,0.5717333589979815
647.6691876257249,7.849424392692825,0.5720010932770109,0.5717163239330793
647.9562452562908,7.848376076241911,0.5718763911917618,0.5709848828151665
648.272149240469,7.8472224044725785,0.5717684316893875,0.5702588809234567
648.5880532246473,7.846068720825109,0.5717929784915591,0.57047314247438
648.8312764540075,7.845180459887675,0.571903469313638,0.5711589991962298
649.0744996833677,7.844292192766433,0.5719974290893943,0.571748815542621
649.387361274114,7.843149593595058,0.5719881168423859,0.5716948673726421
649.6770468559058,7.842091626970687,0.5718609757514881,0.5709257284145932
650.0107636241273,7.8408728417595,0.571751163760569,0.5702442886709252
650.3402373063276,7.839669539854131,0.5718085584614648,0.5706330200552036
650.5684572774919,7.83883602883267,0.5719153287550127,0.5713030106482598
650.7966772486562,7.838002512458758,0.5720039245937599,0.5718036506342938
651.0740502943542,7.836989470175265,0.5719843753165703,0.5717274767862623
651.3514233400521,7.835976420511699,0.5718676748105875,0.5710077212055712
651.6700325417347,7.834812753684567,0.5717427144015433,0.5702930513319969
651.9886417434174,7.833649074669505,0.5717866899776445,0.5705373513894072
652.2282347320667,7.832773984334421,0.5718919876224147,0.5712158385418216
652.467827720716,7.831898887972765,0.5719928578489679,0.5717870605098931
652.7877258270357,7.830730474382973,0.5719785366639852,0.571712465043245
653.0757173808894,7.829678589590678,0.5718439364350518,0.5709435604523616
653.4199091090208,7.8284214224455875,0.5717291000247959,0.5702804224513198
653.7540207207095,7.827201059426223,0.5718056882958733,0.5707319340518076
653.9851388656936,7.826356878782389,0.5719199833889981,0.5714078702706694
654.2162570106776,7.825512692671066,0.5719990028229687,0.5718648556110884
654.4869884562083,7.824523807926375,0.5719789694283645,0.5717245337846966
654.757719901739,7.823534916056164,0.5718422283235621,0.5710088053640145
655.0860742992012,7.822335535838123,0.5717265277290708,0.5703207765344183
655.4117112297516,7.821146068802422,0.5717750156204188,0.5706490153144009
655.6440042486164,7.8202975551994935,0.5718979088218716,0.5713138362740557
655.8762972674812,7.8194490359468425,0.5719909044566971,0.571836039761238
656.1581309998229,7.818419547614217,0.5719824004304492,0.5717878080748999
656.4399647321646,7.8173900515922075,0.5718491915687144,0.5710775705939075
656.7577233056832,7.81622931708993,0.5717166216346471,0.5703685325366783
657.0754818792017,7.815068570327749,0.5717554362826465,0.5705879583695342
657.3216260350903,7.81416941708001,0.5718761836700396,0.5712671090105487
657.5677701909789,7.813270257394852,0.5719907780690862,0.571838122711018
657.8851840728845,7.812110742243132,0.5719683545807651,0.5717556191327091
658.1730265340262,7.811059243178411,0.5718268617416159,0.5710030427926152
658.5177939048228,7.809799783091956,0.5716964611918555,0.5703545237458187
658.8527054137805,7.808576313255061,0.571782810080054,0.5707957550306907
659.0877604377723,7.8077176226981875,0.5719059568230278,0.571465745864487
659.3228154617641,7.80685892642931,0.5719998647603532,0.5719101567019876
659.5948861579985,7.805864998990098,0.5719662713745087,0.5717556591457778
659.866956854233,7.804871064258171,0.5718213328637883,0.571049049950566
660.2054563773405,7.803634438639631,0.5716900030658829,0.570388062319798
660.5362158213569,7.802426075927857,0.5717624171552133,0.5707662310784254
660.7739058591109,7.801557715496024,0.5718968303313671,0.571432918773483
661.0115958968648,7.800689349150526,0.5719914098051775,0.5719068615783645
661.2870834746959,7.799682888149853,0.5719727454314787,0.5717913201571947
661.562571052527,7.798676419674367,0.5718186823823417,0.5710968301563293
661.8890765631033,7.797483550866999,0.5716846320860107,0.5704296167466287
662.2149605691174,7.796292939602391,0.5717369064869054,0.5707235297470418
662.4584164794666,7.795403469608903,0.5718800137138824,0.5713880392542114
662.7018723898158,7.794513993320569,0.5719898835536812,0.5718991029429694
662.9830778378201,7.793486590398367,0.5719714868373953,0.5718223736637148
663.2642832858245,7.792459179685043,0.5718207830256052,0.5711345788114764
663.5872773013299,7.79127907955209,0.5716705441670349,0.5704662889300748
663.9102713168353,7.790098966535762,0.571725605433189,0.5707174120119042
664.1541887878357,7.789207764670486,0.5718626616371956,0.5713663956491164
664.398106258836,7.7883165564206625,0.5719880660278904,0.5718919820155425
664.6837200735221,7.787272993690512,0.5719729238129317,0.5718482417223005
664.9693338882081,7.786229422914882,0.5718179802872777,0.5711710313369182
665.2890758702083,7.785061144392734,0.5716610037424873,0.5705042768759213
665.6088178522085,7.783892853208059,0.5717099036459865,0.5707143411608773
665.8557334536081,7.782990650657802,0.5718538124762091,0.571352313765989
666.1026490550076,7.7820884415041816,0.5719804282825502,0.5718894526717161
666.4200609570639,7.780928635953656,0.5719674172829577,0.5718213065800107
666.7087908967078,7.779873623999605,0.571791133410725,0.5711227201169132
667.0487400685045,7.778631446071232,0.5716455358249449,0.5705042595501629
667.3816840928616,7.777414851053317,0.5717264766197824,0.5708677851088998
667.6127042199311,7.776570683523913,0.5718786885509326,0.5714766486765225
667.8437243470005,7.7757265103067565,0.5719872925146596,0.5719259067104379
668.1214547942566,7.7747116454978,0.5719729945502535,0.5718554757323773
668.3991852415127,7.773696773014551,0.5718051818523756,0.571216872213619
668.7184008134802,7.7725302963420795,0.5716406165588818,0.5705698607394056
669.0376163854478,7.77136380695515,0.5716843725522169,0.5707568946938683
669.2863142324833,7.770454997415711,0.5718394473699907,0.5713707179847622
669.5350120795188,7.7695461811087,0.5719832867196853,0.5718973839849025
669.8478372497602,7.768403015725713,0.5719664384263344,0.5718548447179661
670.1392219589981,7.7673381919908415,0.5717893991153022,0.5711889825770813
670.4695161502491,7.766131167392186,0.5716192687404703,0.5705803000020288
670.7978199756378,7.764931402793267,0.5716968540192885,0.5708601111815818
671.0312918191642,7.764078187410044,0.571848657710161,0.5714409656143903
671.2647636626905,7.763224966102241,0.571983410652909,0.5719094561007615
671.5512026395144,7.7621781694035095,0.571978626151709,0.5718922858337313
671.8376416163383,7.761131364516557,0.5717989266368572,0.5712796804863784
672.153186113049,7.7599781813819675,0.571620903985502,0.5706490282844879
672.4687306097596,7.758824985749566,0.5716525182055816,0.570779341801138
672.7275768095855,7.757878991717309,0.5718262608920034,0.5713755911609854
672.9864230094113,7.756932990258881,0.5719782566687074,0.5719048496020885
673.28894986695,7.755827341284471,0.5719781254625612,0.5718860423672236
673.5827187946297,7.754753691239827,0.5717809117544845,0.5712620347113899
673.9055333320936,7.753573875573631,0.5716036676968501,0.5706642594026855
674.2283478695574,7.752394046741375,0.5716550283620572,0.5708591574956563
674.4734108505976,7.7514983772071115,0.5718296565086406,0.5714241426928236
674.7184738316378,7.750602701034747,0.5719828181876462,0.5719064285218474
675.0336117528526,7.749450900455546,0.5719702178167413,0.5718756052604025
675.3259725049045,7.748382339400773,0.5717726535696858,0.5712620080932557
675.6542986992348,7.747182315063837,0.5715835078945162,0.5706904567720648
675.981491783517,7.745986418599397,0.5716580268630758,0.5709196092475018
676.2194145828255,7.745116798284104,0.5718285586258778,0.5714594022164554
676.457337382134,7.744247171715206,0.5719850843236123,0.5719093078220271
676.7482461821226,7.743183869446125,0.5719822503150039,0.5719096329690627
677.0391549821111,7.742120558650278,0.5717864250217372,0.5713446998605997
677.3539544423616,7.740969913402743,0.5715834874495374,0.5707603276320843
677.668753902612,7.7398192555840515,0.5716146959482662,0.5708578369600463
677.9350049824518,7.738846042537579,0.5718069359610572,0.5714115594608401
678.2012560622916,7.737872821525548,0.5719826906805365,0.5719109451695289
678.4994734393621,7.736782746421187,0.5719847870727821,0.5719021801355167
678.7949886692477,7.735702539595117,0.5717686176833705,0.5713384538484736
679.1147788678182,7.734533588333363,0.5715685339086192,0.570783758143441
679.4345690663888,7.733364624021199,0.5716106185148286,0.5709201692869277
679.6907137778614,7.73242830080722,0.5718095934842218,0.5714452122416981
679.9468584893341,7.731491970222376,0.5719856275124604,0.5719072578061759
680.2516677054031,7.730377739126938,0.5719825584894788,0.5718988565700606
680.5469234612802,7.729298421724114,0.571765176963654,0.5713538160018765
680.8677100367943,7.728125764123613,0.5715508232151313,0.5708203889296559
681.1884966123083,7.726953093338843,0.5716039110273192,0.5709557880815683
681.4442908815495,7.726017999827069,0.571801466647291,0.5714609709529862
681.7000851507906,7.725082898939681,0.5719905824062066,0.5719048448249019
682.0060368858908,7.723964429916439,0.5719829170062419,0.5718981670737308
682.3018564857406,7.722882991895732,0.5717612400880919,0.5713745005293713
682.6220192525261,7.721712550276079,0.5715372835275672,0.5708611386245502
682.9421820193116,7.7205420954775565,0.5715902526620064,0.570983382983483
683.200973152509,7.719595994340374,0.5717978771552079,0.5714710986271668
683.4597642857065,7.718649885618296,0.5719893039092364,0.5719020574469964
683.7632634637984,7.717540321073465,0.5719915902252976,0.5718990169045541
684.059040154322,7.716458980146668,0.5717552611959733,0.5714016374511983
684.3776431058394,7.715294176483265,0.5715303128064674,0.5709059364254933
684.6962460573568,7.714129359731507,0.5715682776005373,0.5710050408459174
684.9609775651312,7.713161487894647,0.571792404071986,0.5714763839271166
685.2257090729056,7.712193608074297,0.5719927660425513,0.5718983552241116
685.5242042489979,7.711102276961842,0.5719962160847587,0.571900152564883
685.82055061274,7.710018793098901,0.5717578576598192,0.571430476201684
686.1367210369019,7.708862818439613,0.5715173077517819,0.570953244362117
686.4528914610638,7.707706830860635,0.5715515426962868,0.5710249822096225
686.7257840665061,7.706709066080344,0.5717788539226267,0.5714800534230744
686.9986766719484,7.705711292764117,0.5720012537989713,0.5718942004244145
687.2930091977372,7.704635120410085,0.5719980988988536,0.5718974279700915
687.5901045924817,7.703548837096961,0.5717588511356306,0.571454024761545
687.9041849561816,7.70240043970454,0.5715045029920135,0.5709990894064038
688.2182653198814,7.701252029528884,0.5715344002261589,0.5710509264067387
688.4984443939189,7.700227566048035,0.5717722082123898,0.5714876111592707
688.7786234679564,7.69920309352126,0.5720038443298984,0.5718892633771587
689.0692922481167,7.698140256924092,0.572006985698255,0.5718915512095182
689.3654210961205,7.697057446504043,0.5717537751733821,0.571476872679896
689.6780839638544,7.695914167492378,0.5714979994163002,0.5710449122564194
689.9907468315884,7.694770875778894,0.571512019624019,0.5710802215420665
690.2774057185853,7.6937226598395565,0.5717683632226574,0.5714957935900553
690.5640646055823,7.692674434381701,0.5720075141822993,0.5718820278071305
690.8502924437793,7.691627776663202,0.5720134495206503,0.5718849851444482
691.1450620459509,7.6905498751636685,0.571756514964529,0.5715011700833486
691.4552469805807,7.689415592556269,0.5714867200996887,0.5710931194723226
691.7654319152105,7.688281297422522,0.5714944214662137,0.5711081041585987
692.061638776238,7.687198106126871,0.5717563154714788,0.5715028810302575
692.3578456372657,7.686114904612795,0.5720190151937068,0.5718745845831412
692.6403810212422,7.685081689960734,0.5720145947871694,0.5718743323898822
692.9334768824559,7.684009847528456,0.571758831896589,0.5715197004614074
693.2412236603269,7.682884416340554,0.5714740199855256,0.5711392113812452
693.5489704381979,7.681758972792474,0.5714770664946905,0.5711407958095613
693.854214104556,7.680642671018223,0.571750260568749,0.5715135237862142
694.1594577709142,7.679526358344746,0.5720266318840164,0.5718661090034567
694.4389744881407,7.67850412370027,0.5720218461053256,0.5718603727104536
694.728090898894,7.677446772966374,0.5717542289584726,0.5715368037205959
695.0340416839366,7.676327845226529,0.5714679278339341,0.5711845999189223
695.3399924689792,7.675208905239162,0.5714545222172178,0.5711764452391177
695.6528590386171,7.674064659769717,0.5717484628689541,0.5715239430949475
695.9276915093521,7.6730595066936935,0.5720099036080335,0.5718296712687215
696.2025239800872,7.672054345686529,0.572047830488886,0.571867375650998
696.4972467641938,7.670976429955884,0.5717914410180193,0.5715917225630478
696.8217056849271,7.669789745965287,0.5714631794762144,0.5712375201314956
697.1155101870584,7.668715166346071,0.571428990554787,0.5712022463633315
697.4582683451414,7.667461526060713,0.5717405224310961,0.571535063984347
697.7288815670577,7.66647174647547,0.5720158411917591,0.5718112178828821
697.999494788974,7.665481959162088,0.5720556471065574,0.5718542485295542
698.2909300885766,7.664416005098033,0.5718105949177168,0.5716165653852674
698.6018922843699,7.663278618627073,0.5714700161333757,0.571298925210768
698.8870759134495,7.66223550971427,0.5713995299218395,0.5712315519942942
699.2842243665193,7.660782851944383,0.5717524945152399,0.5715616517694301
699.5592251967153,7.659776964891361,0.5720324251475356,0.5718056361349177
699.8342260269112,7.6587710698659786,0.5720572345658972,0.5718266378728559
700.1042806264226,7.657783259426709,0.5718074190252737,0.5716229442001913
700.3858876896561,7.656753183208954,0.5714892382932882,0.5713596301467962
700.6667459435383,7.6557258357817775,0.5713726402398203,0.5712697978577812
701.0428616554237,7.654350030908335,0.5716806367516338,0.5715135652856056
701.2832624578695,7.653470652496819,0.5719586356206595,0.571728908476191
701.5236632603152,7.652591267790613,0.5720923337192102,0.5718267164361659
701.7901364350719,7.651616503523116,0.5719635724351394,0.5717330945848593
702.0566096098286,7.650641731504485,0.571640142113071,0.5715109166393829
702.3983509782402,7.649391611821733,0.5713642025735756,0.5713175985793996
702.7329722396827,7.648167522893784,0.5715145372999748,0.5714248211577491
702.9517448093683,7.6473672159705615,0.5717832012158361,0.5716006515228942
703.1705173790539,7.646566903449703,0.5720241290906244,0.5717522388054722
703.4608339714829,7.6455048611557155,0.5720789822397148,0.5717883526570371
703.7629797028322,7.644399535853539,0.5717951166995192,0.5716197285898833
704.0371523450705,7.643396533977131,0.5714597085637902,0.5714290984610806
704.3103972800443,7.6423969161440155,0.5713436692405146,0.5713630625730741
704.6742296317863,7.641065884768653,0.5716418975503454,0.5715297513669916
704.9110783050065,7.640199397072561,0.5719407773003689,0.5716883907898409
705.1391030967615,7.639365184806506,0.5721082736459497,0.5717707548715307
705.4128749357025,7.638363603110148,0.5720031923755446,0.5717220017569042
705.6866467746435,7.637362013272955,0.5716678110994271,0.5715646914384443
705.9902471034345,7.636251285630363,0.5713584315279137,0.5714225727005386
706.2918534887453,7.6351478405758115,0.5713979462624572,0.5714424356924551
706.5707091622879,7.634127619577482,0.5717244632187332,0.5715825176607299
706.8495648358305,7.63310738923428,0.5720472193517104,0.5717161851023619
707.1226669627575,7.632108200903772,0.5721025126814375,0.571736377484055
707.4343957006568,7.63096768121594,0.5717856498467838,0.5716217592131692
707.7114616122807,7.629953972596535,0.5714317528669806,0.5714973510754596
707.9885275239046,7.6289402538596764,0.5713172539909324,0.571457341236893
708.2730694334612,7.6278991713121655,0.5715346268286741,0.5715315175054886
708.4882218934475,7.627111964103677,0.5718307554388391,0.5716240393404164
708.7033743534339,7.626324751515194,0.5720713137078994,0.5716952610472888
708.9967227075465,7.625251423205368,0.5720903754245649,0.5717021215064527
709.2900710616591,7.624178085713096,0.571766317600935,0.5716170863495498
709.5778334786608,7.623125176756355,0.5713954556205121,0.5715263015667738
709.8655958956624,7.622072256777315,0.5713109835219987,0.5715060580422948
710.321039197454,7.620405771238692,0.5718159634704817,0.5716168708971164
710.697697967304,7.61902754287928,0.5721464353624482,0.5716800960013877
710.9941323840677,7.617942852071262,0.5719541468554755,0.5716488038439136
711.2905668008315,7.616858151380845,0.571540116023447,0.571585084459605
711.6129860456596,7.6156783552874785,0.5712818589511031,0.5715487684073061
711.9483866801352,7.614451042595995,0.5715052127807791,0.5715769587105753
712.17344943232,7.6136274748687605,0.5718300293759139,0.57161338190937
712.3985121845049,7.612803901202953,0.5720905309397987,0.5716396141557789
712.6948096650726,7.611719649526247,0.5721088070678654,0.5716414772592757
712.9911071456404,7.610635388396553,0.5717502596042106,0.5716183168376003
713.2938060482605,7.609527691192785,0.5713514768757403,0.5715977810239904
713.5965049508807,7.608419981654329,0.5713014697280119,0.5715953949156412
713.9714246338747,7.6070479670173965,0.5717507902591886,0.5716057326155184
714.2728957888426,7.605944724080529,0.572122472894239,0.5716086685031947
714.5743669438104,7.604841471334494,0.5720935397228426,0.5716095852545721
714.8785182357489,7.603728400426355,0.5716950079358222,0.5716204896147639
715.1982643781218,7.602558246391915,0.5712968537406816,0.5716366910354527
715.5180105204948,7.601388078415256,0.5713392348531483,0.5716336916817493
715.8163077510437,7.600296394083617,0.5717404365075905,0.5716058027322021
716.1146049815926,7.599204698958277,0.5721221585721501,0.5715751937376387
716.41301691558,7.598112574380859,0.5721196904551555,0.5715764294290437
716.7202355478119,7.596988209012101,0.5717083031394898,0.5716222609296993
717.0393158213087,7.5958204198899235,0.5712967392693995,0.5716751558212324
717.3583960948056,7.594652616871378,0.5713121846072158,0.5716713018694777
717.6672916859624,7.593522075622211,0.5717356761778112,0.5716056918851511
717.9761872771192,7.592391522740236,0.5721387349347128,0.5715392943783462
718.2724198505083,7.591307306534641,0.5721245887528922,0.5715425739184677
718.579824134483,7.590182191520243,0.5717042602545274,0.5716246946877581
718.903193185005,7.588998632074892,0.5712742849427456,0.571714282448268
719.2265622355269,7.587815058297228,0.5713151587266798,0.5717044414823104
719.5256759633771,7.58672024955239,0.5717356299371803,0.571603037732465
719.8247896912274,7.585625429873523,0.5721457368946057,0.5715039405121155
720.1249452750724,7.584526786939461,0.5721392071453713,0.5715059504816724
720.4342030960553,7.583394817241128,0.5717061746467741,0.571623781030591
720.7589230234908,7.582206239196775,0.5712655562083889,0.5717510803789029
721.0836429509262,7.5810176466606265,0.5713000211557869,0.571738074982049
721.3835644677349,7.579919812493834,0.571740408709298,0.5715994370532544
721.6834859845436,7.578821967297013,0.5721544799367647,0.5714658927290895
721.9831534326563,7.577725042237123,0.5721522708339752,0.5714687568149842
722.2918545081385,7.576595039462192,0.571705618970648,0.5716222591016874
722.6186785814698,7.575398684413936,0.5712512445912927,0.571787299580335
722.9455026548011,7.574202314638691,0.5712943001102018,0.5717688629796133
723.2418390050867,7.573117535350228,0.5717376465277526,0.5715945878541312
723.5381753553723,7.572032745258096,0.5721671110494391,0.5714280164727532
723.8398969458792,7.570928231617318,0.5721615592114688,0.5714296734552851
724.1501209809393,7.569792582535851,0.5717075749199966,0.5716195704021666
724.4778903341229,7.56859269160694,0.5712370819570898,0.5718220493004111
724.8056596873065,7.5673927858198,0.5712854291550467,0.5717984891121858
725.1012675059251,7.566310605084303,0.5717424564544213,0.5715875562427928
725.3968753245437,7.565228413565956,0.5721757150591515,0.571387818371145
725.699129191085,7.564121881507949,0.5721762008055105,0.5713904225570533
726.0083778137362,7.562989731589662,0.5717035358486816,0.5716157625887431
726.3381674317675,7.561782368526043,0.5712259182515809,0.5718560062211168
726.6679570497988,7.560574990370568,0.5712777961447012,0.5718248284440947
726.9596441942109,7.559507095013917,0.5717437898468225,0.5715794750439377
727.251331338623,7.55843918912489,0.5721875064363598,0.571348344321252
727.5548301231726,7.557328029187963,0.5721857008761281,0.5713488793905719
727.8650878201742,7.556192113121397,0.5717084153733888,0.5716099960050424
728.1948487873404,7.554984778405867,0.5712108813567882,0.5718873827154447
728.5246097545067,7.553777428557475,0.5712698107359109,0.5718520112082027
728.8166579528701,7.552708143474621,0.5717448265949454,0.5715703787089678
729.1087061512334,7.5516388477972605,0.5721983023481806,0.5713061906133662
729.4128233838582,7.550525352833639,0.5721993656609446,0.571308286289313
729.722175743343,7.549392679344003,0.5717022982312218,0.5716047812585393
730.0539616113246,7.5481778536240665,0.5712001797044203,0.5719191330836464
730.3857474793061,7.5469630125310605,0.5712628067359222,0.5718730871341073
730.6732636354648,7.545910253617113,0.5717499587730193,0.5715586416768617
730.9607797916234,7.544857484404335,0.5722089139264558,0.5712655030553095
731.2658801508867,7.543740318732661,0.572209552375422,0.5712651400054679
731.5756601928366,7.542606007067541,0.5717076038658966,0.5715964159933784
731.9070261783479,7.541392641415061,0.571185201679005,0.5719471726319422
732.2383921638592,7.540179260384385,0.5712553586273218,0.5718971752689681
732.5262625534848,7.539125137189229,0.5717492911155017,0.5715475541061941
732.8141329431104,7.538071003632036,0.5722203824444259,0.571222244388361
733.1198830809155,7.536951387187352,0.5722226871510638,0.5712235065127
733.4287793316553,7.535820239367765,0.5717013554218454,0.5715894595999333
733.7618854871414,7.534600423670746,0.5711747077821813,0.5719761125055848
734.0949916426275,7.533380592378562,0.571248742012844,0.5719136586323335
734.3785037262621,7.532342361898043,0.5717553977685116,0.5715328725647266
734.6620158098967,7.531304121336536,0.5722311218024253,0.5711807094490526
734.9686678827866,7.530181130322948,0.5722324213709583,0.5711796409617788
735.2777139300973,7.5290493615369325,0.5717057672797945,0.5715795495224921
735.6103470701988,7.527831199999905,0.5711595050238345,0.5720012007567437
735.9429802103003,7.5266130228653685,0.5712422058159071,0.5719336192070815
736.2263169090876,7.525575368166506,0.5717556964074727,0.5715192734768056
736.5096536078748,7.524537703362094,0.5722417189853305,0.5711368774001369
736.8169057728528,7.523412442569793,0.5722457957885081,0.5711375569059924
737.1247732552326,7.522284917482102,0.5716998006323534,0.5715706333336394
737.4588768218899,7.521061292381307,0.5711490698186209,0.572026990026788
737.7929803885472,7.519837651489347,0.5712362757250035,0.5719459303952961
738.0721297715418,7.518815266106978,0.5717602851233876,0.5715025009458777
738.3512791545363,7.517792870884133,0.5722534431187045,0.5710952931518354
738.6597648618495,7.516663019913357,0.5722541633592128,0.5710936737754829
738.9678916886361,7.515534472488491,0.5717022819731062,0.5715602891500465
739.3017182672892,7.514311783207209,0.5711337442438614,0.5720496334946514
739.6355448459423,7.513089078110305,0.571230557319887,0.571960601213627
739.9137714934279,7.512070006675852,0.5717642038907095,0.5714856342461422
740.1919981409136,7.511050925431391,0.5722623161416494,0.5710512075136176
740.5007764818579,7.509919929858208,0.5722677459247041,0.5710516716872855
740.8072315177275,7.508797433253668,0.571697966355121,0.5715491443356363
741.1421124740422,7.5075708031131425,0.57112226599491,0.5720718515211142
741.4769032276535,7.506344487410638,0.5712258848758449,0.5719698999079649
741.7514523881979,7.5053388207805884,0.5717648311456907,0.5714679169452107
742.0260015487423,7.504333144564543,0.5722748005186107,0.5710101445214114
742.3366749512178,7.503195134429712,0.5722754454341419,0.5710087085715051
742.6434609089072,7.502071353220025,0.5716958956721073,0.5715393544240824
742.9787749057515,7.500843057591457,0.5711082930413957,0.5720928551600385
743.313722439255,7.499616088320499,0.5712203814649195,0.5719775897694761
743.5860100808388,7.498618641126088,0.5717734045760829,0.5714472809891596
743.8582977224227,7.497621184471773,0.5722831442318675,0.5709667339316541
744.1690374590614,7.496482857845149,0.5722868486521108,0.5709668523877655
744.4742222925177,7.495364869459907,0.5716955385448292,0.5715265070598821
744.8097383603448,7.4941357541939695,0.5710937266854753,0.5721111623352142
745.1446240293552,7.492908932208651,0.5712167268944726,0.571985765400572
745.4146903557104,7.49191955818994,0.5717716251695493,0.5714290734551877
745.6847566820655,7.490930174829284,0.57229371029693,0.57092543631739
745.9973325762638,7.48978504780429,0.5722970017235418,0.5709258383828816
746.3019506204741,7.48866906351347,0.5716882957791258,0.5715162180217467
746.6387483372091,7.4874351731619955,0.5710821990985573,0.5721302992808867
746.9745487810425,7.486204920161546,0.5712122526200953,0.5719863703240785
747.2407257445836,7.485229731376744,0.571778890429413,0.5714060785224809
747.5069027081248,7.484254533487509,0.572304668101337,0.5708845161761841
747.8208790985739,7.483104201233297,0.5723032209771965,0.5708850464309669
748.1250196792946,7.4819898939281355,0.5716871105238807,0.5715055272637689
748.462109180181,7.480754854482474,0.5710653979962472,0.5721469675638474
748.7978388502264,7.4795247809167265,0.5712099354673701,0.5719883932838914
749.0617602737992,7.478557792957962,0.5717849104755568,0.5713833212349365
749.325681697372,7.477590796016916,0.5723120373093962,0.5708425529483218
749.6405273724331,7.476437204071924,0.5723141785377964,0.5708459555601219
749.9429405288611,7.4753291537529085,0.5716823133232211,0.5714931562860752
750.281100102952,7.4740901132479785,0.5710510310466144,0.5721625502450086
750.617382285124,7.472857935201533,0.5712087706151098,0.5719869448050753
750.8777828304993,7.471903785436906,0.5717853060842257,0.5713608341285557
751.1381833758746,7.4709496268965,0.5723220843855295,0.5708035555346838
751.4558939414615,7.46978546239118,0.5723212543799652,0.5708081013972005
751.7577284483202,7.468679460312766,0.5716728096523502,0.5714844829097393
752.0976962520068,7.467433713185368,0.5710373882822981,0.5721789712746861
752.4351254816793,7.466197251546841,0.5712083401879685,0.5719778404346079
752.6910750540185,7.46525934971115,0.5717950107265292,0.5713328348789607
752.9470246263577,7.4643214393714725,0.5723327054930877,0.5707640310187845
753.2673194541868,7.463147729138129,0.5723244175938056,0.5707721056623826
753.5683170197062,7.462044721947488,0.5716665386547135,0.5714771740274085
753.9100261426133,7.460792512373748,0.5710183998718613,0.5721942914621106
754.2482522444116,7.459553049701324,0.5712126884400989,0.5719663666685602
754.5001244327794,7.458630028743361,0.571805869706729,0.5713030808055356
754.7519966211473,7.457706999525776,0.57233973506568,0.5707241233225435
755.0749588261459,7.456523437578961,0.5723305667550018,0.5707385466820531
755.374057345992,7.455427317881902,0.5716577178571886,0.5714691745748389
755.7186054809073,7.454164622060037,0.5709997512614324,0.5722090423499949
756.0580844640615,7.452920486576397,0.5712209365188304,0.5719497243623162
756.3049815030885,7.45201563851703,0.5718132591142039,0.5712715021725954
756.5518785421154,7.451110782499167,0.5723481281878867,0.5706859614767978
756.880297704858,7.449907143726606,0.5723326007610338,0.5707098754568134
757.1777165474705,7.448817108232645,0.5716392663686526,0.5714683231102171
757.5286530974647,7.447530915776604,0.570980761103762,0.572227456250613
757.8711529997631,7.4462756263839704,0.5712411857902858,0.5719119228679295
758.110757751525,7.445397445876447,0.5718361275253202,0.5712233261761425
758.3503625032868,7.4445192578681745,0.5723633745225887,0.5706440563471759
758.6452286692797,7.443438518850241,0.5723837716813452,0.5706246406423549
758.9400948352727,7.442357769327475,0.5717224244668246,0.571355093806593
759.2660983051627,7.441162881178631,0.5710210022150287,0.5721721193872912
759.5921017750527,7.43996797740719,0.5710971285233511,0.57207065162865
759.8685886191862,7.438954555248666,0.5717439221315406,0.5713089590872164
760.1450754633197,7.4379411229164845,0.5723768224327169,0.5706020299607917
760.4504161313598,7.436821919263019,0.572371167751749,0.5706089549091957
760.750191382857,7.4357231041802985,0.571667931544014,0.5713995052519778
761.0874833148968,7.434486758534241,0.5709731172389026,0.5722163808322593
761.4225328067118,7.4332586158893115,0.571160402517829,0.571981449019853
761.675103463789,7.432332793212041,0.5717935015995799,0.571232189613211
761.9276741208662,7.4314069620681,0.5723757583143179,0.5705738227351441
762.2492604623156,7.430228133559968,0.5723626460780155,0.5705933084222771
762.5458785053328,7.429140819271801,0.5716385034270614,0.5714134125453654
762.8923704606063,7.427870666685399,0.5709421588363304,0.5722400909757187
763.2324490389317,7.42662400655642,0.5712027299352291,0.571916962579361
763.472725719746,7.425743190094713,0.5718272102925781,0.5711690392737017
763.7130024005603,7.4248623659760415,0.5723850634141735,0.5705358451737662
764.0058654660651,7.423788757221334,0.5724131794433474,0.5705134921034171
764.2987285315699,7.422715137932277,0.57171730973783,0.5712990180122822
764.6240768684738,7.421522415855799,0.5709784016264475,0.5721818945403678
764.9494252053778,7.420329678048841,0.5710691724856424,0.5720674819551513
765.2221739853418,7.419329759915097,0.571734312278266,0.5712530271368969
765.4949227653058,7.418329831747209,0.5723965757275155,0.5704984471419171
765.8022282023558,7.417203203931007,0.5723973699636001,0.5705069329955285
766.0996124304114,7.416112937611418,0.5716479873150225,0.5713549597147289
766.4384387395045,7.4148707220400825,0.5709291312126051,0.5722306526478734
766.7743810031347,7.413639063072575,0.5711445210961255,0.5719532266124365
767.0209825558768,7.4127349417446045,0.571791736141622,0.5711608649663531
767.2675841086188,7.411830812245256,0.5723989339356754,0.5704724251666503
767.5615393773325,7.410753057236966,0.5724311867003941,0.570444336939269
767.855494646046,7.409675291494425,0.5717010990666402,0.5712693481570708
768.18180843621,7.408478871716918,0.570949302788971,0.5721887825199553
768.5081222263739,7.407282435988419,0.5710534390920371,0.5720495704145635
768.7755683966731,7.406301827700876,0.5717304941207555,0.5712099322636686
769.0430145669723,7.405321209683743,0.5724096830677659,0.570437002901558
769.3537545322492,7.404181839444789,0.5724083994551119,0.5704448642469157
769.6503717817137,7.4030942407667455,0.5716303848542216,0.5713294710952764
769.9908559580372,7.401845781321968,0.5708973700552957,0.5722368254270488
770.3278428184256,7.400610128319428,0.5711347797603723,0.5719239260044374
770.5706256375738,7.399719889357328,0.5717973233276364,0.5711072757041761
770.8134084567221,7.398829642412369,0.5724151133448913,0.5704066184977337
771.1052998601878,7.3977593121254515,0.5724472061756558,0.5703793515480325
771.3971912636534,7.396688971134083,0.5716958510184933,0.5712289489239589
771.7228904569961,7.395494645956029,0.570921076335974,0.572184091167206
772.0485896503387,7.394300304769705,0.5710274406124808,0.5720433193841135
772.3151752990068,7.393322721524867,0.5717185143199225,0.5711760857136393
772.5817609476749,7.39234512852,0.5724200178303227,0.570376456634723
772.8933692460163,7.3912024221291865,0.5724235373797845,0.5703850346768224
773.1887917481262,7.390119059694865,0.5716157493780625,0.5712980800916325
773.5299166409796,7.388868083934575,0.5708644052001008,0.5722356522505512
773.8673602055545,7.38763059095672,0.5711204641366547,0.5719014245576118
774.1081204384867,7.3867476504177025,0.5717920584230263,0.5710614684044489
774.3488806714189,7.385864701959251,0.5724256716107893,0.5703456077578619
774.6385957370242,7.384802209983733,0.5724687810058988,0.5703170620404011
774.9283108026294,7.383739707341327,0.5716911898881735,0.5711836796851495
775.2531821897869,7.382548258304134,0.5708915738340244,0.5721725705903825
775.5780535769444,7.381356793225607,0.571000740473263,0.5720397089346994
775.8445787647573,7.380379300787396,0.5716956196505392,0.57114879428586
776.1111039525703,7.379401798494501,0.5724246738689949,0.5703218720445913
776.4237158031973,7.378255258142535,0.5724448360714636,0.5703272846683479
776.7178985223075,7.3771762973237385,0.5715999631243591,0.5712611463905933
777.0582693169802,7.375927919298141,0.5708329188292647,0.5722271494611106
777.3956729982818,7.374690406234722,0.5710993669293047,0.5718875836785112
777.6358667289111,7.373809424733853,0.5717721851466387,0.5710258053001526
777.8760604595403,7.372928435274384,0.5724301330530333,0.5702911051464179
778.1638438863238,7.371872885218551,0.5724969689812176,0.5702567697520092
778.4516273131072,7.370817324514993,0.5716875296931295,0.5711328842568076
778.7754973468282,7.369629387855906,0.5708605162620048,0.5721537755448515
779.0993673805491,7.36844143514404,0.5709735351221401,0.5720394301964936
779.3666615502901,7.367460990199934,0.5716620250805441,0.5711288747502483
779.6339557200312,7.366480535238215,0.5724213579130782,0.5702734784151208
779.9471268497269,7.365331788412779,0.5724744324411436,0.5702702698397415
780.2398485808977,7.364258040763059,0.5715883331602248,0.5712150342545591
780.5775600935349,7.363019248617055,0.570800191241229,0.5722089631411922
780.9141156596667,7.361784679200757,0.571070842354579,0.5718889517908742
781.1553244629316,7.360899854805906,0.5717337144888774,0.571007547978578
781.3965332661966,7.360015022295361,0.5724199201564847,0.5702461834108166
781.6824885065022,7.358966035484408,0.5725354967452898,0.5701957631900065
781.9684437468078,7.357917038038817,0.5716970261303517,0.5710695394799155
782.2911892247295,7.3567330654964165,0.5708234639519497,0.5721233009994829
782.6139347026511,7.35554907691543,0.5709463895483116,0.5720471410605017
782.885010021526,7.354554627401353,0.5716234347961139,0.571115628697656
783.1560853404009,7.353560167468415,0.572407657959999,0.5702256539147773
783.467617652511,7.3524172761805495,0.5725132705789211,0.57021576234274
783.7572880748014,7.351354576253245,0.5715911547453084,0.57115721942202
784.0930186633127,7.3501228825519505,0.570754577867625,0.5721817247976568
784.428749251824,7.348891171346389,0.5710480916866825,0.5718982957939421
784.6717378244825,7.34799969650402,0.5716893097955238,0.5710008705996352
784.9147263971411,7.347108213325452,0.5723863824439183,0.5702085252987161
785.197204408718,7.346071840453272,0.572582179284023,0.5701333381735391
785.4796824202949,7.345035457085701,0.5717442685728338,0.570984723864876
785.8007903823852,7.3438573305407715,0.5707741545675457,0.572072503564831
786.1218983444755,7.342679188051491,0.5709125160418844,0.5720693449896103
786.408174694661,7.341628828930748,0.5716083076458668,0.5710899760851422
786.6944510448466,7.340578458067494,0.5724053108508969,0.5701500235515898
787.0021082715889,7.339449626987141,0.5725329742730111,0.570191749586755
787.2848719175904,7.33841212230201,0.5715827971071707,0.5711325570584036
787.662453107522,7.337026698846564,0.5706595900300767,0.5722113301393308
788.004785570633,7.335770590957327,0.5711757401528645,0.5717214509294567
788.2311794574728,7.3349398823234955,0.5717788983383696,0.5708379737623495
788.4575733443126,7.334109166464648,0.5723771969322972,0.5701285390288016
788.7273922473885,7.333119100659456,0.5725984909319337,0.570094766939672
788.9972111504644,7.332129025157246,0.5718202045127574,0.570912628414949
789.3065856307946,7.330993791279136,0.5707213877897975,0.5719937889998051
789.6159601111249,7.329858542566887,0.5708193544971617,0.5721190522885793
789.9586666741785,7.328600964335661,0.5716896123935368,0.5709769157531064
790.3022559879201,7.3273401298411605,0.5724954975686353,0.5699901259409577
790.5805289192409,7.3263189686958725,0.5724631082826112,0.570269876452242
790.8588018505617,7.32529779697803,0.5714371081897358,0.5712706109726913
791.1832740562405,7.324107074346911,0.5705476907386908,0.5721718675726596
791.5003337930536,7.322943537369006,0.571088298231005,0.5718233592986847
791.7579228677145,7.321998232642589,0.5718016062843255,0.5708375004026875
792.0155119423753,7.321052918416306,0.5723679566834745,0.570039990335583
792.2823291754355,7.320073728868657,0.5725488820997897,0.5700896321820791
792.5491464084957,7.319094529700255,0.5718210497453762,0.570949122535894
792.8438477262617,7.318012985975625,0.5706535509662555,0.5719662771468182
793.1361366682112,7.316940282197531,0.5706767818963896,0.5721183975683624
793.4678491462513,7.315722877204124,0.5716833435184632,0.5710754914342522
793.7468122512768,7.314699053005514,0.5722928808305286,0.570100079771919
794.0103357891451,7.313731883985902,0.5725207813801535,0.569990058710313
794.2932104432047,7.3126936831927525,0.5719622523785125,0.5708262095144011
794.5717571747876,7.311671355307524,0.5707982652381325,0.5718382824386359
794.8503039063706,7.310649015340137,0.5704782816537071,0.5721626844887967
795.1883576991015,7.309408252181525,0.5715365714544461,0.5712814435200873
795.4263416539192,7.308534766198849,0.5721779187577763,0.5703556451388836
795.6643256087368,7.307661272317602,0.5724463992652347,0.569894484027178
795.9373746825662,7.30665906645491,0.5723002904422512,0.5703308218800379
796.2104237563956,7.305656850152545,0.5714106966936237,0.5713689862642374
796.5304308397165,7.304482261765199,0.5703964097585361,0.57214860396273
796.857393859606,7.303282124698932,0.5710650120274295,0.5716636198644078
797.1663898752511,7.302147921313826,0.5721660834450085,0.5704803755674528
797.4463395023483,7.301120324059512,0.5724555603653091,0.5698765717128361
797.7195341835493,7.300117511669659,0.5722168419310663,0.570314303328497
797.9927288647502,7.299114688796662,0.5714219765149494,0.5713644611959214
798.3294880516296,7.297878522227132,0.5703926749070232,0.5721463114504468
798.650353274559,7.296700681890347,0.5710060942540337,0.5716062673508902
798.9327139330871,7.295664171855749,0.572156150944439,0.5705311467719408
799.2150745916152,7.2946276503128376,0.572518877792029,0.569872555226572
799.4945135298653,7.29360184346815,0.5721557467981888,0.5702584877806406
799.7739524681155,7.292576025659903,0.5714029023648447,0.5713308745787224
800.1230932862245,7.291294315944601,0.5704366804250781,0.5721419282029024
800.4569280270534,7.290068777071594,0.5709803959817471,0.5715190764200189
800.7215216870064,7.289097416441262,0.5721295393063754,0.5705145848793818
800.9861153469594,7.288126045658564,0.5726185748467288,0.5698803470117207
801.2776688764961,7.287055689197828,0.5721390737974951,0.5702159885956207
801.5692224060328,7.285985320767685,0.5712980641183912,0.5713220254870701
801.924450698636,7.284681168040093,0.5704950952449228,0.5721391196674658
802.2955177147755,7.283318844630613,0.5710831836922579,0.5713368276280992
802.5755419222304,7.282290758751541,0.5722662279993246,0.5702958152720338
802.8506465905077,7.281280723599211,0.5726759120078495,0.5698510385648947
803.1633795760063,7.280132524909733,0.571874658763339,0.5704949910135751
803.4761125615048,7.278984312039031,0.5708844843974561,0.5716849818729057
803.7810296183111,7.277864780785099,0.5705189341406525,0.5721165028269241
804.1345053077325,7.276566943043636,0.571199794845346,0.571176415882894
804.4322139580798,7.275473847286882,0.5723443949233441,0.5701178810127131
804.7299226084272,7.274380738916976,0.5726572646554277,0.5698959909184272
805.05425597633,7.273189857340433,0.5715743707500245,0.5708077728340204
805.4126071858578,7.271874051319426,0.5705209252628399,0.5719871994207237
805.7446782305165,7.270654723138458,0.5707314090058104,0.5718503557377493
806.0073744521162,7.269690118980298,0.5714533991271441,0.5709149584687406
806.270070673716,7.268725504409559,0.5723147335543786,0.5700278696225052
806.5580658145794,7.267667981553905,0.5726397695283386,0.569907399948328
806.8460609554429,7.266610446940517,0.57175631301515,0.570723106402899
807.162619624238,7.2654480110365105,0.5705064776384842,0.5718151631395078
807.4789152244846,7.264286525078547,0.5705263084578277,0.5720006880305903
807.8318716006255,7.26299039584487,0.5715612974786934,0.5708894785667528
808.132118760439,7.2618878108247165,0.5723467493606307,0.5699230678915587
808.4285175488461,7.2607993454987065,0.5725048008706357,0.5699763337735463
808.7089861437248,7.25976936904702,0.5716632734970479,0.5708755133583111
809.0180518047006,7.258634360436752,0.5704089570314443,0.5718674268239443
809.3249955504924,7.2575071290139626,0.5704343458202396,0.5719356783070338
809.6720161448555,7.25623269942254,0.5716808468201099,0.5708408308960607
809.9609618638857,7.255171535082099,0.5723742789679306,0.5699194117533378
810.2388124363821,7.254151106860521,0.5724045094254361,0.5699105579243294
810.5290365483756,7.253085224059833,0.5717143546024547,0.5708167516484459
810.8371742125506,7.251953537429074,0.5705263622548791,0.571830087712996
811.1453118767256,7.25082183532528,0.5702738364413393,0.5719288815745468
811.4959633469582,7.249533973264244,0.5715957690849877,0.5708833390117354
811.7754178876254,7.248507587460614,0.5724527050024331,0.5699806565203764
812.0548724282926,7.247481190324846,0.5723981506195424,0.5698546928131167
812.3868309482925,7.246261938926637,0.5715520408768051,0.5708430883403341
812.7119949152662,7.245067626814467,0.5705178783981949,0.5718840772820603
813.0412621796426,7.243858225736044,0.5703426015496482,0.5718239733384562
813.3481794310524,7.2427309004883185,0.5714669378035381,0.5708477345958525
813.6550966824622,7.241603560712504,0.572556057166019,0.5699304621707731
813.983312626937,7.240397973339616,0.5723079607165916,0.5699878067004671
814.3148255363939,7.239180259746365,0.5711712138288898,0.5710823136731501
814.7154155837497,7.23770878881412,0.5703192314530697,0.5720179782496186
815.0929814358586,7.236321867286846,0.5709001420891625,0.571259543368428
815.3797226567594,7.235268558822912,0.5720389957305264,0.570248718998404
815.6664638776602,7.234215238091021,0.572677604597311,0.5697976664129493
816.0427749495925,7.232832871501477,0.5717134274115971,0.570543684029664
816.3861388749226,7.2315715163829415,0.5704453950145498,0.5716942852525353
816.7300598655911,7.2303080955572385,0.5703854171194976,0.57190402507969
817.083942006912,7.229008061122675,0.5713521053446082,0.5708430273495864
817.437824148233,7.227708007184642,0.5724276086557663,0.5698429062368815
817.735016565996,7.226616199635131,0.572452252012371,0.5700012748043516
818.0322089837591,7.225524378914834,0.5713475929976987,0.5709137628853568
818.4234317142864,7.2240870898396885,0.5700951078679501,0.5719123583915351
818.7831896459802,7.222765374964976,0.5707492007846716,0.5715197731986784
819.0586527160327,7.221753336638364,0.5717133551282713,0.570561712705872
819.3341157860852,7.220741286587386,0.5723531763879709,0.5698332045497535
819.620366677171,7.2196895903414395,0.5723620400030842,0.5699493569033519
819.9066175682567,7.218637881900084,0.5715359138675162,0.5708158908250281
820.2242564519001,7.217470836294982,0.5702753369781,0.5717456757869915
820.5418953355436,7.216303773987583,0.5701398419080356,0.5718094433547595
820.9363516520342,7.214854447400037,0.5716306612165386,0.570692186836185
821.2346443728987,7.213758432453664,0.5724082588136212,0.5698716022129323
821.5318522278914,7.212666390439991,0.5722620041752337,0.5699143662149415
821.8457887523919,7.211512867353539,0.5713837373384429,0.5708538923134486
822.2193383433295,7.210140282528202,0.5701864767752405,0.571848437566418
822.5617849196841,7.208881963268197,0.570280963067725,0.5716062819967258
822.8703596368242,7.207748089536065,0.5715189388630666,0.5706658560549598
823.1789343539643,7.206614200822401,0.5724983411352297,0.5698814553444291
823.5270033703738,7.205335169106028,0.5721425281348288,0.570028659870297
823.8681582217936,7.2040815267280776,0.5709566245963288,0.5710887936575542
824.3155534451004,7.202437454033797,0.570090126199898,0.5718930380043032
824.739814513166,7.200878362820135,0.5710284886598564,0.5709234132871298
825.1350801993506,7.199425799085123,0.5724352580858505,0.5698836827941718
825.4931579290985,7.198109877015995,0.5722257700366475,0.570056434962635
825.8339959822893,7.196857291818362,0.5708671241283981,0.5710504458699577
826.2472332416753,7.195338613190338,0.5700251413697027,0.5718715541352425
826.6402783164945,7.193894115626933,0.5707978191657721,0.5711886787606196
826.9113118648698,7.192898013277413,0.5717147698032101,0.5703088998311264
827.1726299396213,7.191937606444356,0.5723808867199917,0.5698145322197016
827.4901126830241,7.190770767012756,0.5722277756977836,0.5700862997774427
827.8075954264269,7.189603911924565,0.5709965878724553,0.5709875064387979
828.1634697093737,7.188295935648881,0.5698958095142862,0.5717705283100236
828.5047146522728,7.187041707923349,0.5703408927508589,0.571559371356125
828.845959595172,7.185787460686433,0.5715255032304324,0.5705594766812733
829.1917807476325,7.184516374648739,0.5722880749354184,0.5698046800214827
829.4958358830057,7.183398787030343,0.5721415129755432,0.570044213659268
829.799891018379,7.1822811850584936,0.5711732461914599,0.5709015001604598
830.1415825122095,7.181025226754981,0.569956764665839,0.5716937368788471
830.4832740060401,7.1797692488267275,0.5700270705719317,0.5716165558171298
830.8581383103156,7.178391312949296,0.5714246701698693,0.5706571128543725
831.1724187427047,7.177236055291909,0.5722528445683581,0.5699039690217621
831.4815879553161,7.176099570945742,0.5721409600419922,0.5699121000827877
831.8217386756131,7.174849183693793,0.5712070093238113,0.5707745554099064
832.202627312438,7.173449022312053,0.570007596403733,0.571692002756364
832.560978827033,7.17213168582579,0.5699683708861711,0.5715724661379581
832.9263581580138,7.170788492260061,0.5712666991647971,0.5706590981955666
833.2917374889947,7.169445277108539,0.5723187657541553,0.5698940807734764
833.6579142978502,7.168099109248095,0.5719196411814248,0.570078528398966
834.0283247498238,7.166737355901778,0.5706839231355331,0.5710705574366194
834.5212881347932,7.164925021497151,0.5698266773160153,0.5717497909361138
835.0047231353947,7.163147677269395,0.570982445662497,0.5707417389741434
835.4637764159802,7.1614599370510135,0.5723006652929965,0.5698786604177406
835.8593307085218,7.160005628399742,0.5717204035578763,0.5702493227412596
836.2548850010635,7.1585512947127174,0.5702894090844302,0.5712584911834095
836.6628658535213,7.15705124504194,0.5697854989766805,0.5717369183833135
837.0996678332324,7.1554451953969584,0.5707148485172069,0.5709329003983106
837.4443898321485,7.154177686571735,0.5717933192171549,0.5700876987204249
837.788359061383,7.152912926792241,0.5722001907614731,0.5699096880226457
838.1354304677144,7.151636741332374,0.5713933107878855,0.570491406227752
838.4698223397692,7.150407160089112,0.5701468055264175,0.5712862229229878
838.7836189759371,7.14925329195134,0.5696427080735245,0.5716937659588874
839.1990516251246,7.14772567016013,0.5703634863260095,0.5712376738644706
839.4746476468922,7.146712237126206,0.5711910779242392,0.5705273318073253
839.7502436686598,7.1456987917246275,0.5718517854309381,0.5699784556462177
840.0702715920132,7.144521942380626,0.5720143745088151,0.5699622321960011
840.3902995153667,7.143345076610532,0.5713013629110607,0.5705474568111437
840.7135112768198,7.1421564855012525,0.5701406042237267,0.5712711066778344
841.0367230382728,7.140967876887177,0.5695409726469156,0.5716507459512541
841.3862425286115,7.139682501938874,0.5700457198502307,0.5713934917213708
841.7357620189503,7.1383971063089176,0.5710919817688289,0.5706048733744725
842.0848509756071,7.137113273892677,0.5718073734529977,0.569958577062863
842.432789380776,7.13583365340931,0.5717794279851355,0.5700521430776776
842.7670898985085,7.134604170838018,0.5709831206075776,0.5707212552329496
843.1077044694131,7.133351447424882,0.5698910304758675,0.5714038328607146
843.4483190403176,7.132098704441339,0.5694794988054244,0.5716271073596241
843.807765290456,7.130776679380756,0.5701636875290318,0.5712317221831521
844.1672115405944,7.12945463253543,0.5712078189991144,0.5704560171080146
844.5427243099391,7.128073470089968,0.5717444036731442,0.5699409015382904
844.8840378491811,7.126818075098872,0.5714970058314642,0.5701868443003383
845.2253513884232,7.125562661070118,0.5706502087752633,0.5708913538514514
845.5892613838363,7.124224111542473,0.5696612794574268,0.5715076779353597
845.9531713792494,7.122885539628947,0.5694889742621271,0.5715707790856582
846.3377454693448,7.121470934643616,0.5703468088140814,0.5710349393241312
846.7223195594402,7.120056304786582,0.5713035279608981,0.5702782336724318
847.0717918079794,7.118770773506502,0.5715785242762537,0.5699808744316688
847.4278470704933,7.117461006243281,0.5711841486967001,0.5703513926182543
847.7839023330072,7.116151218027117,0.5703097477276438,0.5710648832641962
848.1919742326052,7.11465005458242,0.569449562376362,0.5715886509987157
848.5732821566093,7.113247321706685,0.5695783924847057,0.5714799294385523
848.9627519435614,7.111814538215698,0.5704691393115596,0.5708714416081848
849.2911594963882,7.110606370958625,0.5711407927519014,0.5702840423144001
849.619567049215,7.109398185839276,0.5713619757778501,0.5700378579391229
849.9808719387013,7.108068953651342,0.5710322188342191,0.5703701049341873
850.3421768281876,7.106739699777443,0.5702546669992509,0.5710336777520574
850.7165071810273,7.105362501498962,0.5694881894169174,0.571541094413336
851.090837533867,7.103985279669126,0.5694014801638377,0.5715864148355382
851.5066770891302,7.1024553112055,0.5700962224448844,0.5710892237234311
851.8570386110696,7.101166228700117,0.5707529504293916,0.5704716234196354
852.207400133009,7.0998771257387965,0.5710799632449354,0.5701182126767733
852.5669442387274,7.098554215811428,0.5709456210338675,0.5703057476369104
852.9264883444458,7.097231284345782,0.5703590746243724,0.5708644163873227
853.2765862635626,7.095943088891684,0.5696615705836984,0.5713912144943631
853.6266841826795,7.094654872919142,0.5693229826518356,0.5716581588809643
854.008078251074,7.093251476734154,0.5695647735489727,0.5715111083139619
854.3894723194686,7.0918480560178825,0.5701226696895745,0.5709419487407307
854.7455146840676,7.090537900259426,0.5705823475796613,0.570387593874531
855.0987329454559,7.08923811584194,0.5707839218466658,0.5702210349314488
855.4954326449424,7.087778302214934,0.5705438255509919,0.5705490479734802
855.8673438656513,7.086409683546136,0.5699686962038987,0.5710772940373924
856.2392550863601,7.085041041790188,0.5694769756690161,0.5715601782197072
856.6196847155269,7.083641028358423,0.5693761789642416,0.5717559386381921
857.0001143446937,7.082240990632568,0.569616053053151,0.571456207943368
857.3361920089862,7.081004154529392,0.5699534209407782,0.5709244696441048
857.6722696732788,7.079767299722918,0.5702782978774681,0.5704910700833294
858.0784660152798,7.0782723645993,0.5704296875061944,0.5703804067226095
858.4846623572807,7.076777401728153,0.5701849985110781,0.5706789230429498
858.9004731015498,7.075247025545015,0.5697626902149924,0.5712530485717356
859.3162838458188,7.0737166208108,0.5694963937355442,0.5717767856434925
859.7162949398503,7.07224433995563,0.5694686119167656,0.5718094076161835
860.2129505357021,7.070416312279153,0.5696949736735796,0.5712314533278299
860.6136384839089,7.068941480696289,0.56994398871479,0.5707382554155697
861.0143264321156,7.067466622331926,0.5700452479319805,0.5704977587432836
861.4872996513326,7.065725660682299,0.5699328794793057,0.5707226159807163
861.8534597224395,7.064377840989974,0.5697903495613674,0.5712536284189708
862.2196197935465,7.0630299991049315,0.5696761736928297,0.5717667728205841
862.5632520427994,7.0617650622203065,0.5696250127383432,0.571944323328593
862.9068842920523,7.060500105890258,0.5696372938192388,0.5717953019594275
863.2847144796542,7.059109240109309,0.5696874845403771,0.5713947390510562
863.6570233089374,7.057738676416026,0.5697191633094689,0.5709140420456933
864.0761408292692,7.056195770403644,0.5697233361028948,0.5705832608396727
864.4668093041003,7.054757568474499,0.5697330981687906,0.5707712362103533
864.866628018469,7.053285654992212,0.5697824550945851,0.5713316864873649
865.2198660876734,7.051985203840327,0.5698585030314781,0.5717925191383504
865.5731041568778,7.050684732163115,0.5699145010809007,0.5720258089518249
865.9359331923695,7.049348929521102,0.5698863126920242,0.5719636947725301
866.2987622278612,7.048013105268686,0.5697702650622477,0.5715727602653774
866.6450180449309,7.046738278151594,0.5696354421080698,0.5710470506234733
866.9912738620006,7.04546343140393,0.5695383424728314,0.5707116935525441
867.3642115046881,7.044090325562149,0.569548344858736,0.5708048795038524
867.7371491473756,7.042717196866017,0.5697412987961078,0.5712423606182261
868.0538013865192,7.041551288824156,0.570000268853859,0.5716788557788667
868.3704536256629,7.040385364429284,0.5702048232839222,0.5720357311537134
868.7315345124904,7.039055832342435,0.5702325216489953,0.5721698291917449
869.0926153993179,7.0377262787893216,0.5700471572318526,0.571864913596927
869.4195178379312,7.036522556807123,0.5697828221760207,0.571333208255711
869.7464202765444,7.035318817457148,0.5695239986809628,0.5708940801928759
870.137838025153,7.033877493336459,0.5694129064766971,0.5708141641589379
870.5292557737615,7.032436144182235,0.5697020519052767,0.5711805347715396
870.8677639452151,7.031189608023408,0.5701590921884084,0.5716743008829065
871.2062721166686,7.029943053279597,0.570503241404632,0.572124435826571
871.6099014715703,7.028456665581844,0.5705174871857203,0.5722354910295082
872.013530826472,7.026970250896047,0.5701536429821235,0.5717174983785748
872.4139257767608,7.025495721011566,0.5696389286969461,0.5710485024574629
872.8143207270497,7.0240211653368245,0.5693605496128834,0.5708242999449878
873.223525036146,7.022514140100298,0.5697095850147845,0.5711621917144123
873.5605242956427,7.021273012514272,0.5703215561554222,0.5716917747381242
873.8975235551394,7.020031866520064,0.5707785602676265,0.5721843393021944
874.2982122544075,7.018556132234663,0.570774486136033,0.572276269245415
874.6989009536757,7.017080371239461,0.5702703327457792,0.5716786323912129
875.0974137544054,7.0156125982308986,0.5696228226791489,0.5709791546625403
875.495926555135,7.014144799804571,0.5693826694876287,0.5708439395131949
875.8980358926777,7.012663728673245,0.5699529263230351,0.5713231693538514
876.2309594237195,7.011437466615192,0.570704869581216,0.5719057232549244
876.5625049399198,7.010216262261019,0.5711079751692858,0.5723149911801252
876.9917227156144,7.008635267893953,0.5707850252077961,0.5721170807814294
877.3466353524888,7.007327948235795,0.5701152736880499,0.5714050002075759
877.7015479893631,7.006020608154942,0.5695423137752297,0.5708261843301791
878.0746907939056,7.004646094699691,0.5695205465307607,0.5708991166178262
878.447833598448,7.00327155887187,0.5702753054646903,0.5715350901693194
878.7723462931255,7.002076141910117,0.5710838951229891,0.5721152618739568
879.0944836871292,7.000889457733547,0.5713538701209834,0.5723559122110304
879.5053419968472,6.999375919901823,0.5707017418410502,0.5719141564126674
879.8795690748975,6.997997301378363,0.5698469003768191,0.5710941778825883
880.225403405505,6.996723259084488,0.5695152283437093,0.5707072128675571
880.5832367907508,6.995404992837617,0.5698936341181915,0.5710951648275756
880.9410701759966,6.994086705990039,0.5708005058057288,0.5718964306387693
881.2964961405964,6.9927772671820465,0.5714926388868001,0.5723662164763865
881.6519221051963,6.991467807182859,0.5712434257644237,0.5721341187572044
882.0218053494017,6.990105061394763,0.5702049662054535,0.571365917542189
882.4093725825215,6.988677139228067,0.5695133886076549,0.5707258508871781
882.7959054576369,6.987253004177951,0.5699634981927559,0.5709666575114184
883.204724329112,6.985746733118436,0.5710330505579049,0.5719513106281033
883.7293286587102,6.9838138158372205,0.5715191310596239,0.5723478002740743
884.0945380967437,6.982468165290913,0.5707471183134106,0.571586672126955
884.4597475347772,6.981122492948202,0.5697185267546365,0.5708038249048492
884.9153031825535,6.979443895807532,0.5698327461431076,0.570891834678268
885.2399699638405,6.9782475678530815,0.5708752571612057,0.5716228031143131
885.5646367451275,6.977051222625037,0.571652129982448,0.5723123098165899
885.9097930604912,6.975779357126962,0.5714918328256293,0.5723146199302052
886.254949375855,6.974507471224141,0.5706220293445401,0.5714883237540046
886.5949336507149,6.973254624891929,0.5698312945753687,0.5706742717404201
886.9345974047947,6.972002941534725,0.5697795378701516,0.57070828901423
887.2832603948243,6.9707180763768015,0.5706874251447593,0.5715452878769345
887.6019164663384,6.9695437727199385,0.5716731372710606,0.5722690656089248
887.9205725378524,6.968369451752199,0.5718000934818008,0.5723293144962969
888.277657737251,6.96705349004041,0.5707660456562432,0.5715622941265678
888.6337129060288,6.9657413031988575,0.5697768454044331,0.5706793708554139
888.9773464888368,6.964474875061049,0.5699360571778702,0.5706413486373945
889.3815883648383,6.9629850571197265,0.5710865048189382,0.5717050939391611
889.8102998492701,6.961405027554797,0.5718163342102823,0.5724585429115127
890.2516691982008,6.959778313682124,0.5710391152239647,0.5715706455386077
890.6127975630345,6.9584473124368715,0.569920625159538,0.5706205351803799
890.967364129323,6.957140475737644,0.5698655966841164,0.570654454858302
891.3392679327433,6.9557697170957296,0.5711408917648025,0.5716289559804529
891.7108898930176,6.954399974249258,0.5719896507309121,0.5724004435306767
892.0363898586569,6.95320021049773,0.5714684660401004,0.5720897213594516
892.3618898242962,6.952000428471499,0.5704445427822201,0.5710703267056877
892.6860219717508,6.950805670991542,0.5699226597938573,0.570396411920769
893.0096112068325,6.949612898363167,0.5702983116813862,0.5708057528462273
893.3332004419141,6.94842010896503,0.571280584429364,0.5718553719927704
893.7122174357329,6.947022983268158,0.5720163001606386,0.5724163003846467
894.0770723616819,6.945678037785928,0.5712723224354976,0.5716441137516138
894.4280183802906,6.944384342866446,0.5700305078324869,0.5705999024390694
894.7505706401116,6.943195298688045,0.5699519293157879,0.5704549236426474
895.1427390892507,6.941749601870567,0.5712536428717495,0.5715216459052583
895.499874009947,6.940433030990669,0.5719782815325445,0.572407778302011
895.871048562125,6.939064679425215,0.5714305613056333,0.571923860560241
896.1226488581815,6.938137130057685,0.5707024432221107,0.5710200637107677
896.374249154238,6.937209570364069,0.5701345751502467,0.5703586504042452
896.6823046738709,6.936073867137599,0.5701594737046584,0.5705230252226924
896.9903601935039,6.934938148810485,0.5710816726446466,0.5715160720948111
897.3147437186911,6.933742216098711,0.5720692352011193,0.5723428055734102
897.6391272438784,6.932546264824711,0.5718278246150943,0.5720843981918818
897.9839611655142,6.931274896083308,0.5705467448311371,0.570936864845713
898.300689717028,6.930107131825333,0.5699975450507829,0.5702586236456156
898.6278103236092,6.928901035954477,0.570675070287285,0.5707609755179867
898.9549309301904,6.927694922841526,0.5716637350876843,0.571943597297948
899.3262116294817,6.926325966248288,0.5719289901799047,0.5723652373860385
899.6709365670423,6.925054901867084,0.5711874012440408,0.5713267675058975
900.0156615046029,6.923783817559802,0.5702208391871157,0.5702710223527939
900.3426407598251,6.922578148575096,0.5702735201090424,0.5705033417540903
900.6672071968568,6.921381359356982,0.571430556205517,0.5716277434420289
901.0116353331151,6.920111313364018,0.5722110676386859,0.5723662516583202
901.3203405627372,6.918972974199259,0.5715611694237862,0.5718448666330456
901.6290457923593,6.9178346183904615,0.5705065638708824,0.5706880152180913
901.9289708593863,6.916728624664698,0.5702395467532803,0.5701287487593865
902.24727920282,6.9155548259894895,0.5708735991173427,0.570821552036735
902.5655875462537,6.914381010741169,0.5717220346598759,0.5720348703946128
902.8644080519648,6.913279043801207,0.5720405268509587,0.5723506311107477
903.2787312394349,6.911751108542429,0.5711263069970475,0.571044196358807
903.6682824334481,6.9103145009625475,0.5701373352472904,0.5701086332343868
904.0209832392854,6.909013771458615,0.5708715923396708,0.5708617147846475
904.3682694945173,6.907732990220594,0.5720679531996757,0.5721032006006337
904.6879055023979,6.906554163342618,0.5719650171651895,0.5722227814819024
905.0131673625754,6.905354569249316,0.5710058159521645,0.5711000418214421
905.3231577562641,6.90421128098044,0.5704344159371663,0.5700969456969641
905.6323631795409,6.903070872717683,0.5706356018547974,0.5703587603577498
905.9360327391931,6.901950866850814,0.5714032528887959,0.5715536014008172
906.2800820981844,6.900681911154566,0.5721451616767702,0.5723359794361393
906.6233497693407,6.899415817091358,0.5716408297256921,0.5715365069667596
906.8974294943283,6.898404898207807,0.5706365931934613,0.5704560432205262
907.1698841842074,6.897399961004442,0.5702491610730415,0.5700189384595168
907.4919102794045,6.896212166659749,0.5710862642524349,0.5707945260963285
907.8139363746016,6.8950243551100305,0.572023154602489,0.5720331349678719
908.1741663267109,6.893695604381043,0.5718518479737161,0.5721115268457658
908.4722496853136,6.8925960708437515,0.5711497876901415,0.5709611171870121
908.7703330439164,6.891496522312802,0.570581753026454,0.5699967969727806
909.0647599131586,6.890410447821327,0.5706215084120642,0.570278164079708
909.3591867824008,6.889324359308779,0.5714305178758055,0.5714524975310961
909.6877141938369,6.888112461980096,0.572255343127253,0.5722720993245751
910.0153418804306,6.8869038639647835,0.5717093543035993,0.5716083132113703
910.2922046995076,6.885882519553785,0.570719055100396,0.5704673936304332
910.5663854066185,6.884871056964805,0.5704457132527275,0.5699137004581424
910.8753433753354,6.883731285523929,0.5711409528996148,0.5706098999484674
911.1843013440524,6.88259149829711,0.5718716741469821,0.5718912337889519
911.492770089006,6.8814534986932365,0.5720016106051752,0.572217690699539
911.7846415818316,6.880376713294259,0.5715478668454451,0.5712523868167613
912.0765130746572,6.87929991313041,0.5707781910703917,0.570099199393577
912.3666404543844,6.87822953395175,0.5705054244725474,0.569991182561167
912.6802580815828,6.877072475989765,0.5713615236159222,0.5710990452291438
913.042026090129,6.875737751289618,0.5722860215386582,0.5722007601658022
913.348257306348,6.874607907966404,0.5717476869006264,0.5717324573676305
913.6544885225671,6.873478047738136,0.5708720560436432,0.5704306990383221
913.9424725189937,6.8724154975903975,0.5707047633217136,0.5698150485182811
914.2433326588667,6.871305425407979,0.5711327299665397,0.5705502136823207
914.5441927987398,6.870195338114301,0.5717839479990598,0.5718270432825308
914.8424070302644,6.869094997175231,0.5721621869832996,0.5721575981341473
915.1864430828812,6.867825563969728,0.5715028690564034,0.5709874460484287
915.5440787688674,6.86650592889781,0.5705250409711793,0.569834764142157
915.8682991759895,6.865309574610467,0.571021555968287,0.5703323667126056
916.17579396575,6.864174920805369,0.5719742264407265,0.5716267538661641
916.4937446204284,6.8630016670403435,0.5720606610928262,0.572158158051875
916.8116952751068,6.86182839438458,0.5714863066089695,0.5711655849949271
917.0816601936771,6.860832180312967,0.5709981935517634,0.5700349536099191
917.3493805025511,6.859844237541451,0.5707641594770051,0.569801030057544
917.6601689552494,6.858697350073306,0.5712399134615606,0.5708465912942291
917.9426785674591,6.85765480417055,0.5720993401971779,0.5719304340714257
918.2251881796687,6.856612243513468,0.5722297776846123,0.5719981405844595
918.5089431179564,6.855565072268162,0.5713871774962215,0.5709741689988247
918.792698056244,6.854517886948347,0.5707359338806671,0.5698909771202869
919.1000343150095,6.853383661030843,0.5710267189842018,0.5699403195392458
919.4016564677057,6.852270508144539,0.5716433800458575,0.5711634395104288
919.7328478727277,6.8510482097369465,0.5720518784391772,0.5721126017146546
920.0960917981988,6.849707594239056,0.5718130731976515,0.5712383077311425
920.3669453221083,6.848707946351956,0.5710608754275917,0.5700825423299458
920.6377988460179,6.847708286369711,0.5706618250080319,0.5697165255043439
920.9828314339213,6.846434830768919,0.5715137416026721,0.5707884751483692
921.2942132877081,6.845285556538812,0.572227480008798,0.5719379559363235
921.6064005672894,6.84413329141656,0.5718782479730588,0.5717747352425165
921.9185878468707,6.842981008182383,0.5712805783392029,0.5704545821786365
922.2039698685722,6.841927648586862,0.5709829635612967,0.5696513159546436
922.4862385427182,6.840885767658186,0.5710500000592027,0.5701368752864415
922.7685072168641,6.839843873414819,0.5717035916949665,0.5713527698389366
923.1157355061789,6.838562183951745,0.5723316866652319,0.5719976062833397
923.4354094529359,6.837382183058027,0.5716020578217827,0.5710321973342727
923.7323370391686,6.836286128653365,0.5708687996414364,0.569847693787679
924.0321409749629,6.835179441984266,0.5711003754761073,0.5697734153602475
924.3314907498938,6.8340744171668035,0.5716590943110723,0.5709231817413066
924.6593090933239,6.8328642847497,0.5720432619372626,0.5719719743424606
924.9921890098988,6.83163544679744,0.5719910588666484,0.5713824281881259
925.2645184456212,6.830630117968034,0.5713169152039596,0.5701967817289708
925.5368478813436,6.8296247766216736,0.5707782615280563,0.5696002993939263
925.8334029040585,6.8285299894782625,0.5712944106497467,0.5702447768636221
926.1299579267734,6.827435187386354,0.5721142280814182,0.5714906049247764
926.4306208557866,6.826325203440627,0.5720830313895939,0.5719181034382932
926.7312837847999,6.825215202271333,0.571629951478387,0.5709756422829267
926.9989229128831,6.8242271061883955,0.5712662378865712,0.5698595193813009
927.2651073337105,6.823244368985481,0.5709999946363893,0.569605632411539
927.5651010602435,6.822136795949481,0.571362670404449,0.5705716335321541
927.831843554519,6.821151972828259,0.5721490144638194,0.5716219637375961
928.0985860487945,6.820167136365689,0.5723029335504766,0.5718354929105943
928.3911892214593,6.819086804494141,0.5715540911367583,0.5708959143765182
928.6837923941241,6.8180064572340795,0.5710781830216434,0.5697436201039557
928.9656058691176,6.816965934195322,0.5712284381502922,0.5696519275683628
929.277363349948,6.815814835487852,0.5715844591963695,0.5708071210738338
929.5660715761495,6.814748825810279,0.5720919762686092,0.5717779403845343
929.8842601233506,6.813573946246998,0.5721829739341207,0.5714646908964994
930.139983256525,6.8126297002707705,0.5714774540012589,0.570415018179314
930.3957063896995,6.81168544288641,0.570921836048254,0.5695968805938819
930.6710449416788,6.81066874353084,0.571252137427547,0.5697604702414367
930.9463834936581,6.809652031561046,0.5718519027971438,0.5708329009070627
931.2394462447722,6.808569856430205,0.5720585295668777,0.5717639323316468
931.5308070982051,6.80749394943867,0.5720404149337973,0.5714475500733904
931.8396185237245,6.806353585407568,0.5715590271648074,0.5701758489316968
932.1334767940903,6.8052684244120565,0.5709537480418105,0.5694924597393881
932.4461183846182,6.8041138846701985,0.5713996290457416,0.5701520006257503
932.748305506717,6.802997935727859,0.5721956454421241,0.5713621884130108
933.0375588200176,6.8019297341448315,0.572114787641986,0.5717251266757597
933.3268121333182,6.8008615164366555,0.571720932277753,0.5708710931633834
933.5889711788814,6.7998933451410855,0.5714319146935557,0.5698062731352384
933.8466956080556,6.7989415399177995,0.571134631631254,0.5694770658852111
934.1428543871026,6.79784777880264,0.5713813568510888,0.5702872712482124
934.393409669601,6.796922426621997,0.5721125864523785,0.5712797588682471
934.6439649520995,6.795997062656257,0.5723724296833828,0.5716938254035426
934.9282993569561,6.794946929189381,0.5717899048781189,0.5710620185316485
935.2126337618128,6.793896780700863,0.5713327198705233,0.569905104014696
935.486694662573,6.792884562832326,0.5713072219377515,0.5694377224036614
935.7577226386283,6.791883534631118,0.5714004731218496,0.5700710073377888
936.0287506146835,6.790882493688552,0.5718818011583999,0.5711538515331913
936.3545872909697,6.789678998676505,0.5723958717659187,0.5716076370564005
936.6516705165701,6.788581688228684,0.5717777887236488,0.5707709210559209
936.9301030966813,6.787553251369626,0.5711783594236991,0.5697140035428491
937.2364107874935,6.78642183798795,0.5713786754213064,0.5695083735565715
937.5230829215204,6.785362938617883,0.5716808614291923,0.5704337274492982
937.8084808456272,6.784308731269634,0.5720295769770511,0.5714293091698562
938.0909176015921,6.7832654464912885,0.5723189422949049,0.5714494304899667
938.373354357557,6.782222146386715,0.5717874567850438,0.5705039721442399
938.6629603973215,6.781152348570135,0.5710995486559655,0.5695400598509295
938.9365080420685,6.78014185709358,0.5713605764088941,0.5695487889913409
939.2100556868154,6.779131353054633,0.571855139084473,0.5704573430829308
939.4834514609187,6.778121396583912,0.572037028416566,0.5713798480960526
939.7534180819207,6.777124093639778,0.572200457845878,0.5714162675963113
940.0468876901941,6.776039950666642,0.5719074127474505,0.5704611410923103
940.3089642449147,6.775071767552517,0.571212993591947,0.5695775127247329
940.5678466411305,6.77411537311362,0.5711745223420055,0.5694604698420995
940.8736054654621,6.772985787611906,0.5719039629251848,0.5703659172353776
941.1602899535484,6.771926654496127,0.572129934067679,0.571315896251185
941.4221311552876,6.770959289065205,0.5721039640945305,0.5713773080145312
941.691168068838,6.7699653253746215,0.5719867530823666,0.5705611417381345
941.9602049823884,6.768971348458095,0.5714098086096788,0.5696237271690643
942.2307094578373,6.767971937085379,0.5711195734618519,0.5694224018683758
942.4913596416498,6.767008921927752,0.571708400407784,0.5700875963630784
942.7520098254622,6.766045894750059,0.5722195199675807,0.5710174337011104
943.0412737907793,6.764977132775878,0.5721169108923311,0.5713909662561013
943.3305377560964,6.7639083544095655,0.5719738600868309,0.5706975569585401
943.608816590917,6.7628801494242685,0.5715947080861127,0.5697058955204982
943.9085601792392,6.761772620001621,0.571147929889931,0.5693961202902346
944.1923525690313,6.7607240150477725,0.5716864563166922,0.5700954680056444
944.4730886721331,6.75968668886803,0.5722943799043277,0.5710407432819723
944.7452343927823,6.758681089950599,0.5721482226717478,0.5713150218128598
945.0173801134315,6.757675476494537,0.571930190347052,0.5706778130415305
945.3105960252383,6.756591990496949,0.5716302669339949,0.5696681432462417
945.5959054318948,6.755537706231313,0.571203795153658,0.5693745670540188
945.8680600038921,6.754532019302408,0.5715895410606482,0.5699879625138423
946.1665171659286,6.753429121802249,0.5723166715186535,0.5709634012466176
946.4344920671911,6.752438851787038,0.5722026054403783,0.5712531265732357
946.7024669684536,6.7514485676447915,0.5719226972166701,0.5706873515968645
946.9562554470544,6.750510696021381,0.5717347922566729,0.5698162750880509
947.2014435305545,6.749604596312083,0.5713522791629344,0.569349616072964
947.4792898711213,6.748577794797097,0.5713624552980971,0.5696776052364839
947.7063232961356,6.7477387661860755,0.5719750750219208,0.5703954237221497
947.9333567211498,6.7468997280620036,0.5723721113307295,0.5710299198364777
948.2060565234893,6.745891909316492,0.5721405625787982,0.5711227398831622
948.4787563258288,6.744884075971402,0.5718947676610487,0.5704223661425212
948.7620337399607,6.743837135698246,0.5716229767757923,0.5695527805993078
949.0286057575843,6.742851922808905,0.5712623186011292,0.5693667541484098
949.2951777752079,6.741866697830413,0.5716251984882009,0.5699408747362574
949.5942230751878,6.740761439492904,0.5723378428328866,0.570840860217441
949.8885128729503,6.739673740493386,0.5721908804499944,0.5710902071434254
950.153704595667,6.738693573731239,0.5719559458250999,0.5705235657804849
950.4483942157583,6.737604365222617,0.5716890723928846,0.5696237260958705
950.7275938056367,6.736572395779738,0.5712729337367035,0.5693440841748694
950.993568302472,6.7355892961926775,0.5716014354733979,0.5698316788061858
951.2892407900674,6.734496411548096,0.5723028906798476,0.5706981137455546
951.5512652250654,6.733527885145321,0.5722437728788565,0.5710438245372775
951.8132896600634,6.732559345143847,0.5720491038473009,0.5706692874712088
952.0741078678075,6.731595250710605,0.571863507540598,0.5698928066218054
952.3326361401298,6.7306396088314475,0.5713852142461139,0.569366359170697
952.5980784664719,6.729658397474788,0.5713719374262912,0.5695050339761536
952.8382241562476,6.728770684975526,0.571976298068142,0.5701141260987961
953.0783698460234,6.727882961909184,0.5722969544775555,0.570747693461384
953.3609748850416,6.7268382691404325,0.5721747193497573,0.5709345310419003
953.6112819389764,6.7259129575984895,0.5721206489182528,0.5704579376741812
953.8615889929112,6.72498763417732,0.5717728822559158,0.5697496576777448
954.1620184641314,6.72387700590701,0.5712598500422519,0.5693331754655294
954.4383737776193,6.722855361369263,0.5716923013248827,0.5696889837098962
954.7023982069619,6.721879289660849,0.5721720121338009,0.5703939397113317
954.9738601737415,6.720875708354125,0.5721973360915795,0.5708659422358014
955.2445244826104,6.719875061390578,0.5722674406630334,0.5706713164658884
955.5121446640403,6.718885654551836,0.5719534700740252,0.5700004919127895
955.7711202806671,6.717928194686068,0.5713498199525497,0.5694379053383444
956.0245224558194,6.716991329154719,0.5714482505000772,0.5693904573044573
956.299785965071,6.715973626466551,0.5719551698868921,0.5699233439670878
956.5306112408188,6.7151202099832785,0.5720846572365391,0.570498672850182
956.7614365165665,6.7142667831960265,0.5722555551819151,0.5707935458330566
957.0332028649285,6.713261972009932,0.5723702336615186,0.5705493994603686
957.3049692132905,6.712257146511049,0.5717571463425214,0.5699000908928453
957.555656689909,6.71133024581451,0.5713569098768807,0.5694185914521753
957.8083937383182,6.710395755926268,0.5716288337678471,0.5694093783480251
958.0611307867273,6.709461255005004,0.5718432414664787,0.569877382775404
958.3322155897011,6.708458899889665,0.5720689444261791,0.5704909834133639
958.5800833272854,6.707542378988737,0.5724796612047437,0.5707085402582817
958.8279510648696,6.7066258458732095,0.5722920898558589,0.5704428316884929
959.0851983163421,6.7056746178390565,0.5716384257059318,0.5698663772930124
959.3370146166957,6.704743460215554,0.5715338197071872,0.5694197347104167
959.591644077446,6.703801889004414,0.5716474943110305,0.5694217076790276
959.8317237070452,6.7029141100123315,0.5716732021789819,0.5698322864541804
960.0718033366444,6.702026320497601,0.5721174023379054,0.5703437936660327
960.3439690722735,6.701019866394775,0.572557754663951,0.5706205953613169
960.5870648606361,6.700120898927366,0.5721666090547158,0.5704222455096101
960.8301606489988,6.699221919917677,0.5717609334697528,0.5699330676414079
961.0732723737326,6.698322871042319,0.5717048038211271,0.5694870024917161
961.310934701823,6.697443964536392,0.5715117740082178,0.5693865621500678
961.5760657362617,6.696463463608526,0.5715834213152508,0.5697192572067792
961.7919573261466,6.695665049397049,0.5721568822019579,0.5701448604919778
962.0078489160315,6.6948666263171095,0.5724878186407645,0.5704668101928024
962.2594426444573,6.693936155831276,0.5722286887343748,0.5704922944144597
962.511036372883,6.6930056727557234,0.5720419094750527,0.5701323566685191
962.7805410316083,6.692008935341045,0.5718221659508803,0.5696241303065458
963.0241818974475,6.691107841549182,0.5713766243630334,0.5693992733519525
963.2678227632867,6.690206737457157,0.5715264409554341,0.5695417575278663
963.554774827307,6.689145433676493,0.5721929584413583,0.5700203557718269
963.7922986045741,6.688266930713598,0.5722614894103001,0.5703683464271933
964.0298223818411,6.6873884165832065,0.5722780805161396,0.5704276801551118
964.2840565791354,6.686448084210432,0.5722935005437937,0.5701385525520808
964.5382907764297,6.68550773944735,0.5717256689638759,0.5697057088603593
964.7855055220602,6.684593346543161,0.5713595575093229,0.5694407889901097
965.0225298356537,6.6837166357868165,0.5716841499453751,0.5694921469587154
965.2595541492472,6.682839915179407,0.5719341891136728,0.5698037802041868
965.5318808338837,6.6818326031081465,0.5721039051997914,0.5702121084889349
965.7736392722578,6.680938348085918,0.5725041153018304,0.5703542340752625
966.0153977106319,6.68004408138991,0.5723697008281515,0.5701979235092078
966.2573899007442,6.67914893861176,0.5717423970639482,0.5698513093883534
966.4917344035402,6.678282074672196,0.571585304618498,0.569545040912731
966.7431893644012,6.677351906630622,0.5716651320633488,0.569460269171721
966.9718588628058,6.676506015736682,0.5716024362690113,0.5696434358935955
967.2005283612103,6.675660115414436,0.5719574522497098,0.5699520435512895
967.4834642779779,6.674613457498455,0.5725648005529475,0.5702359120604809
967.7416968983471,6.6736581700169415,0.572278246072226,0.5702161098358157
967.9864461406314,6.672752749756678,0.5719683982247808,0.5699612761503041
968.2316122234733,6.671845776006046,0.5718641202914634,0.5696508168462088
968.4671638916845,6.6709743598880715,0.5714874036517134,0.5694944317229357
968.7160034673071,6.670053775027302,0.571469121441124,0.5695728749141389
968.937765334561,6.669233355184367,0.5720359092411617,0.5697991742528317
969.159527201815,6.668412926210011,0.5723372548575155,0.5700438590931872
969.4288224119064,6.667416630219936,0.5722663291317458,0.5701778028580126
969.6667861384963,6.666536237416093,0.572358843082992,0.5700724134325802
969.9047498650862,6.665655833503593,0.5720637038095682,0.5698314284287275
970.1456359939166,6.664764606692797,0.5714571908321486,0.5696060913884858
970.3776998483637,6.6639060106,0.5714981682450821,0.569532647548834
970.6321000211527,6.662964763147237,0.5718617974838063,0.5696534546485404
970.8430569543781,6.662184241195033,0.5719286972303097,0.5698476056640274
971.0540138876034,6.661403710816629,0.5721907797948697,0.5700203397140432
971.3043023543607,6.660477644270589,0.5726016211426351,0.5700866220495099
971.554590821118,6.659551565206408,0.5722216150461654,0.5699755689754914
971.8034479582387,6.658630770015102,0.5717168377203778,0.5697695543170505
972.0305194441669,6.657790573779913,0.5717131663374999,0.5696164275796133
972.2560730583948,6.656955984833362,0.5715939366332352,0.569583302483289
972.5223810440782,6.655970585852599,0.571599222672153,0.5697028515787602
972.7374197373464,6.655174885261253,0.5721685178371624,0.569854255820233
972.9524584306146,6.654379175827876,0.5725190927858826,0.5699726039461945
973.1946303111674,6.653483054257382,0.5722877568582715,0.5699982039213366
973.4368021917203,6.652586920939862,0.5721770021415834,0.5699019741015174
973.6944817430713,6.651633390520321,0.5719622399316955,0.5697442807543882
973.9218663830834,6.650791954777514,0.5714384475815873,0.5696483167031928
974.1492510230955,6.64995050985681,0.5714567269594522,0.5696418963562103
974.4225362286718,6.648939196129722,0.5720141588157556,0.5697401539138592
974.6396225787162,6.648135840975203,0.5721125654146988,0.5698447364968455
974.8567089287606,6.647332476692899,0.5722797444873221,0.5699129346186834
975.1021544582376,6.646424153181528,0.5725663760777354,0.5699096066881062
975.3475999877146,6.645515817681489,0.5721194756826937,0.5698354327044514
975.5950164819344,6.6446001763970735,0.5715884841381758,0.5697435799479275
975.8213868373517,6.643762413038798,0.5716599022601727,0.5696947438688899
976.047757192769,6.642924640614456,0.5716456597623106,0.5697016031103465
976.3121552386115,6.641946120209675,0.5717268062900437,0.5697602521015911
976.5271390520518,6.641150469151011,0.5723042991936416,0.5698121198962156
976.7421228654921,6.640354809093179,0.5725791462016157,0.5698412648221589
976.9866857431554,6.639449665003854,0.5722349662729701,0.56983608238181
977.2312486208186,6.638544509000686,0.5720897158641894,0.5698028621742158
977.4781830834058,6.637630563873296,0.5718591612370882,0.5697692036772452
977.7112979942948,6.636767756997221,0.5713809839354618,0.5697555439618919
977.9444129051838,6.635904940460233,0.5715643315910224,0.5697589684291996
978.2018933690717,6.634951929563675,0.5721155907919467,0.5697683099987962
978.4148233100299,6.634163803874658,0.5721762709822986,0.5697713397347028
978.627753250988,6.633375669288997,0.5723353989873234,0.5697702848944252
978.9145726360578,6.632314027431418,0.5725044311177071,0.5697744971801584
979.1355343929031,6.631496141887751,0.5719431469954858,0.5697890433276015
979.3564961497484,6.630678247067468,0.5715491999970356,0.5698098371579621
979.5937687300298,6.629799967473599,0.5716786496321802,0.5698238964647766
979.8310197590916,6.628921757649356,0.5716314630541096,0.5698117559930841
980.0764450101807,6.62801327936144,0.5718270203927561,0.569769733461648
980.304361993237,6.627169600344118,0.5724558513417117,0.5697239421356591
980.5250083570264,6.626352825200683,0.5725325653321451,0.5697012953192718
980.7907934763167,6.625368945227209,0.5721414978460988,0.5697292710931171
980.9992247926873,6.624597367055348,0.5720914405449393,0.5697895692188656
981.2076561090579,6.623825780639262,0.5718235111811855,0.5698559002750411
981.4520011691753,6.622921236002939,0.571348455919943,0.569896501505372
981.6963462292928,6.622016680682542,0.571680703395273,0.5698656616781717
981.9380267489963,6.6211219787202165,0.5721244091085722,0.5697735876768063
982.1739788683624,6.620248472644056,0.5721721638319706,0.5696764501881317
982.4004889929989,6.61940991092778,0.5724668118893069,0.5696374982046096
982.6700797009621,6.618411847441686,0.5724173078378909,0.5696995997387155
982.89993499271,6.6175608788865015,0.5717686428471137,0.5698194006597616
983.1219330120698,6.616738989988846,0.5716035686853654,0.5699316009722353
983.3609813451072,6.615853966811871,0.571684759122232,0.5699739178015623
983.584369039335,6.615026914415653,0.5715627732461158,0.5699079926352111
983.8077567335628,6.614199852876133,0.5719366382694475,0.569771057333132
984.0693944503857,6.613231163875481,0.5725592332837821,0.56961893720398
984.3274431745637,6.612275749486954,0.572321529300952,0.5695865741246172
984.5756127114565,6.611356899771882,0.5721862630622022,0.5697043512486203
984.8140569648419,6.610474046677004,0.5719958113337987,0.569890682546845
985.051962187006,6.609593178804466,0.571417953198797,0.5700312629014412
985.2902676599786,6.608710818690069,0.571515307247354,0.5700368333941563
985.5497656606686,6.607749978526562,0.5720059054044823,0.5698758997367227
985.7591098675655,6.606974833071607,0.5720614501557443,0.56968960985309
985.9684540744623,6.60619967908127,0.5723336387676025,0.5695534429012227
986.2339956528253,6.60521642638763,0.5726032173732696,0.5695597854955102
986.4574490166652,6.604389007876475,0.5720579009515402,0.5697232345130977
986.6809023805051,6.603561579666,0.571688599872384,0.5699491588906099
986.9375080974073,6.602611379718106,0.571712373156325,0.570125606041747
987.1955093642017,6.601656000103949,0.5714744202917486,0.5700827941185069
987.4320612608526,6.600780036911149,0.5718550502386572,0.5698683602783181
987.7019345670839,6.599780669964743,0.5724883946082369,0.5695868003053114
987.933036573719,6.598924865482338,0.5723341833275795,0.5694808864428124
988.1641385803542,6.598069050261112,0.5723057160800381,0.5695847664179875
988.4187953461094,6.5971259949940455,0.5721124526597432,0.5698749049037888
988.6472907622235,6.596279810991046,0.5714813805463932,0.5701275675860004
988.8757861783376,6.595433617386682,0.571481000030681,0.5702217126731034
989.1444241959819,6.594438750419105,0.5718755333357782,0.5700518794293217
989.3515726492462,6.593671593170579,0.5719142831970191,0.5697851548019189
989.5587211025106,6.592904427655462,0.5722817072742488,0.5695416562090725
989.8056462725909,6.591989939609549,0.5726563399439085,0.5694468942882309
990.0237448617933,6.591182200711838,0.5722076730402248,0.5695939487049582
990.2418434509956,6.590374452409409,0.571851736562364,0.5698919425253284
990.4685905406459,6.589534663951348,0.5718128759706476,0.5701937421605114
990.690081649174,6.5887143325822555,0.5714783409970098,0.5703084208123981
990.933639039397,6.587812264531062,0.571551517377365,0.5701536590529296
991.1552838603337,6.586991344910663,0.5721909115450011,0.5698377931278503
991.3769286812704,6.5861704158644505,0.5723458487297776,0.56952870011613
991.6073777304283,6.585316867334286,0.5723224002052496,0.5694077716672088
991.8251695279803,6.584510189530485,0.5724710213385348,0.5695594225012806
992.0429613255322,6.58370350233273,0.5720501894476646,0.56989137131689
992.2865128428108,6.582801391975633,0.5714606053535832,0.5702611842256461
992.5132006345873,6.581961734656709,0.5716408757383523,0.5703960694346267
992.7398884263638,6.581122067948853,0.5717282366521629,0.5702343499962359
992.9943999934217,6.580179328727482,0.5718911948486665,0.5698179322897634
993.2005817786005,6.579415599237862,0.5724770486543299,0.5695048153812587
993.4067635637794,6.578651861295995,0.5725916907046676,0.5693812161342474
993.6703764779056,6.577675374695469,0.5721034847262186,0.5695954974930246
993.8772516944684,6.576909048728784,0.5720367869805897,0.5699672953679022
994.0841269110313,6.5761427145621765,0.5717815202365638,0.5703212392371351
994.3200473212138,6.575268777696536,0.5713349621697441,0.5704800705414957
994.5559677313963,6.5743948305911335,0.5717389030132409,0.5702881786066699
994.7854706509524,6.573544646562677,0.572165441013838,0.5698703809691313
995.0098268482793,6.572713518520559,0.572194134264924,0.5694846792922705
995.2244484570662,6.571918442887767,0.5724990402957344,0.5693594251570293
995.4538107370506,6.571068749512721,0.5724621052631287,0.5695707729021614
995.6640016606373,6.570290069007953,0.571827523963246,0.5699753898750569
995.8651297835539,6.569544954887068,0.5715997557965765,0.5703640637525565
996.1041572911201,6.568659426063377,0.5716948632114327,0.5705699422278859
996.3195978293872,6.567861271218449,0.5715368621547512,0.570402872108236
996.5350383676544,6.567063107695288,0.5718673209787704,0.5699925533227802
996.7958811444717,6.566096726090384,0.5725455758881316,0.5694911989113747
997.0342079110294,6.565213750940569,0.5723411230036615,0.5693451557339065
997.2501317044279,6.5644137665226205,0.572240936192036,0.569581985243911
997.496385935832,6.563501398408775,0.5720760033640456,0.570116311254968
997.7003086917704,6.562745858941432,0.5715019884424478,0.5705089946554373
997.9042314477088,6.561990311690999,0.5714092823780594,0.5706515183145797
998.1635039475041,6.561029678847207,0.5719046724273465,0.5703717898332654
998.3654418885707,6.560281468018192,0.5719625724080217,0.5699192933291034
998.5673798296373,6.559533249256686,0.5722201255460558,0.5695023241031144
998.7943921804816,6.558692115275343,0.5726632169554366,0.569332298783098
999.0212140088735,6.557851676859617,0.5722694294784838,0.5695747893164725
999.2462840189945,6.557017719303928,0.5718079400216208,0.570092092583981
999.4590537144686,6.556229329401217,0.5718026228492854,0.5705590626352791
999.6563918256277,6.5554981115807625,0.5715557814003986,0.5707373036154558
999.8908819141296,6.554629221170888,0.5714918931575376,0.5705193958256485
1000.0837578084275,6.553914522144808,0.5720659415576321,0.5700876993815747
1000.2766337027255,6.553199815927392,0.5724034672815171,0.5696254541298117
1000.5017325946599,6.552365697282491,0.5722975476410577,0.5693272313320661
1000.7257591632447,6.551535542045044,0.5724347251091708,0.5694715091984084
1000.9483874197987,6.550710558449261,0.5721957848273138,0.5699687968889297
1001.1604416804727,6.5499247494349575,0.5715438901160564,0.5705013494929478
1001.3518609229963,6.549215400206658,0.5714975219847641,0.5707914539913488
1001.5807332200225,6.548367250825143,0.5717673193970877,0.5707121187460675
1001.7780761134164,6.547635934434926,0.5717400864166533,0.5703017378575268
1001.9754190068104,6.5469046105504125,0.5720646831341403,0.5697806279168702
1002.2034642109139,6.546059498800926,0.5726417122702818,0.5693674778940444
1002.4293872497669,6.5452222412523975,0.5723620451852434,0.569398337732672
1002.6490706304282,6.544408097653857,0.5720317733694495,0.5698502213803104
1002.8652300806954,6.543607004393275,0.5719721408189895,0.570449554554547
1003.0662797373416,6.542861900422801,0.5715472418556035,0.570834783091128
1003.2886844610709,6.54203764421217,0.5714029827754957,0.5708379479327987
1003.4960230778677,6.541269216228566,0.5719548563532042,0.5704422113102998
1003.7033616946644,6.540500779987552,0.5721959766086053,0.5698633940656492
1003.935072511478,6.539642005702725,0.5722674064674341,0.5693835736151553
1004.141610742733,6.538876517757519,0.5725844142149668,0.5693679167696333
1004.3481489739879,6.538111021204927,0.5723137715730249,0.5697568188610818
1004.5958290387613,6.537193028739212,0.5716293347299892,0.5704672333107235
1004.7966765786523,6.536448605938086,0.5716790519694265,0.5708969819181241
1004.9975241185433,6.535704175491804,0.5716599140272304,0.5709478378733441
1005.2269205520848,6.534853920786729,0.5716002602982349,0.5705178038532206
1005.4331979090922,6.534089347953506,0.5721990969194282,0.5699179497536092
1005.6394752660996,6.53332476671217,0.572563490775241,0.5694405997772108
1005.8560744708731,6.532521917606235,0.5722943550266716,0.569352016767508
1006.0726736756466,6.531719059002694,0.572258106304947,0.5697531305522932
1006.2956583824105,6.530892521776928,0.5720226243601306,0.5704285127673012
1006.5033626065466,6.53012261600802,0.5714333085904182,0.5709288608805603
1006.7044462042637,6.529377243335728,0.5715006730009919,0.5710378349178153
1006.9347009571352,6.5285237301595345,0.5719354701708074,0.5706389599242122
1007.1227297089844,6.527826733637533,0.5719623902451295,0.5700672210017058
1007.3107584608335,6.527129730135918,0.5722316726164962,0.5695547528250275
1007.561451994785,6.526200423569617,0.572668280277977,0.5693526671402185
1007.7875938909149,6.5253621176048835,0.5721424774716497,0.5697498446299429
1007.9965393228192,6.524587549679627,0.5718169818151324,0.5704043963608475
1008.2454987341613,6.523664637412426,0.5717659897960303,0.5710339839875254
1008.4522780938436,6.522898080911372,0.5714314008321378,0.5710892156454799
1008.6590574535259,6.522131516227097,0.5716871023098589,0.570681817872805
1008.903997195818,6.521223474052739,0.5723622828935905,0.5699125961150019
1009.103144276702,6.520485185939124,0.5723183499172615,0.5694380391928474
1009.302291357586,6.51974688979645,0.5723616154742889,0.5693805022828704
1009.5538145991165,6.518814408505864,0.5723654822329954,0.5699338832453116
1009.7453036763709,6.518104485594372,0.5717595748873946,0.5705655872297147
1009.9367927536252,6.517394555505998,0.5714704456276933,0.5710623596037622
1010.1551347775102,6.51658506169049,0.5717429343702117,0.57117164821969
1010.3723974933895,6.515779560274732,0.5717280909269845,0.570732240946804
1010.5878490511989,6.514980764640538,0.5720001481483442,0.5700246505574793
1010.8027612364202,6.514183959537558,0.5726101235282847,0.5694753951804569
1011.0099819265176,6.513415662453231,0.5724460893739085,0.5693988860827205
1011.2310367783136,6.51259606384193,0.5720766005440606,0.5698693779043495
1011.4118458164672,6.5119256761604305,0.5720657977747539,0.5704878961009887
1011.5926548546208,6.511255282039311,0.571760843546453,0.5710295845273621
1011.8292454632109,6.510378054405734,0.5713627021166569,0.5712553228601809
1012.0317800330981,6.50962709072419,0.5718226865224397,0.5709152258089261
1012.2343146029854,6.508876119046794,0.5721593234506707,0.5702544319099241
1012.455593768187,6.508055635546634,0.5721870378554409,0.569584493283344
1012.6724374130661,6.507251588945692,0.5725677104830058,0.5693936257889215
1012.8827535207238,6.506471737026052,0.572412755991915,0.5697636366661646
1013.0994139171779,6.505668351168225,0.5717505712323234,0.5704944014803748
1013.3096871523363,6.504888640276447,0.5717136984318758,0.571135766790164
1013.5163275823161,6.504122391737087,0.5716899972597933,0.5713300644742166
1013.731743902686,6.503323592280397,0.5715439653456252,0.5709556715003392
1013.947160223056,6.502524783722956,0.5721369402765294,0.5702299033587727
1014.1566445054062,6.501747963517029,0.5725284446359737,0.5695993486058473
1014.3718658906841,6.500949859432514,0.572291016992088,0.5694163697876617
1014.5870872759621,6.500151745904901,0.5723269071135436,0.569831543005018
1014.8014609934801,6.499356766519714,0.5720673989483374,0.5705873338909467
1015.010007599431,6.498583387530774,0.5714562221538911,0.5712153946453419
1015.2083711033662,6.497847763881007,0.5715702004265126,0.5713910419209668
1015.4253469359041,6.497043108312873,0.5719065827828974,0.5710008328217082
1015.623594764918,6.496307897508318,0.5719050977038281,0.57030858192279
1015.8121643559462,6.495608571577652,0.5722880417559936,0.5696997409070391
1016.0371550933413,6.494774165369148,0.5726669349293124,0.5694380029595529
1016.2325881171068,6.4940493692494,0.5722187850187246,0.5697474421796263
1016.4280211408724,6.493324565378971,0.5719207013184832,0.5704143463572099
1016.648047466095,6.492508543008024,0.5718882074841293,0.5711692565377402
1016.8638046248334,6.491708344636714,0.5714637389795145,0.5714588253688456
1017.0702199789288,6.490942784524587,0.5716009639582635,0.571158269546716
1017.3224256267255,6.49000738442164,0.5722786033680597,0.5702914202092818
1017.5138179288949,6.4892975251165605,0.5722538214363889,0.5696800307811116
1017.7052102310644,6.488587658356164,0.5723733903177398,0.56945956153085
1017.9489983297877,6.487683446739243,0.5724741643895661,0.5698954060346407
1018.1368077747244,6.486986852082896,0.5718807111891544,0.5705739861395499
1018.324617219661,6.4862902503556,0.5715681582271169,0.5712158162176825
1018.5390751499899,6.485494798507656,0.5717660689756953,0.5715223004563625
1018.75120291067,6.484707980638845,0.5716493371434933,0.5712022782463657
1018.961666029505,6.48392732838499,0.5719067299400672,0.5704699146571267
1019.1760958520488,6.483131953624633,0.5725539927429468,0.5697517937247942
1019.3802810419869,6.482374570114201,0.5724243383687975,0.5694918583326455
1019.5927605343163,6.481586411510996,0.5721917369675077,0.569834840767439
1019.8012559749004,6.480813022169266,0.5721891591693762,0.5705871353367341
1019.9991515360587,6.480078943745448,0.5716789281409917,0.5712742656806039
1020.2101021319926,6.479296430084073,0.5714280922470241,0.5715748991980548
1020.4167423901825,6.47852989690714,0.5718916296623617,0.5712775053232992
1020.6226150201875,6.477766202793067,0.5720077706772566,0.5705582122134962
1020.8371748881708,6.476970273870287,0.5721894810745396,0.5698108965558462
1021.04465234163,6.476200608860163,0.5726544942089579,0.5695287917110816
1021.2519459854761,6.475431616907825,0.5723302158105559,0.5698427095755171
1021.4713541836646,6.474617674347113,0.5718477560600014,0.5706288790182361
1021.6541126568484,6.473939684504029,0.571886621048516,0.5712874326127816
1021.8368711300321,6.473261687977428,0.5716687913882308,0.5716209848868669
1022.0654500495431,6.472413697602475,0.5715099920795823,0.5713776268500498
1022.2508615839647,6.47172584347953,0.5720716793172669,0.570761136511661
1022.4362731183863,6.47103798241935,0.5723789921860265,0.5700636757114264
1022.6548011845333,6.470227252838136,0.5722681525526359,0.5695808586358679
1022.8720124533157,6.469421398802065,0.5724941795896197,0.5697623806522878
1023.077566953485,6.468658782489608,0.5722053689988748,0.5704381407213276
1023.3015492075657,6.467827788620474,0.5715641540958711,0.5712754746188858
1023.4982192773651,6.467098117023984,0.5717080810430003,0.5716708059187041
1023.6948893471646,6.466368437674972,0.5717803874444939,0.5715179654768043
1023.9151992869363,6.46555104116597,0.571762211818984,0.5708082640674111
1024.109540820257,6.464829984776825,0.5723505229894994,0.5700789771231394
1024.3038823535778,6.464108920668911,0.5725928855943946,0.5696396653143391
1024.517061009913,6.463317956382795,0.5722124481594946,0.5697563499521234
1024.7302396662483,6.462526982761133,0.5722025340343657,0.5704364319767495
1024.934638395767,6.461768577290862,0.5719317087809265,0.5712262949828686
1025.1500757201582,6.46096920482587,0.5714178975361844,0.571708177794569
1025.3627492738099,6.460180078050264,0.571775893009975,0.5715581925601951
1025.5662351996114,6.459425033483898,0.5720520348060592,0.570907327532827
1025.7856753960582,6.458610780374442,0.5720874610146682,0.57007766364589
1026.0009312358702,6.457812044112965,0.5725898580246717,0.5696567525248284
1026.200848615601,6.457070214764347,0.5724707916767225,0.569849997580878
1026.4423403009355,6.456174105530466,0.5718687933561223,0.5706748710005042
1026.621397449601,6.455509665991973,0.5719067917243643,0.5713534358509679
1026.8004545982667,6.454845219937504,0.571746990393453,0.5717487897527362
1027.0410694294221,6.4539523351289345,0.5715090645990106,0.5715657210583239
1027.2318890699157,6.453244224288546,0.5720673977538386,0.5709414865982764
1027.4227087104093,6.452536106015984,0.5723615359246736,0.5702114977942465
1027.664254011564,6.451639737656329,0.5722710683319462,0.5696979211180969
1027.8628602230438,6.450902706130633,0.5725186009861889,0.5698962708725511
1028.0614664345235,6.450165666478683,0.5721934901366107,0.5705527516443865
1028.2951779517568,6.449298338550346,0.5715930538568704,0.5714327916523746
1028.4864222431754,6.448588602642207,0.571775801477002,0.5718151150698142
1028.677666534594,6.447878859278639,0.5717594928529132,0.5716721381174033
1028.907572478806,6.447025625400633,0.5717958778773446,0.5709315427371938
1029.0865840382014,6.44636126479506,0.5723765335297865,0.5702534210905974
1029.2655955975968,6.445696897592687,0.5725542584656228,0.569807638064948
1029.5055581031897,6.444806312217926,0.5722046492489227,0.5698970255082174
1029.6963242798881,6.444098303259284,0.5722794890889953,0.5704935021834577
1029.8870904565865,6.443390286804781,0.5719799177938792,0.5712412715338672
1030.127904399033,6.442496510598789,0.5714571457821757,0.571837579454122
1030.3234145606555,6.441770869733395,0.5718230262531798,0.5717501437083969
1030.518924722278,6.441045221024993,0.5719764919903454,0.5711773424004302
1030.7489240818134,6.440191553343402,0.5720691289866223,0.5703007528922868
1030.9422014368201,6.439474174937579,0.5725874514542432,0.5698419185939506
1031.135478791827,6.43875678880528,0.5724823123330799,0.5698889712553815
1031.365384339318,6.437903440015542,0.5719777548231878,0.570560474894508
1031.5419777154857,6.437247964532975,0.5720233184594545,0.5712547330207112
1031.7185710916533,6.4365924826154215,0.5718074117042495,0.5717743109949026
1031.9538082330475,6.4357193159084956,0.5714780867084087,0.5718429588926486
1032.1453836357578,6.435008206908487,0.571983732968431,0.5713584088917529
1032.336959038468,6.43429709032835,0.5722370601192546,0.5706301507855454
1032.5720178422673,6.43342455555839,0.5722256843743411,0.5699412920072658
1032.7699187798707,6.432689941354902,0.5725817701458931,0.5699005058865191
1032.9678197174742,6.4319553190332215,0.5722977800496131,0.5703841131653071
1033.195814566766,6.431108975911507,0.5717374791363566,0.5712527991302044
1033.3832655363005,6.430413128263408,0.5718615598491498,0.5718129689846357
1033.570716505835,6.4297172733277606,0.5717221325381106,0.5719365975228852
1033.7962065864772,6.428880200054369,0.5716653370435089,0.5714512967423787
1033.9735778186396,6.428221748072966,0.5722330514727696,0.5707949029923218
1034.150949050802,6.427563289562883,0.5724424543691684,0.5701933206300238
1034.3832121013452,6.426701045265181,0.5722509754678163,0.5699094416206019
1034.5771886499433,6.425980925699658,0.5724455194814336,0.5702523979831428
1034.7711651985414,6.425260798315739,0.5721330520787135,0.5709441767542561
1035.0045428439919,6.42439438612499,0.5715703754073342,0.5717418938875763
1035.1962627916826,6.423682619224909,0.5718184991484601,0.5719906175649371
1035.3879827393732,6.422970844652221,0.5718217652396445,0.5717249826259009
1035.6132183808731,6.422134630773583,0.5718787672024831,0.5709562769932496
1035.7980493811265,6.421448415992571,0.5724569389952817,0.5703147937948004
1035.9828162345716,6.420762432263384,0.5725097564527293,0.5699792264692107
1036.210186557332,6.41991826492796,0.5721672195063546,0.5702036579119981
1036.391551620498,6.419244895531658,0.572264665500806,0.5707967055297763
1036.5729166836638,6.418571519270045,0.5719709374047348,0.5714736266822367
1036.8032140098956,6.417716456280714,0.5714946239643561,0.5719948239913407
1036.99603733463,6.417000520651255,0.5718653738174869,0.5719051882653594
1037.1888606593645,6.416284577215254,0.5719885014237566,0.571368689241082
1037.4163623798613,6.415439864602589,0.5720562631673869,0.5705415058168132
1037.608595817044,6.414726094504742,0.5725737584576691,0.5700890474180095
1037.8008292542268,6.414012316707891,0.5724521045227923,0.5701028024230912
1038.0250788768953,6.413179650571997,0.5720144369058697,0.5706908709107401
1038.208662529601,6.4124979742983825,0.572093895454214,0.571374030070715
1038.3849386268785,6.411843425512113,0.5718191281344311,0.5718887830142941
1038.6074822395417,6.41101706672051,0.5715122345016642,0.5720242318906666
1038.7960134414006,6.410316996127863,0.5719886943324086,0.5716435597149234
1038.9845446432596,6.409616918042,0.5721567122536232,0.5709878256767312
1039.2096472477763,6.408781028594772,0.5721713706318251,0.5702866571478955
1039.4053216526288,6.4080544083631725,0.5725908032808269,0.5701036714441253
1039.6009960574813,6.407327780139767,0.5723397185306414,0.5704184311227115
1039.8229132473375,6.4065036907958826,0.5718613984951159,0.5711704365552868
1040.0139233903458,6.405794366441791,0.5719767524656788,0.5717987587237099
1040.1919257532202,6.405133340074281,0.5717422937185923,0.5720777631499665
1040.409337569972,6.404325954327124,0.5716049895536853,0.5718631172423616
1040.5954840831585,6.403634668185942,0.5721520102532163,0.5713020463773562
1040.781630596345,6.402943374726053,0.5722861195399798,0.570656483241047
1041.0008525257995,6.402129239561395,0.5722309057878682,0.5701934396316818
1041.1961517778625,6.401403938744194,0.5725487223187727,0.5702826224061177
1041.3914510299255,6.400678629940222,0.572207258107296,0.57079858772776
1041.6094821791223,6.399868889172619,0.5717420717962681,0.5715592282576487
1041.8063866205464,6.399137601708989,0.5719221255964124,0.5720375836167516
1041.9955116273322,6.398435198642607,0.5717242145929075,0.5720683092490666
1042.2087281868126,6.397643311289709,0.571745387463945,0.5715991901998885
1042.385060099845,6.396988406382198,0.5722954984972781,0.5710049809736615
1042.5591150991136,6.396341951594012,0.5723785859460527,0.5704846989055261
1042.7758985316575,6.395536790945873,0.5722288739885558,0.5702423353399529
1042.9671322184622,6.394826517060146,0.5724729346316046,0.5705138931439581
1043.158365905267,6.394116235482563,0.5721369345387762,0.5711044729372555
1043.379047660606,6.39329656802479,0.5716624291017738,0.5718134078108689
1043.5732912337385,6.392575089979882,0.571903746410287,0.572127693056241
1043.766545568534,6.391857278190964,0.571783615621435,0.5719856924415729
1043.9822443025178,6.391056090848647,0.5718413004390936,0.571395683838862
1044.1586459220232,6.390400860594944,0.5723874479441129,0.5708205103432631
1044.3278064595956,6.389772520604543,0.5724318092094925,0.5704212897517038
1044.5455248196406,6.388963805694436,0.5722018045142984,0.5703654718505096
1044.7331205528344,6.388266973304812,0.5723980222121553,0.5707540658872948
1044.9207162860282,6.387570133471639,0.5720787478031322,0.5713596296037762
1045.143110021401,6.38674402383549,0.5716175807469325,0.5719812416252459
1045.3375247808544,6.386021836885531,0.5719123018849757,0.5721536022219987
1045.5319395403078,6.385299641734314,0.5718439238713146,0.5718853294024299
1045.748363946331,6.3844956774510635,0.5719183666036685,0.5712457307964094
1045.9513627413476,6.383741576972229,0.5724950080269805,0.5706590554797377
1046.1370624886172,6.383051731417501,0.5723638681408441,0.5704035621849148
1046.3445898838663,6.382280790979482,0.5721862114576969,0.57058277109764
1046.549466572924,6.381519688690638,0.5723239528444595,0.5711420827483875
1046.7483381399693,6.380780886426267,0.5718123379257489,0.57175680094582
1046.946168286318,6.380045944518488,0.5716458437364853,0.5721344974709004
1047.173295649791,6.379202152484074,0.5719924040914182,0.5720537500358671
1047.3617528765394,6.378502013831244,0.5718236675746836,0.5716063184105059
1047.5502101032878,6.37780186751073,0.5720969568205356,0.5710336605757839
1047.7760931222422,6.376962668896145,0.5725466987440883,0.5705467141684201
1047.9698332986616,6.376242878508314,0.5722021321385851,0.5705248628081926
1048.163573475081,6.375523080202003,0.5722167915756893,0.5708925401193972
1048.379451168774,6.374721025481395,0.5721572747573951,0.5715368429374812
1048.5746119228002,6.37399593214822,0.5716274331586378,0.5720235626261324
1048.763193985217,6.373295273127414,0.5717826105605852,0.5721855113672475
1048.9707121173833,6.372524249866402,0.5720075918579288,0.5719332177678437
1049.1694626911878,6.371785793199246,0.5718575884868035,0.5714000449328064
1049.3634963789477,6.371064853875353,0.5723183390639915,0.5708704759210725
1049.5624692555475,6.370325554493675,0.5725073977510284,0.5705815090139905
1049.7725418936777,6.369545003997782,0.5721195489989551,0.5707081595929435
1049.982614531808,6.368764444142595,0.5722672569770783,0.5712094889507565
1050.1760899539559,6.368045545608323,0.5720070620937949,0.5717601243254652
1050.4069834383997,6.367187601686606,0.5716122476865415,0.5721678038247393
1050.6087480630938,6.36643788384942,0.5720000979184737,0.5721136902688587
1050.8105126877879,6.365688157007557,0.5719189146084678,0.5717017152564279
1051.019911281148,6.364910054089372,0.5720572312751006,0.571131016686434
1051.2387317361147,6.364096930477808,0.5725487276184047,0.5707158827365568
1051.4542723027866,6.363295984805255,0.5721820207935898,0.5707179917765737
1051.6505169188758,6.362566734040855,0.5721854657765036,0.571081982417745
1051.8686284667738,6.361756215402453,0.5721444966370827,0.5716692698042207
1052.0666335364142,6.36102040490004,0.5716349048301153,0.5720869221143997
1052.2620545569919,6.360294188485646,0.571848887850557,0.5721941483460464
1052.4681994810821,6.3595281110525,0.5720205264247703,0.5719300318297896
1052.6778791278573,6.358748888206672,0.5718880635412129,0.5714151790343815
1052.8855915158256,6.357976966775947,0.5724221467030162,0.5709412609469094
1053.0752410114476,6.357272164409209,0.5724211041017361,0.5707532007527417
1053.3053677350817,6.356416924573382,0.5721088575509977,0.5709546857335595
1053.4943125523848,6.355714724153614,0.5722965777716512,0.5713857130218212
1053.683257369688,6.355012515961226,0.5719323783041415,0.5718530652056741
1053.893256399611,6.354232051072098,0.5716652066723996,0.5721730416574984
1054.1055682543217,6.353442980456503,0.5720448372595648,0.5721273186341294
1054.3178801090326,6.352653899722388,0.5718605320717982,0.5717418967285098
1054.520544703307,6.351900664817554,0.5721230720856426,0.5712601922465557
1054.7483896040617,6.351053832725273,0.5724915310147848,0.5708897255130889
1054.949665300105,6.350305741297843,0.5721299478462067,0.5708897901281366
1055.1509409961482,6.349557641234881,0.5722732878647531,0.5712035195353918
1055.3556339284544,6.348796831020073,0.5721310454444337,0.5716792312980878
1055.5765770892544,6.347975610946989,0.5716634909090752,0.5720946605484661
1055.797056357428,6.347156104129637,0.5720189846482882,0.5721837765759293
1056.0035104117533,6.346388718105962,0.5718811099669694,0.5719294060626442
1056.2224728799208,6.3455748281012205,0.5720218911461733,0.5714620165748787
1056.4566401913578,6.344704409631991,0.5724728430275802,0.5710413010622777
1056.6567174312252,6.343960697340633,0.5721433546700159,0.570949544161445
1056.8567946710925,6.343216976508346,0.5722849861847437,0.5711575689937052
1057.0686622603384,6.342429419532304,0.5721984719912387,0.5715858775078598
1057.2820005307817,6.341636385689466,0.5717071770323108,0.5720027398901683
1057.4929429962701,6.34085224755232,0.5720043429685473,0.5721877553623692
1057.702332922889,6.340073870611251,0.5718866015253834,0.5720563062939671
1057.9387122552682,6.339195152477935,0.5719731391575562,0.5716358089487674
1058.1701655426339,6.3383347344537375,0.5724304192314469,0.5712114110028738
1058.3714976921767,6.337586281085485,0.5721318334175927,0.5710432359024793
1058.5728298417196,6.33683781904685,0.5723198065206349,0.5711513071186026
1058.7877259410304,6.336038922721004,0.5722403055254773,0.5715041954087537
1059.0045911512184,6.335232695708224,0.5717624757939019,0.5719131696896582
1059.2178172506601,6.334439987212099,0.5720475553115902,0.5721539499352327
1059.432703804383,6.333641095060215,0.5718332247632754,0.5721090444187841
1059.6653878493396,6.33277602451809,0.5719682755086637,0.5717812753715934
1059.9254437566158,6.331809176744233,0.5723318541933246,0.5713359649919316
1060.17027353928,6.330898923883989,0.5721340280207963,0.5711413163973056
1060.4038550560897,6.330030478963386,0.5724536589932908,0.5712872413709389
1060.5983367085264,6.329307396436207,0.5719999264125575,0.5715886300762643
1060.792818360963,6.328584305495267,0.5718979917592838,0.5719141716700777
1061.0252669497931,6.327720040545981,0.572055647260355,0.5721391851717089
1061.2375376535558,6.326930787828225,0.571707605552089,0.5720849399275687
1061.4498083573185,6.326141524675764,0.5721473588884268,0.5718213525581239
1061.6532646900846,6.325385025452928,0.572229337722881,0.5715043498301055
1061.8854971218645,6.324521518680041,0.5721293220702909,0.5712645576258354
1062.1189874281108,6.323653323032011,0.5724781937260264,0.5712922125411662
1062.3265768169026,6.32288142581113,0.572002889796588,0.5715252398819752
1062.5341662056944,6.322109519046256,0.5720427796606683,0.5718347353425812
1062.745794676535,6.321322583103049,0.5720599888320582,0.5720694325640832
1062.959522575275,6.320527829856056,0.5717034147232529,0.5721077339434649
1063.173250474015,6.319733065892051,0.5721539543365014,0.5719382709814131
1063.3712423069,6.318996808310191,0.5721217222769666,0.5716784191458916
1063.590733259821,6.318180593267339,0.5721012862333547,0.5714248438162626
1063.8254486829173,6.317307751771109,0.5724810058976542,0.5713428734178134
1064.0601641060136,6.316434898347522,0.5720047593497888,0.5714958880603015
1064.2717263416941,6.3156481359807355,0.5721942139750673,0.5717540887266199
1064.4695438940337,6.314912478438501,0.5720484412249423,0.5719762166523239
1064.7087436465208,6.31402291367379,0.571773243678021,0.5720831041758064
1064.9187990671858,6.3132417231645706,0.5721829592888968,0.5719907115839459
1065.1288544878507,6.312460522305662,0.5719482873276889,0.571777921837899
1065.3259338058144,6.311727570719376,0.5721527835874658,0.5715696505045533
1065.5511120566564,6.310890106753758,0.5724250606576043,0.571440792349846
1065.7627475829092,6.310102999701617,0.5720402424092808,0.5714826419180967
1065.974383109162,6.309315882855318,0.5722948412889918,0.571656758566486
1066.174710879895,6.308570812639916,0.5720746121948731,0.5718590780494279
1066.3993277153752,6.307735394072835,0.5718164391992674,0.5720154069402429
1066.6118588061267,6.306944915006255,0.5721679028771197,0.5720249238513635
1066.8234657374414,6.306157862489518,0.5718759464995067,0.5719033637349968
1067.0205001747515,6.30542500159744,0.5721136126112505,0.5717338270991328
1067.2374941352693,6.304617891959919,0.572378848557564,0.571578084896614
1067.4481201592532,6.303834457962194,0.5720532825138004,0.5715306685032652
1067.658746183237,6.303051014294772,0.572363029146556,0.5716043284964224
1067.8628597489405,6.302291784955855,0.5721355819956097,0.5717500749120838
1068.086560373366,6.301459687802217,0.571890253191475,0.5719093411435058
1068.3031395517237,6.300654068909418,0.5721824280854227,0.5719849076334235
1068.516317013993,6.299861092446883,0.57182692678713,0.5719515691613616
1068.7119052204,6.299133534816425,0.5720889330678731,0.5718490887191655
1068.9225050176224,6.298350126418564,0.5723072105473902,0.5717192754499247
1069.133578810385,6.297564944769641,0.5720328995866019,0.571632901405115
1069.3428726703853,6.296786374694984,0.5724066088153749,0.5716288444582507
1069.546075968668,6.2960304522104265,0.572182842876959,0.5716976812123702
1069.767751491951,6.2952058018784305,0.5719777330071706,0.5718104696238889
1069.9941911686544,6.294363416644666,0.5722164328142593,0.5719025130591621
1070.186750754448,6.293647060023233,0.5718322919991192,0.5719262117699191
1070.3793103402415,6.292930694340336,0.5720383802403889,0.5718952242863358
1070.5928160284934,6.292136393910385,0.5722484406079369,0.5718206732953859
1070.8045351764831,6.291348729389751,0.5719848772312891,0.5717460657647282
1071.0005055032811,6.290619646646327,0.5723794896968732,0.5717083982403389
1071.1985257833799,6.289882928710224,0.5722665353430201,0.571712995173317
1071.4311223398026,6.289017561528233,0.5720412528900447,0.5717607257647114
1071.6424080335635,6.288231469942377,0.5723019509162875,0.5718149322480158
1071.8456972806423,6.287475119223445,0.5718839427952173,0.5718504141086983
1072.0360697544334,6.286766817011673,0.5720139055071987,0.5718582246040275
1072.2546138584244,6.2859536880492834,0.5722172824789054,0.5718407811287345
1072.456669723257,6.285201895960526,0.5719269130424894,0.5718142933804038
1072.6503024867231,6.284481434861814,0.5723103443250488,0.5717937552135651
1072.8436959096452,6.283761855835986,0.5723083987609908,0.5717848915126613
1073.0876492810478,6.282854141336036,0.572076112202983,0.5717869835121919
1073.2944556643183,6.2820846348785295,0.5723743204397461,0.571790742948305
1073.499500846886,6.2813216718846565,0.571959525108195,0.5717895582035378
1073.688823467758,6.280617202763943,0.5720293919760232,0.5717853128268596
1073.9121043518787,6.279786363576587,0.5722207809294514,0.5717844573870083
1074.113155987968,6.279038229886238,0.5718949447567802,0.571795233689874
1074.3134175407758,6.278293026392752,0.5722754370617128,0.5718175849407566
1074.5059514750985,6.277576569659041,0.5722723658119737,0.5718422633432367
1074.74379753605,6.276691485998298,0.572082836887458,0.5718570289584698
1074.955950497435,6.275902002057032,0.5724173940505382,0.5718396611708292
1075.1444368755845,6.275200579928794,0.5720433385842193,0.5717997097426927
1075.332923253734,6.274499149467521,0.5720567514775453,0.5717500179073234
1075.5653169954703,6.273634310822977,0.5722549699188945,0.5717062545271919
1075.766964030231,6.272883883106839,0.5718962073597285,0.5717087449440259
1075.9686110649918,6.272133445176936,0.572253482577298,0.5717550880128746
1076.164421094981,6.271404720375054,0.572231925989332,0.5718266134860719
1076.4015949497168,6.270522044296923,0.5720754018141657,0.571903608258744
1076.6198505618304,6.26970976390366,0.5724281450349372,0.5719195029685847
1076.8111961473471,6.268997625586191,0.5720540600216076,0.5718736320438331
1077.0025417328638,6.268285478887068,0.5721453552263648,0.5717846006598054
1077.2240735861315,6.267460974536253,0.5722864438932708,0.5716735702259386
1077.4304854457744,6.266692733259717,0.5719231472432174,0.5716163901169597
1077.634714232772,6.2659326064524175,0.5722904220175231,0.5716377806554319
1077.8291444542187,6.2652089394823385,0.5721853141968147,0.5717272173867561
1078.0555957977108,6.26436607861223,0.5720659377206443,0.5718677385997526
1078.276114854795,6.263545286424299,0.5724176332023388,0.5719660517538413
1078.471392810555,6.262818434743607,0.572048852579176,0.5719698287924466
1078.666670766315,6.262091574456646,0.572217808730056,0.5718840974523328
1078.8825969552922,6.261287847342925,0.5723044442615818,0.5717239055748728
1079.0992402998152,6.26048143939056,0.5719702179799775,0.5715751929900439
1079.2895716063147,6.259772962483969,0.5723334864075051,0.5715209290851799
1079.4799029128142,6.259064476231129,0.5721832424442137,0.571567867297413
1079.7025523982147,6.258235677601351,0.5720673048170972,0.5717285544571942
1079.9245126181074,6.257409432652375,0.5724044843467883,0.5719171317522889
1080.1166490368723,6.2566941972441885,0.5720440315318798,0.5720181217686142
1080.3087854556372,6.25597895346118,0.572230948531663,0.5720079188586124
1080.5260892445967,6.25517001190976,0.5723278791319979,0.571860364135504
1080.7469786244858,6.254347711089102,0.5720095717102389,0.5716361058419049
1080.9312648683328,6.253661662830366,0.5723700500363899,0.5714809230501552
1081.11555111218,6.252975605822591,0.5722240638596905,0.5714235840218105
1081.3386774093472,6.25214494402694,0.5720796116748726,0.5715195932299886
1081.5557462300349,6.251336820991982,0.5724145395471332,0.5717394343480179
1081.7383049571465,6.2506571662488115,0.5720671600257619,0.5719346732960628
1081.9208636842582,6.249977503697733,0.5721704325135728,0.5720553610938378
1082.1481689341153,6.249131240084559,0.5723665672067463,0.5720258799302143
1082.3530781589675,6.2483683472905085,0.5720143520190726,0.5718343938050878
1082.5564205036533,6.247611278186421,0.5723799274403375,0.5715766400097892
1082.745607607352,6.246906901491712,0.5722699364658566,0.5713844621843973
1082.97379115951,6.246057321773647,0.5721144576264857,0.5713320535620975
1083.1943560463803,6.245236095089107,0.5724384801705539,0.5714979057879981
1083.3736016061364,6.244568702985172,0.5720803840216648,0.5717308003752295
1083.5528471658924,6.243901303002847,0.5721728942655336,0.5719581535414452
1083.7775254058652,6.243064729069222,0.5723747048450037,0.5721009311488169
1083.9849579560373,6.242292357977509,0.572019348640087,0.5720175154200441
1084.1923905062094,6.241519976862521,0.5723989660238259,0.5717584040834596
1084.3856452492817,6.240800377786253,0.5722710406201001,0.571467946870011
1084.6094883256678,6.239966868697808,0.5721588720855625,0.5712435383771108
1084.8389581889346,6.239112393748512,0.5724654693402995,0.571270646511527
1085.0292010905694,6.238403977329972,0.5720785805303925,0.5714872128250789
1085.219443992204,6.237695551662232,0.5722834773351743,0.5717861600446115
1085.4282386261307,6.236918032987764,0.5723414100453075,0.5720543145658487
1085.6578769033483,6.236062884075168,0.5720513508198886,0.5721121123049556
1085.8582422772406,6.23531673442481,0.5724463220629431,0.5719205544944221
1086.058607651133,6.234570575179074,0.5721763270842832,0.5715865557086731
1086.2629846728146,6.233809466187995,0.5722425046820089,0.5712621690400308
1086.5144990015951,6.23287280066224,0.5724245967107437,0.5711184895723614
1086.7446211020144,6.232015787129075,0.5721298897898763,0.5713200295437193
1086.931477779572,6.231319891114929,0.5724696596471458,0.5716396916646338
1087.1151744998233,6.23063575496373,0.5722139336007178,0.5719518327026409
1087.3273515247413,6.229845540453299,0.5721352895568746,0.5721396827781418
1087.5720158039383,6.228934320102735,0.5724000073620268,0.5719995084777457
1087.7735898971684,6.228183572886776,0.5720760262985929,0.5716511741766026
1087.9728489579504,6.227441437869677,0.5724647362783982,0.5712691533921614
1088.1667194849301,6.226719362284,0.5723908850446644,0.5710365762504452
1088.4037550433509,6.225836503625653,0.5722441599669553,0.5710913822590851
1088.6369232826476,6.224968034379936,0.5724863807818918,0.5714703185111084
1088.8229488947109,6.2242751447045235,0.5720804242233285,0.5718418997597214
1088.9977036547596,6.223624227880278,0.5722665887759073,0.5720925242088711
1089.2113054304061,6.222828606078352,0.5723606490611722,0.5721258039298481
1089.4415963639915,6.221970808633663,0.5721056510007293,0.5718052050018182
1089.6248273008966,6.221288293005051,0.5725187699391427,0.5714094150327024
1089.8042385674928,6.220619996833546,0.5723644511679362,0.5710666840288028
1090.0215406333152,6.219810548080687,0.572291759457144,0.5709056904498906
1090.2610134409554,6.2189184984609716,0.5725366866373148,0.5711447574260383
1090.455341434648,6.2181946045047605,0.572118862259125,0.5715533656830514
1090.645974292541,6.2174844660246285,0.5723686959453423,0.5719469120901389
1090.849332768441,6.216726912853434,0.5723188681718928,0.5721531541082133
1091.116352809213,6.215732192120125,0.5722157126932984,0.571925952772531
1091.3846861167503,6.214732561645969,0.5724340545867979,0.5713179889468505
1091.6507561040282,6.213741344211085,0.5723567156062344,0.5708474138495019
1091.9084986418816,6.212781131286384,0.572529077971706,0.5709042783461284
1092.1417778790317,6.2119120400191905,0.5722021622098288,0.5713666661171205
1092.338573469544,6.211178859005263,0.5725092602745891,0.5718326000374852
1092.5266394291907,6.210478192139613,0.5721810356223881,0.5721165220759529
1092.740492948172,6.209681439775346,0.5722370167344996,0.5720814474582059
1093.0066981873338,6.208689625663894,0.5723956600732967,0.5715471154177486
1093.3236737858174,6.207508630184941,0.5725306440623574,0.5708215815676527
1093.6144497046703,6.206425225802702,0.5723539456418347,0.5707753080947686
1093.8463377285173,6.205561215467508,0.572443904953891,0.5712382623633959
1094.0782257523642,6.204697190903546,0.5723682148420791,0.5718260468288409
1094.3870858536843,6.203546344526981,0.5723318132920877,0.5721328556207494
1094.689433403557,6.202419742418589,0.5722363492445373,0.5716103120908992
1094.9108371844295,6.2015947369252045,0.5724754002257261,0.57100659741504
1095.1322409653021,6.200769718140842,0.5725987358044943,0.5706253903862643
1095.3889873861,6.199812984469359,0.5723925722413854,0.5707620463006434
1095.6418805608446,6.19887059153233,0.5725352277366026,0.5713866471780137
1095.8796016380288,6.197984721363296,0.5721414948595976,0.5719666340402908
1096.094308157168,6.197184603284477,0.5724935725374101,0.5721203476600304
1096.3147399305353,6.196363138107013,0.5721905298069471,0.5717949715564283
1096.5301048201407,6.195560543560884,0.5725001506282651,0.5711878708959609
1096.751818133864,6.194734277590146,0.5725830839637834,0.5706411930560222
1097.040105225544,6.193659888293277,0.5725503537705016,0.5705813900762186
1097.3285511677745,6.19258488349393,0.5723894923368466,0.5712703227218389
1097.552187269355,6.191751402256177,0.5722956944003476,0.5718751540978283
1097.7758233709355,6.190917908597839,0.5724468358470514,0.5721057402139342
1097.999415480315,6.190084566776879,0.5721728685102934,0.5718003355810171
1098.1934385106124,6.189361420653433,0.5726212013952554,0.5712388186788707
1098.3874615409097,6.188638264523013,0.5725172093224128,0.5706817338240576
1098.6126941813195,6.1877987717016785,0.5725384752199969,0.5704001939143302
1098.8962740032205,6.186741785024529,0.5725566110921769,0.5708268707954964
1099.1762580310094,6.185698179117027,0.5723997733817322,0.5716669308624842
1099.5001370440839,6.184490935199488,0.5722045344920912,0.5720677264705072
1099.7116640770657,6.183702464204314,0.5724053015821022,0.5717077625029908
1099.9231911100476,6.182913981853183,0.5726096435938851,0.5710470427806134
1100.1614840038828,6.1820257132320755,0.5724663932951698,0.5704221620720993
1100.398081040483,6.1811437499967345,0.5728151231508906,0.5703639892764701
1100.6273337113043,6.180289148905549,0.5723515488895845,0.5708836438221084
1100.8402775309264,6.179495330449447,0.5725678738259949,0.5715636735160464
1101.0439600583445,6.178736025555881,0.5723374053348766,0.5719994263921502
1101.2920499085744,6.177811161491167,0.5723513481708635,0.5719011181463053
1101.5921445605545,6.176692406005187,0.5724748956072335,0.5710168376715564
1101.8922392125346,6.1755736259855345,0.5727906899020658,0.5702616811868016
1102.1627068481105,6.174565275688594,0.5725160594624897,0.5704235172314179
1102.4113937801849,6.173638109031382,0.5726088589725477,0.571174460161185
1102.6475165739398,6.172757769189466,0.5723565439627609,0.5718531923334073
1102.9092491382216,6.171781931727702,0.5724087336732819,0.5719514251654725
1103.2027678038166,6.170687563348173,0.5724327138953954,0.571163948680373
1103.4465278125256,6.169778699870526,0.5727103988378408,0.5703815254341059
1103.6902878212345,6.168869819195152,0.5727218421491693,0.5701372968381121
1104.0132789898619,6.167665491185693,0.5726937299666365,0.5708860440806509
1104.2423074917367,6.166811501447648,0.5724037396784172,0.5716416626318639
1104.4713359936115,6.165957498209735,0.5723529914449961,0.5719782447511378
1104.8128190684376,6.164684149144277,0.5723969708574893,0.571291815517451
1105.028171173223,6.163881111415092,0.5726815571942585,0.570530731518682
1105.2435232780083,6.163078060407727,0.5728301906308233,0.5700670421029731
1105.512004468645,6.1620768709143485,0.5726346465890719,0.570312325285694
1105.7787629604823,6.161082084694137,0.5726111861532557,0.5712006913681801
1106.0424948349967,6.160098566372344,0.5723487107219867,0.5718825503798349
1106.3118859518336,6.1590939252867924,0.5725139645195371,0.5717137735745063
1106.5732658026643,6.158119142835694,0.5725492809305326,0.5708459287023661
1106.834645653495,6.157144341353643,0.5728450456945062,0.5700668633690247
1107.111325586492,6.156112456856436,0.5727161881725921,0.570110618137594
1107.3832662902205,6.155098225256299,0.5726393196099648,0.5709676019662425
1107.6728346263296,6.154018227155479,0.5724642560581563,0.5718081007225292
1107.9701388996095,6.152909354206506,0.5724011439976388,0.5716417727567107
1108.1961012145607,6.152066554256674,0.5726338504292893,0.5708792192497967
1108.422063529512,6.151223740093224,0.572852697431765,0.570116986067739
1108.694344260206,6.150208143149665,0.5727666878917763,0.5699271629377152
1108.9666249909,6.149192523783978,0.5727206439491717,0.5706688461635064
1109.2462489799254,6.1481494918436095,0.5724889551665666,0.571615894081671
1109.5234665487337,6.1471154160623485,0.5724560953802624,0.5717697347671996
1109.8126065518666,6.146036846249393,0.5727043593946131,0.5709188650215115
1110.1017465549994,6.144958253191238,0.5727271973047867,0.5699551808044954
1110.368097660034,6.143964648342754,0.5729614643395097,0.5698977705731904
1110.6249199860185,6.143006569512649,0.5725998453400426,0.5706665484299187
1110.8847795192821,6.14203714125004,0.5726184049168793,0.5715564003028989
1111.144352307566,6.14106876505525,0.572409304603569,0.5717394318979564
1111.4021997486664,6.140106808375074,0.572705673371807,0.5710450828835256
1111.6600471897668,6.139144833390612,0.5727640974685185,0.5700880532455737
1111.9282955331782,6.138144033636387,0.5729749420584355,0.5697334308673936
1112.2228473013568,6.137045073627738,0.5726418998866538,0.5704522398521411
1112.4533215133838,6.136185166527243,0.5726562563037166,0.5713053219529838
1112.6837957254108,6.1353252451667295,0.5725094108523147,0.5717278168148169
1112.9996673518424,6.13414667560744,0.5727297010341778,0.571122784420985
1113.2256325280287,6.133303545361812,0.572783050323681,0.5702497799844349
1113.451597704215,6.132460399968463,0.572890764340984,0.5696857641208312
1113.7135865949847,6.131482819113524,0.572936390602324,0.5699149302757803
1113.974267250691,6.130510098973222,0.5726490367513819,0.5708407136449934
1114.2372713048808,6.129528689802218,0.5726037603728895,0.5716006259200247
1114.5045876885936,6.128531170490589,0.5725377961660134,0.5714540804131202
1114.7886948038613,6.127470973964286,0.5727969980027505,0.570446600186309
1115.0661464437455,6.126435590809492,0.5729845836506429,0.5696373307208948
1115.3763431213683,6.125277982451762,0.5728072836211183,0.5699335825524139
1115.623429888189,6.1243558698532325,0.5727918284595948,0.5708435761405707
1115.8705166550099,6.1234337400633,0.5725346370015244,0.5715394401556854
1116.1755545771198,6.122295313980685,0.5727452303791334,0.5712836833194384
1116.410732323808,6.121417594633482,0.5727480959599003,0.5704149291913381
1116.645910070496,6.120539859054098,0.5729984687197915,0.5696560293290168
1116.9597021309396,6.119368690255175,0.5728675872036408,0.5697378869558599
1117.212454520097,6.118425317947361,0.5728683256522156,0.5706175114889087
1117.4652069092544,6.117481927228301,0.5725530416021322,0.5714139419431071
1117.7552681636646,6.116399261347199,0.5727452124759183,0.5713484665967227
1118.0069953090103,6.115459660875412,0.5727287142552497,0.5704846214088546
1118.258722454356,6.114520041891939,0.5730807209360641,0.5696290785104587
1118.5423404545188,6.113461360262931,0.5729225879831366,0.5695697042102212
1118.807089207641,6.1124730901928706,0.5729494913696158,0.5704112998138323
1119.071837960763,6.11148479948526,0.5725563914951255,0.5712957360630171
1119.3439510685935,6.110468998404036,0.572767466271833,0.5713633579065479
1119.6402612325871,6.109362846810118,0.5727127127492541,0.5704074318475831
1119.9076851713787,6.108364507859344,0.5731951059179943,0.5695284913562879
1120.1613391848957,6.107417553247792,0.5729252898860977,0.5694864320123667
1120.4404251074693,6.106375631055968,0.5730227999574248,0.5703532049278907
1120.6996826738073,6.105407714073693,0.5725520082984207,0.5712152879227897
1120.951476835562,6.104467643611541,0.5728135165682552,0.571328104094343
1121.235981696645,6.103405427580189,0.5727119250984636,0.5704842113291797
1121.50364279673,6.102406077122153,0.5732125063812296,0.5695496032508182
1121.7496361299993,6.101487606101063,0.5729705687125081,0.569366146144705
1122.0323604885632,6.100431967282041,0.5730903092385689,0.5701293685236004
1122.2943452125044,6.099453744573893,0.5726040451916072,0.5710463163465022
1122.536494833566,6.098549567095098,0.572836200929121,0.5713021397977657
1122.826287683588,6.097467470803635,0.5727107320886256,0.5705844167160959
1123.061275623839,6.096590000098007,0.5731875758335517,0.5697097656211381
1123.2962635640902,6.09571251186933,0.5730379100368342,0.5692744665231867
1123.5874375932015,6.094625189165637,0.5731786225158503,0.5697777599197776
1123.824550974644,6.093739723720287,0.5727373497734892,0.5706426909459829
1124.0616643560863,6.0928542420549485,0.5728183833257492,0.5712063465707128
1124.3644217989968,6.091723595506786,0.5726875316045792,0.5708511418391844
1124.6006901418873,6.090841234371058,0.5731057660865012,0.5699950142557292
1124.8369584847778,6.089958855961933,0.5731005175650767,0.5693148060660321
1125.1293775875572,6.088866748803525,0.5732410674052997,0.5694398876812734
1125.4183106447351,6.08778763368961,0.5727989445054497,0.5704049512618776
1125.6976236566368,6.086744424237129,0.5729041233451007,0.571118201880092
1125.9778104656173,6.085697929718129,0.5726937916420498,0.5708533360957555
1126.2243747736409,6.084776996572368,0.5731576020590727,0.5700011915274359
1126.4709390816645,6.083856044579499,0.5730705968999166,0.5692787388004764
1126.7364209674054,6.082864410142813,0.5733157845917367,0.56930867503254
1127.0077713018745,6.081850831539554,0.5728754220047211,0.5701328722584862
1127.2812924378416,6.080829121562473,0.5729581378777603,0.5709460160299571
1127.5440663267643,6.079847537133687,0.5726953255942889,0.5709489533132358
1127.8269291275205,6.078790889577106,0.5731565869603296,0.5701026940036872
1128.0908965355857,6.077804804540309,0.5730794002748679,0.5692832160802893
1128.341178203434,6.076869822879961,0.5733748143829657,0.5691891834044371
1128.61047276698,6.0758637907721535,0.5729444836353378,0.5698955479882943
1128.8801580213974,6.074856276306907,0.5730203232556313,0.5707515656188357
1129.1313615185568,6.07391778898081,0.5727139418057432,0.5709445266181503
1129.4209756676873,6.072835778989959,0.5731392430031288,0.5702468484352667
1129.652863971991,6.0719694168803615,0.5730633492230778,0.569462480947928
1129.8847522762949,6.071103037012436,0.5733965750357777,0.5690852002724318
1130.1630003513599,6.070063423612385,0.5730719747297215,0.5694992384361378
1130.4036615279795,6.069164224871359,0.5731093493949938,0.5702892518423945
1130.644322704599,6.068265008714973,0.5728138241095236,0.5708363546918385
1130.9426800814497,6.067150191580463,0.5730572136938468,0.5705905997455112
1131.1807803364547,6.06626050771158,0.573041285353502,0.5698347168510788
1131.4188805914598,6.0653708058227584,0.5733358073587856,0.5691754790139713
1131.7153883678523,6.064262827133646,0.5731983826204077,0.5691856757767834
1131.9800407479236,6.063273859030895,0.5732052827598629,0.5699238469023725
1132.2446931279949,6.062284868901772,0.5728559515479567,0.5706484838688604
1132.5235104121937,6.061242923644214,0.5730509050563735,0.5706771665499583
1132.7861248227593,6.060261508480822,0.5730056202735211,0.5699842290767778
1133.048739233325,6.059280071746607,0.5734027615502015,0.5692146496291555
1133.3071156083756,6.058314450230048,0.5732504556246089,0.569040544670074
1133.5991400536875,6.057223048839401,0.5733106870176611,0.5696845720349896
1133.8689233972184,6.056214745871658,0.572890720944845,0.5704549977283678
1134.1145883654149,6.055296565617861,0.5730740063166242,0.5706670024905768
1134.39880047765,6.054234292736759,0.5729784612196192,0.5701158308360268
1134.627558351496,6.053379268027477,0.5733661192358858,0.5694194297425752
1134.856316225342,6.05252422568868,0.5733278978784743,0.5690005893233095
1135.1496794533998,6.05142767681419,0.5734035598591932,0.5692697717071893
1135.4042156238754,6.050476233825872,0.57306693697593,0.5699850666129612
1135.658751794351,6.049524770603541,0.5730787291417069,0.5705243518979314
1135.9554785524638,6.048415574149415,0.5729610464986544,0.5703604767404828
1136.1941984995885,6.047523194515932,0.5732884628430696,0.5697214654288248
1136.4329184467133,6.046630796368314,0.5733379623537601,0.5691144110557531
1136.709597564469,6.0455964716836466,0.5734581002283763,0.5690100270474849
1137.0199426316212,6.044436259369356,0.5731353319876221,0.569690780960828
1137.2709412984766,6.043497888030647,0.5731747308770606,0.570306010031494
1137.521939965332,6.042559497956819,0.5729843544315907,0.5704401259194785
1137.8261706524004,6.041422068591537,0.5733161153209169,0.5698464046464413
1138.0571624675827,6.040558438335621,0.573289041221743,0.569234347543167
1138.288154282765,6.039694789466788,0.5734854694604985,0.5689370854571127
1138.5808181836821,6.038600528725136,0.5732963460367047,0.5692698817726858
1138.827380618154,6.0376786166979715,0.5732550239844155,0.569893647362695
1139.0739430526257,6.036756685457263,0.5730815421256904,0.5703233135705305
1139.3989219433101,6.035541516841102,0.5732566149875845,0.5700948391863517
1139.6268893839715,6.034689076546437,0.5732605251221947,0.5695368032878837
1139.8548568246329,6.033836618828179,0.573445311217695,0.5690468802249466
1140.1631334576412,6.032683824264449,0.5734042102459657,0.5690097444220445
1140.4253026407755,6.031703420460451,0.5733750445347365,0.5695316024882674
1140.6874718239098,6.030722993629887,0.5731324034068246,0.5700940890754121
1140.9760444959863,6.029643802257791,0.5732300173281598,0.5702003644152673
1141.2421188118644,6.028648727198496,0.5732076158169017,0.5697372311051008
1141.5081931277425,6.0276536291467036,0.5735187240401259,0.5691403530973517
1141.7616578605134,6.026705666390567,0.5734544895302292,0.5689136714864484
1142.053200844717,6.025615260753224,0.5735046086590029,0.5692633019205143
1142.2947904297391,6.02471166403585,0.5732216176469435,0.569782913452411
1142.5363800147613,6.023808048627118,0.5732260713297025,0.5701113570801342
1142.8407682714299,6.022669522933374,0.5731785095513002,0.5699231184586544
1143.0733589776721,6.021799527499539,0.5734179958370771,0.5694513931539449
1143.3059496839144,6.02092951354745,0.5735172153601613,0.5690271867832704
1143.615472898271,6.019771699641277,0.5735723143972055,0.5689772096048973
1143.8955020733583,6.01872418146689,0.573340430312333,0.5694318952343845
1144.1755312484456,6.017676636439146,0.5733410235755073,0.5699141171258042
1144.4456875216613,6.016666001304904,0.5731783061659488,0.5699810630928627
1144.70684743383,6.015688999718334,0.573429494477642,0.5696189752323855
1144.9680073459988,6.014711975539895,0.5734400249890725,0.5691357992026108
1145.2159226828826,6.013784477532906,0.5736165074940139,0.5689195964610655
1145.5030795212979,6.012710140351216,0.5734465973457156,0.569143912821773
1145.7506003783803,6.011784068652278,0.5734285765054101,0.5695651070040577
1145.9981212354628,6.010857976562924,0.5732842915340247,0.5698686660330661
1146.314105992019,6.00967570129838,0.5734083013515667,0.5697659254163144
1146.5493981592206,6.008795321554796,0.5734121046631632,0.5694025837936612
1146.7846903264222,6.007914922576017,0.5735595284355262,0.5690512598579285
1147.0905378849332,6.006770493272263,0.573554685738612,0.5689631220707756
1147.3468550586285,6.005811370490591,0.5735374658439483,0.5692466893532345
1147.603172232324,6.004852224079867,0.5733801349123366,0.5696174464445767
1147.9089164679378,6.00370809224726,0.5734058277940435,0.5697816035182538
1148.16099507789,6.002764761767554,0.5733775015292257,0.5695764131686472
1148.4130736878421,6.001821410265329,0.5735570009366372,0.5692214940372362
1148.6941504802312,6.000769511641489,0.5735943223385236,0.5689680787384706
1148.9682296006802,5.999743771312679,0.5736431421193906,0.5690575418058702
1149.2423087211291,5.998718002306951,0.5734475829705588,0.5693790736200341
1149.5377328027769,5.9976123184539905,0.5734764422840424,0.5696532751559602
1149.8207311937595,5.996553114196357,0.5733437509394261,0.5696057860042127
1150.0643800344897,5.9956411664842895,0.5735781886296313,0.5693552249276863
1150.3080288752199,5.9947291978277555,0.5735848074712714,0.5690918851973009
1150.5700652997907,5.993748379578845,0.573688152152605,0.5689933286237786
1150.8841636928341,5.992572654349004,0.5735201976629277,0.5691893238394401
1151.119934370576,5.99169009916909,0.5735399388878915,0.569421769202557
1151.3557050483178,5.990807525115887,0.5734562899691364,0.5695595116331738
1151.6830239988415,5.989582223609398,0.573558413874499,0.5694606579667634
1151.911903505558,5.988725403906682,0.5735668784469554,0.5692590431925092
1152.1407830122746,5.987868564994851,0.5736339465756506,0.5690848822486326
1152.497137028714,5.986534467971475,0.5736139111386229,0.5690751857639902
1152.7432033839602,5.985613229857237,0.5736420659467136,0.5692357179015577
1152.9892697392065,5.984691969497445,0.57351794052442,0.5694030128463545
1153.2829550275746,5.98359239969647,0.5735472921917477,0.5694578222169558
1153.5412395773947,5.982625348543944,0.5735432107979227,0.5693493792409271
1153.7995241272147,5.981658274155921,0.5736648695049005,0.5691866195957446
1154.0972133457715,5.980543628002332,0.5736799903158791,0.5690880767031352
1154.3512590319215,5.979592368959416,0.5737131802423032,0.5691349439337329
1154.6053047180715,5.978641084316711,0.5736236795123909,0.5692527099550629
1154.9542335224967,5.977334468104112,0.5736329288617573,0.5693637008072403
1155.2046791923706,5.976396611872326,0.5735257282272632,0.5693401951680117
1155.4551248622445,5.975458734466697,0.5736826803733213,0.5692554667244937
1155.727358412336,5.97443923868059,0.5736851525026467,0.5691706250300631
1156.007154735347,5.97339138954698,0.5737865260845436,0.5691539485870164
1156.3051871621549,5.9722752099405625,0.5736273596769497,0.5692062205099401
1156.5506606101421,5.971355846496529,0.5736778482103566,0.5692555642108948
1156.7961340581294,5.970436461988402,0.5735997412650055,0.5692759727980968
1157.11369542505,5.96924705298179,0.5737083744333169,0.5692575843638755
1157.347799021527,5.968370207861288,0.5736892244280207,0.5692354602115959
1157.5819026180038,5.9674933414468905,0.5737398607190353,0.569224044837724
1157.936414945457,5.966165424485855,0.5737016129936606,0.5692226309463404
1158.1766297520564,5.96526560877053,0.5737436353450456,0.5692154174725912
1158.4168445586558,5.9643657711805975,0.5736813176430232,0.5692010236187611
1158.7264515357326,5.963205963059444,0.5737044843957825,0.5691968437161157
1158.9724159176521,5.9622845409965635,0.5737057187460567,0.5692235590443393
1159.2183802995717,5.961363096724448,0.5737350226122536,0.5692692480899151
1159.5391426751548,5.960161403499536,0.5737764320913514,0.5693041472468803
1159.8285470952965,5.959077151089837,0.5738109562599178,0.5692642203599644
1160.117951515438,5.957992864698941,0.5736913013960501,0.5691755531772223
1160.3971008016829,5.956946971270467,0.5737704213763146,0.5691222655639808
1160.6926792236497,5.955839493257523,0.5736795105535933,0.569170723492587
1160.9321158299183,5.954942345302038,0.5738129802244584,0.5692745420707434
1161.1715524361869,5.954045174648679,0.5738075910536403,0.5693698417054354
1161.469639476229,5.952928206226685,0.5738444660137361,0.5693771713798896
1161.7964147667933,5.951703695917581,0.5737314144421009,0.5692251339819687
1162.0505798090817,5.9507512457698155,0.5738226632223761,0.5690935891282074
1162.30474485137,5.949798772578695,0.5737484983035938,0.5690658650707752
1162.6203344482929,5.94861608171989,0.5738589329667333,0.5692209156050848
1162.859401349746,5.947720139014819,0.5737973638595223,0.5693924207350094
1163.098468251199,5.946824172352315,0.5738413811436404,0.5694877773238397
1163.4287989096479,5.945586129377816,0.5738003290951426,0.5693791050064069
1163.6767112970226,5.94465695083487,0.5738459268094354,0.56917671272149
1163.9246236843974,5.943727748776889,0.5738350560295348,0.5690238893914942
1164.264126082691,5.9424552220608655,0.5738770622028108,0.5690944499342434
1164.5114347085675,5.941528230540757,0.5738305067242971,0.5693217547913527
1164.758743334444,5.940601214338426,0.5738544797345181,0.569536141803824
1165.0963153119505,5.939335810134994,0.5738344196777765,0.5695452652308713
1165.3606074949173,5.938345063764079,0.5738997894860627,0.5693065187324758
1165.624899677884,5.937354289118385,0.573857726991412,0.5690422907328558
1165.916866801377,5.936259737109843,0.5739069143451992,0.568982750171691
1166.2091076737704,5.935164127892061,0.573847581857903,0.5692409478101822
1166.4714767373005,5.93418047931858,0.5739111187785653,0.5695585445195803
1166.7338458008305,5.93319680094071,0.5738887818856422,0.5696987931286976
1167.030740580348,5.932083640881353,0.5739261079098281,0.5695023870057815
1167.3276353598656,5.93097044316684,0.5738830446518527,0.569116860292536
1167.6111155138135,5.929907511461786,0.5739654073566801,0.568932635720113
1167.9495750437964,5.928638391614412,0.5738595849779984,0.5691977381439067
1168.169920928838,5.927812137998562,0.573952434298166,0.5695267583817081
1168.3902668138799,5.926985863644524,0.5739344217548641,0.5697688009084152
1168.716395047721,5.925762876017308,0.5739504890830882,0.5696967603866829
1169.0099658538757,5.924661938958169,0.5739237806562358,0.5692729867579904
1169.3495395989958,5.923388440371592,0.5740396461828157,0.5689158432407413
1169.6620684331583,5.922216329988698,0.5739043593417161,0.5691166934714162
1169.8918296636634,5.921354607794456,0.5740060494740938,0.5695020990674877
1170.1215908941685,5.9204928632200104,0.5739325077632019,0.5698358214950874
1170.4051709433732,5.9194292321739495,0.5739666885437344,0.5698760713725695
1170.7053820734106,5.918303182516769,0.5739566508992521,0.5694507595987707
1170.9907352656778,5.917232827653478,0.5740447022921283,0.568994610707649
1171.276088457945,5.916162441568634,0.5740017648559659,0.5689414506444643
1171.5591402145642,5.915100657877792,0.5740297992499386,0.5693624505479828
1171.7982460650285,5.914203698425658,0.5739873190128384,0.5698150247744405
1172.0370444009034,5.913307866911761,0.5739329184339534,0.5700317413950257
1172.3282733771011,5.912215310348957,0.5740343539277444,0.5697784403607865
1172.619502353299,5.911122715904512,0.5740121465251463,0.5692094983594492
1172.9092365876477,5.910035695232846,0.5741088087317691,0.5688948467717224
1173.2232379427826,5.908857593395918,0.5740474046833361,0.5692097628654939
1173.428482346398,5.908087515572693,0.5740854625214145,0.5696502670572947
1173.6337267500132,5.9073174193745945,0.57394104101635,0.5700253281903163
1173.9309942494872,5.906202009125644,0.5740740443235859,0.5700860610873211
1174.2069413987351,5.905166560333525,0.5739913073207579,0.5696072855198072
1174.4640429052047,5.9042017970809635,0.5741553220314345,0.5690765529343668
1174.7211444116742,5.90323700757342,0.5740956983897899,0.5689068859808394
1175.0603213626764,5.901964185625748,0.5741430148235755,0.5694383046158664
1175.2809554564994,5.901136191177387,0.5740250905769919,0.569950914003152
1175.4994994997185,5.900316018335752,0.573999704580469,0.5702416450567072
1175.7663073069627,5.899314685780164,0.5740934721522176,0.570069534529124
1176.033115114207,5.8983133201299855,0.5740575373406734,0.5694751968270737
1176.3118038476755,5.897267331413734,0.5742255760428314,0.5689609270315283
1176.590492581144,5.896221312126456,0.5741061116045589,0.5690435062847039
1176.8585891839828,5.8952150197186395,0.5741774086655246,0.5696417463959388
1177.1266857868216,5.894208695928614,0.573999435127577,0.5702377582826448
1177.3821547923267,5.893249739250548,0.5741222503788963,0.5703266332614675
1177.6522701931037,5.8922357701983215,0.574070680967437,0.5698309838647556
1177.910390459467,5.8912667982417695,0.5742194565658535,0.569192172612073
1178.1685107258302,5.890297798935712,0.5742185350967877,0.568930845669445
1178.5311141408035,5.888936518803988,0.5742152972741128,0.5695467216889318
1178.765821159776,5.88805535550341,0.5740958048731248,0.5701658358842012
1179.0005281787483,5.887174166355934,0.5740642241956103,0.5704687809098321
1179.286008371874,5.886102317130812,0.5741602955835058,0.5701383904084522
1179.5714885649998,5.885030429802847,0.5741824463385139,0.5693806078134567
1179.8751186716813,5.883890357458,0.5743031970921073,0.5689547133524078
1180.200155653222,5.882669865460125,0.5742138852940214,0.569457453246053
1180.4310297287875,5.881802921633369,0.574205335610045,0.5701170290379243
1180.661903804353,5.880935952949542,0.5740597439438792,0.5705425702840252
1180.9298390213253,5.8799297810138516,0.5742074489819093,0.5703853546287764
1181.1977742382976,5.878923574506188,0.5741786267930649,0.5696834791462861
1181.4893225027597,5.877828655342396,0.5743628549771123,0.5690393313518409
1181.7719291752157,5.876767283536062,0.5742627615216666,0.5691673167267289
1182.0493947799291,5.875725187582869,0.5742572125338841,0.5699220231594838
1182.3268603846425,5.874683056553093,0.5741389570416922,0.5705910553227013
1182.6109784764792,5.873615900256281,0.5741883827447248,0.5705304619560327
1182.8935341813767,5.872554573198079,0.5742672045463019,0.5697867962756645
1183.2229866990933,5.871317048711811,0.5743854439833206,0.5690529762556368
1183.55243921681,5.870079479490553,0.5742989142924284,0.5693817629250683
1183.7954062762528,5.869166758334182,0.574253801547507,0.5701217931605508
1184.0383733356957,5.868254009592672,0.5742275054961284,0.5706952033384369
1184.314845330589,5.867215357846398,0.5741696030279201,0.570619627706131
1184.5913173254821,5.86617666837704,0.574363228707234,0.5698657197011692
1184.8690487989368,5.865133212132245,0.5743472149805076,0.5691587348140803
1185.1467802723914,5.864089723632989,0.5744687219201824,0.5692010186863171
1185.4194277801575,5.8630653049779085,0.574265476298242,0.569953215496665
1185.6920752879237,5.862040852188181,0.5742851979182301,0.5707168351876761
1185.9508775736324,5.861068387525896,0.5742153706827505,0.5708008343501559
1186.2525536021997,5.859934779844026,0.5743621365000812,0.5700455966252109
1186.571015173237,5.858738051337771,0.5744274618300043,0.5691976889345925
1186.8680038872774,5.857621975751437,0.5744774195766502,0.5693045737752331
1187.1492921192219,5.856564867376553,0.5743409716820463,0.5701468996789485
1187.4305803511663,5.855507721803666,0.5742674210118647,0.5708766829203064
1187.751123091873,5.854302999895145,0.5743045343129363,0.5706889131755132
1188.05088600344,5.853176330221054,0.5744316732276322,0.5697613206728463
1188.375387328431,5.851956634660976,0.5745162401822201,0.5691646772927779
1188.6998886534222,5.850736894467238,0.574470921857778,0.569749980585612
1188.9438607534994,5.849819817629353,0.5743775150207072,0.5705650082775924
1189.1878328535765,5.848902711480073,0.5742593835440776,0.571025829836778
1189.4663832390113,5.847855585906691,0.5744171555048165,0.5706973041428306
1189.744933624446,5.846808421609051,0.5744291182430767,0.5698017417597018
1190.019636429826,5.84577568707117,0.5746229802315374,0.5692341374751038
1190.3190185315325,5.844650134939648,0.574484713282018,0.5696119240425394
1190.566728626633,5.843718817988474,0.5744414754426992,0.5704406603170936
1190.8144387217335,5.842787471150081,0.5743778349245217,0.5710554463203812
1191.0995845419359,5.841715333136815,0.5743540445159463,0.5708984160349445
1191.3847303621383,5.840643153694746,0.5745615392801748,0.5700130589573692
1191.7135557831837,5.839406687291832,0.5745866442290939,0.5692892473660952
1192.015005186847,5.838273120501845,0.5746240196706482,0.5697151570381805
1192.2504540782556,5.837387712861114,0.574419431886323,0.5705157070825739
1192.4859029696643,5.836502277954192,0.5744341727003652,0.571117040816318
1192.788132649773,5.835365663086546,0.5744169569940116,0.5709583342187908
1193.0855472093804,5.834247110977018,0.5745874191502037,0.5700181576226375
1193.4529394763617,5.832865321589239,0.574651916179391,0.5693505810755243
1193.8053528122152,5.831539813476066,0.574629210333455,0.5701402157928973
1194.0599479992138,5.830582185793341,0.5744590152251571,0.5709744481466298
1194.3145431862124,5.829624524677695,0.5744359854278015,0.5712550538917351
1194.6636072251943,5.828311462898766,0.5745787255819641,0.5704435835447612
1194.979966389504,5.827121374163338,0.5747154633043348,0.5695258835563999
1195.2971106468667,5.825928287235116,0.5747257316901786,0.5696369789657393
1195.578162484991,5.824870941045553,0.574565280670415,0.5705320415463041
1195.8592143231153,5.8238135557682105,0.574549873988225,0.5712702081912929
1196.1629995897808,5.822670594588853,0.5744964725529281,0.5710703197559495
1196.4506654924683,5.821588236461666,0.5747409524542441,0.5701535354769173
1196.7522732369282,5.820453379102505,0.5747474324769428,0.5695001182067102
1197.0606258809628,5.8192931008818585,0.5747932220073962,0.5699224727194401
1197.3005207396013,5.8183903871675895,0.5746194639454897,0.5707353677486583
1197.5404155982399,5.817487644294395,0.5745307097733876,0.5713309394020977
1197.8311713229589,5.816393466583203,0.5746402334173574,0.5711715376168557
1198.121927047678,5.815299244199978,0.5746886156252206,0.570267335473369
1198.4424803313973,5.814092835252581,0.5749126112444509,0.5695751176989643
1198.7487997116057,5.8129399526774606,0.574753348963172,0.5700048320701762
1198.985360862283,5.812049586485194,0.5747190595131068,0.5707990088197552
1199.2219220129602,5.811159191668753,0.574638753430114,0.5713847928855524
1199.5107668548956,5.810071964590189,0.5746161022499586,0.5712475174391763
1199.7996116968309,5.808984692955029,0.5748456645321868,0.5703710196901345
1200.1407268448686,5.807700612745945,0.5748772222937177,0.5696521397968458
1200.4511590817733,5.806531988070265,0.5749139350343938,0.570121472359133
1200.68260049798,5.805660695279618,0.5747193436054573,0.5708889393994329
1200.9140419141868,5.804789374757621,0.5746650257238247,0.5714425581406607
1201.2089582744925,5.803679044013053,0.5747540893268731,0.5712885553015001
1201.5038746347982,5.802568666452584,0.5748216677915314,0.5704012646486717
1201.8516523548442,5.801259208008372,0.5750394051576704,0.5697344810534194
1202.1694673539473,5.8000625171101605,0.5748688783170586,0.5702726296106753
1202.4010128281866,5.799190632216242,0.5748428016089713,0.5710264175694801
1202.6325583024259,5.798318719065682,0.5747572362486564,0.5715189098987284
1202.9190372735322,5.797239905897605,0.5747569694886071,0.5713105065686234
1203.2055162446386,5.796161048259092,0.5749885117913645,0.5704600719600215
1203.5574418396684,5.794835668285538,0.5750166954372558,0.5698233445337897
1203.8818650019991,5.793613813771233,0.5750321750003883,0.5703892965616558
1204.120394067101,5.792715423961367,0.5748400788994843,0.571139644259503
1204.3580230298296,5.7918203939999255,0.5747958775825256,0.571582685718413
1204.6484376430894,5.790726503813059,0.574914994174597,0.5712985329197061
1204.9388522563493,5.789632567763782,0.5749796636154524,0.5704453458898185
1205.2701722708857,5.788384497998424,0.5751883649826363,0.569917730806094
1205.607736395597,5.787112853988236,0.575000210034765,0.5705238089862137
1205.8504734540668,5.786198399792149,0.5749506493593556,0.5712540706963463
1206.0932105125366,5.785283913532816,0.5749211306812024,0.571634314861833
1206.3793605902213,5.784205830439258,0.5749142449768571,0.571295600958585
1206.665510667906,5.783127702622576,0.5751597763014085,0.5704803873876227
1206.9694072734128,5.781982666537146,0.5751865664377935,0.5700139488068798
1207.3285824463057,5.780629292863733,0.5751536274902459,0.57061855794362
1207.577457604579,5.779691492143479,0.5750271108169044,0.5713299986907356
1207.8263327628522,5.778753657270994,0.5749253508416279,0.5716699349749081
1208.1169458048848,5.777658496926217,0.5750973207731931,0.5712949745987255
1208.4075588469175,5.776563290213955,0.5751847045158563,0.5705031956253648
1208.7067307517245,5.775435784369839,0.5752995713295009,0.5701157197398187
1209.1170717141533,5.77388923961303,0.5751632932548744,0.5708773048203134
1209.3922842374454,5.7728519351280925,0.5750497407603069,0.5715514011186467
1209.6674967607375,5.771814587607049,0.575122526906725,0.571643872210227
1209.9821265092664,5.770628613132803,0.5751674161923999,0.5709849895963249
1210.3058954575704,5.769408134199569,0.5754055376418132,0.5702855656038365
1210.6084827484308,5.768267455404833,0.5753562139537299,0.5703793818298333
1210.896869323946,5.76718026779898,0.575226241766075,0.5710669613187696
1211.1852558994613,5.766093035356177,0.5752003013228008,0.5716547385800916
1211.4808644585203,5.764978525650349,0.5751515803993832,0.5715673992070338
1211.761304469735,5.763921158359305,0.5753487361863581,0.5709412280769479
1212.086874787125,5.76269358029154,0.5754790310563378,0.5703523638021011
1212.4113597845787,5.761470042758765,0.5754217475920647,0.5705846193870704
1212.6541727371748,5.760554431892445,0.5753845305339853,0.5711556796870914
1212.8969856897709,5.759638788719855,0.5752525082667062,0.5716330084197965
1213.1744153240936,5.758592564500936,0.5752532489203523,0.5716557528370741
1213.4518449584164,5.757546295254067,0.5754470465717925,0.5711406652830815
1213.7475095928694,5.756431210222439,0.5755195318728196,0.5705472183933967
1214.0431742273224,5.755316081356049,0.5755849185267735,0.5705028200588143
1214.3709256433353,5.754079882899431,0.5754862130535926,0.5711188138910429
1214.644965347411,5.75304622707915,0.5753289713089423,0.571634737390089
1214.9190050514867,5.752012527043728,0.5754169194532617,0.5716759756026311
1215.1911517921758,5.7509859233676055,0.5755189573261948,0.5712320990961677
1215.5059357318066,5.749798430688661,0.5756237533758245,0.5706508798218275
1215.7939992090357,5.748711694280911,0.5757420412077389,0.5705984742108973
1216.1286119746567,5.747449295309726,0.575556240215068,0.5711557098242086
1216.384014441679,5.746485693063525,0.575474195752971,0.5716069436377484
1216.6394169087014,5.745522052128755,0.5755446790358218,0.5717055037001277
1216.939524861317,5.744389685973573,0.5755907513082328,0.5713129541239832
1217.2268677521436,5.743305437093762,0.5757456905105685,0.5708121677861461
1217.4962873781542,5.7422887802277955,0.5758739932248322,0.5706672082448696
1217.8774948860203,5.74085022794844,0.5756780901975764,0.5711558478908254
1218.1290822073447,5.739900776302527,0.5756363307994367,0.5715684651903765
1218.3781469485682,5.738960807307585,0.5756673551035919,0.5717039663115341
1218.6706692393072,5.737856781431833,0.5756888103060084,0.5714211502999699
1218.9155520419497,5.7369325162246705,0.5758349992380758,0.5710273123095272
1219.1604348445921,5.73600821876324,0.5759928687227347,0.5707849299523753
1219.4690545731844,5.734843305903371,0.575915330395491,0.5709253707456752
1219.7245562168116,5.733878854107574,0.5758049249143355,0.5713029732371986
1219.9800578604388,5.73291436495428,0.5758011942479714,0.5716213000722531
1220.2854337285319,5.731761553998135,0.5757965471068108,0.5716208099289207
1220.5905175018618,5.730609788941629,0.575907089580001,0.5712538440747144
1220.889945162892,5.729479325949642,0.5761186596525258,0.570922897190972
1221.1893728239222,5.728348816085787,0.5760970521902792,0.570949234586236
1221.5329360420558,5.727051610950979,0.5759656143453402,0.5713479543806488
1221.8489325164958,5.72585843021652,0.5759559626274388,0.571629927939913
1222.176792225155,5.724620389118794,0.5759708404337942,0.5715200454445194
1222.47880410442,5.723479895071268,0.5761399421351319,0.5711926466970338
1222.8632250016992,5.722028125171806,0.5763054550910902,0.5709962850894544
1223.2611542587604,5.720525258523668,0.5761543377826807,0.5712868515443754
1223.5471544489903,5.719445060748273,0.5761183129944462,0.5715387449447958
1223.8331546392203,5.718364812132749,0.5761387107602611,0.5715758448350484
1224.1744364597998,5.717075692695335,0.5762423995235088,0.5713403148559751
1224.4960247940755,5.715860899075264,0.5764453833422627,0.5711214386716964
1224.8176131283512,5.714646049931164,0.576470409958974,0.5711478554201239
1225.1178391457404,5.713511849564612,0.5763305386525969,0.5713498078485029
1225.4180651631295,5.712377595842234,0.5762915793748464,0.5715146159050658
1225.7462256787949,5.711137740159113,0.5763749257335299,0.571485089111085
1226.0679687160316,5.709922065521935,0.57649645601328,0.5713112321260071
1226.5544172045131,5.708083955871464,0.5766998393870434,0.5712121020247588
1226.9192042732523,5.706705475252977,0.5765745127846035,0.5713482978872646
1227.2473043100692,5.705465562254499,0.5764744567202421,0.5714500086725265
1227.5754043468862,5.704225580109323,0.5766059828325377,0.57142835984808
1227.9011713072791,5.702994348069243,0.5767683296298862,0.5713402710612999
1228.3249360780085,5.701392643351875,0.5768897772401561,0.5712973102760347
1228.7936933642848,5.699620764458631,0.5768275382227154,0.5713515499229003
1229.3107046978178,5.69766633064786,0.5767578286376013,0.5713686536513294
1229.678065848796,5.696277507500774,0.577029480349363,0.5713708447474127
1230.0454269997742,5.694888604424231,0.5771684564890532,0.5713840150573403
1230.435405173048,5.693414109813207,0.5771066089731237,0.5713511341714261
1230.7100986881214,5.692375449151251,0.5770584158010593,0.5712982862394271
1230.982982793292,5.691343582242894,0.5770437578232926,0.5712716101095716
1231.3246827451949,5.6900514299684195,0.5771491856803983,0.5713295556589083
1231.6663826970978,5.688759204465964,0.577394613113017,0.5714386043287368
1231.9859905939388,5.6875504650599575,0.5775230267684061,0.5714548714291187
1232.3439046661877,5.686196785042337,0.5773987905772173,0.5713117365996874
1232.7018187384365,5.68484302580958,0.5772894816234019,0.571168391026238
1233.0357563899547,5.6835798771836155,0.5774433837406282,0.5712296158478224
1233.3695565439618,5.6823171763369915,0.577693444006592,0.5714368553799037
1233.7140306409349,5.681014028720055,0.5778208447482207,0.5715377481094284
1234.2720505280408,5.678902890720261,0.5777243630539879,0.5711765999282148
1234.6160400339681,5.677601388233663,0.5776821302313601,0.571046642232098
1234.9600295398955,5.676299806020376,0.577847008731738,0.5712583590812584
1235.3172936471565,5.6749479160636,0.5781594794269855,0.5715678527698671
1235.6504662904551,5.67368712131948,0.5782875331020142,0.5715418078152699
1235.9525716788485,5.672543835410602,0.5781685713177849,0.571227260478028
1236.2546770672418,5.671400491522868,0.5780181144314385,0.5709459025288466
1236.6093932936583,5.670057958398354,0.578125690400586,0.5710473581956698
1236.942882002757,5.668795691164119,0.578480919914254,0.5714614968319063
1237.3034665985772,5.667430788986326,0.5787411473475258,0.5716618818031971
1237.7371379475146,5.665789134279261,0.578598466876319,0.5711750579946927
1238.1080116838903,5.6643851035755715,0.5784419713725545,0.570793600319069
1238.4703537859555,5.663013280470074,0.578636484485409,0.5710711595149007
1238.8067284403414,5.661739692585222,0.5790245416657801,0.5715926437484207
1239.1280781978592,5.660522928629696,0.57925407763012,0.5716903283064843
1239.473155920104,5.6592162526136365,0.5791615620367737,0.5711849913718944
1239.818233642349,5.657909500250668,0.5789348020873619,0.5706907081482623
1240.1520655495954,5.656645256021621,0.5789685959012764,0.5708675773931342
1240.487693786106,5.655374133429425,0.5793496780011435,0.5714957077919578
1240.857582721584,5.653973175151313,0.5797750764313673,0.5717513184461975
1241.2337591921844,5.6525483190240005,0.5797512343641636,0.5711346800821201
1241.6099356627847,5.651123371523365,0.5794302341601457,0.5705703044464503
1241.961480642296,5.64979163926841,0.579404426175659,0.5709108844561619
1242.3038141147665,5.648494723169539,0.5798000245591098,0.5716196751023661
1242.6773588076214,5.64707948285793,0.5802489999024396,0.5716949306645598
1243.0276490610092,5.645752269321622,0.5802403494179555,0.5709853007936436
1243.3821815321216,5.644408900596162,0.5799379004192795,0.5705248089458307
1243.7297257337127,5.643091927381166,0.5798291556746474,0.5709671276406195
1244.131513352732,5.641569306795321,0.5801360411774802,0.5717111963161535
1244.4530556585682,5.640350713807634,0.5804045547906714,0.5715741214007132
1244.7745979644044,5.639132057193402,0.5804446283556463,0.5709327824823058
1245.1321481564025,5.63777684984576,0.5803209968384272,0.5706181693805572
1245.5264487370603,5.636282248889697,0.5802649376935028,0.5711847526825602
1245.9349212012617,5.634733823094582,0.5802515238009927,0.5716022949613837
1246.2250532657454,5.633633935847708,0.5801716655232215,0.5713123544525563
1246.515185330229,5.632533995623548,0.5801296827962819,0.5709022976145512
1246.8637005133694,5.631212642550213,0.5803049970938997,0.5708952233767188
1247.2122156965097,5.629891209805768,0.580556512545542,0.5713029277598365
1247.5879023930656,5.628466666107268,0.5803535770151144,0.5713608991999782
1247.8468371467309,5.6274847748830945,0.5798942859422541,0.5710934069563582
1248.1057719003961,5.626502840643229,0.5795093405527679,0.5709150192246065
1248.4282246847097,5.625279972433745,0.5796125311953312,0.5711325309854712
1248.7506774690232,5.624057038082483,0.580255205839173,0.5714920857778782
1249.2206885449375,5.622274357020568,0.5804008113809154,0.5711025281910834
1249.5113627043174,5.621171802564003,0.5795982027921575,0.570689511943426
1249.8020368636974,5.620069192429055,0.5788741899834794,0.5708547753391094
1250.1554567188555,5.618728496851808,0.5791089302910191,0.571634028696368
1250.4822804792389,5.617488625161143,0.5800017190019892,0.5717572606525602
1250.8357137560154,5.616147730711353,0.5801187154812483,0.5708348317040317
1251.1891470327919,5.61480675430708,0.5790377522734694,0.5703267637506702
1251.537163233446,5.613486249537638,0.5783750781696995,0.5712527430478851
1251.8941765578797,5.6121315275665,0.5790262268701388,0.5721379650074901
1252.2438902779975,5.610804430913434,0.5796582763139229,0.5713074402211181
1252.5288106826356,5.609723155511186,0.5792713363904025,0.5701980785458822
1252.8137310872737,5.60864182526549,0.5785096553960986,0.5701713420250601
1253.142854999166,5.607392666231799,0.5782682233461955,0.5715516742561481
1253.5185481570818,5.605966676691277,0.5787997208560053,0.5722543977974444
1253.8312053032398,5.604779884273284,0.5788493452339758,0.5709824606272064
1254.1438624493978,5.603593029167586,0.5784472899240771,0.5698115268878582
1254.457259188015,5.602403299636798,0.5783027704103479,0.5705121108597561
1254.7572036053386,5.601264577954016,0.5784231583700397,0.5720199177009947
1255.0490666907017,5.600156484611239,0.5782519302129262,0.572226534014404
1255.3148806665733,5.599147245996981,0.5779190194034604,0.571006376787039
1255.580694642445,5.59813796250708,0.5779655054289466,0.5698210907026833
1255.8739583930403,5.597024397779961,0.5784866822526039,0.5701209788361636
1256.1672221436356,5.5959107753261845,0.5785037268192952,0.5716184211330294
1256.5642175724518,5.594403164195335,0.577258643323578,0.572039669497542
1256.8677395983675,5.593250459870552,0.5772425545974851,0.5705897650559671
1257.1712616242833,5.592097695972054,0.5784688581279671,0.5697405316224359
1257.543286097879,5.5906846769708425,0.5784656778371737,0.570986886040473
1257.821822868529,5.589626683233577,0.5769287967051534,0.5720400990399771
1258.1003596391788,5.588568643209491,0.5764434533953039,0.5717445145104807
1258.3726405330965,5.587534321261704,0.5778221649028068,0.5705010751321405
1258.6449214270142,5.586499950778677,0.5788884933098776,0.5697492168735243
1258.9614287892682,5.585297504049224,0.5775380623355129,0.5705597448801898
1259.2779361515222,5.584094992055742,0.5760757720685244,0.5719269933417263
1259.5896141257026,5.58291076969536,0.5773537152634657,0.5717268185063816
1259.8790280775233,5.581811086369493,0.5785097509926461,0.5702660010210064
1260.2069831580127,5.580564891029616,0.5771612083416351,0.5696050844453358
1260.5283472612982,5.579343669776514,0.5762936353956437,0.5710948915473993
1260.8359146500725,5.578174816690311,0.5775326232112737,0.57222174053728
1261.1376147363542,5.577028205976671,0.5776719097603181,0.5711475934643202
1261.3815250939485,5.5761011829958225,0.5766581036256353,0.5697094263205617
1261.6171417108856,5.575205643591878,0.5764728949155846,0.5694261761253474
1261.92658648313,5.574029438151234,0.5776523490255313,0.5710120387767221
1262.2070140023618,5.572963474722042,0.5773718032999393,0.5721659232434152
1262.4670213593156,5.571975090216403,0.5760297626364541,0.5714802056084695
1262.7270287162694,5.570986663987655,0.5762694271374917,0.5699446717405563
1263.0132875625568,5.569898389621851,0.5779758721808889,0.5694305029210824
1263.3152023523319,5.568750534475244,0.5773228119220003,0.5708051931030172
1263.567430649535,5.567791537849383,0.5755633726675242,0.5719267378947385
1263.8163516599836,5.566845078288891,0.5759009444164849,0.5716983787304472
1264.0938816313935,5.565789795541296,0.5778410242580374,0.5701894110214926
1264.3776065673624,5.564710903741024,0.5773438839439268,0.5692780026459272
1264.6363743619108,5.56372686515918,0.5756552716480524,0.5701699488343657
1264.8951421564593,5.5627427824514575,0.5761160335242959,0.5717016096373452
1265.1566222002298,5.561748343388712,0.5774871317380829,0.5719472839494151
1265.409538162978,5.56078643459041,0.5768052541942351,0.5705499971253009
1265.662454125726,5.559824483976344,0.5756553749798168,0.5692061391764914
1265.910802622466,5.558879862551958,0.5765508886484271,0.5695382620587163
1266.159151119206,5.557935198936544,0.5775719626440545,0.5710846333731568
1266.3992950093227,5.557021706165228,0.5763899773143439,0.571998380138681
1266.6394388994395,5.556108178327546,0.5751347473436376,0.5713560144450253
1266.878498166774,5.555198740881571,0.5763315717198086,0.5698890553329361
1267.1175574341087,5.554289264975149,0.5778245380041085,0.5691273623552303
1267.3605102468186,5.553364935258264,0.5766876531046354,0.5698607642639928
1267.6034630595286,5.552440565624735,0.5750100009088365,0.5713236464394251
1267.8457830946973,5.5515185668750515,0.5759802527231678,0.5719249890933304
1268.0881031298659,5.550596532283111,0.5774658405103441,0.5709426759751955
1268.3077420430589,5.549760767208366,0.5766330910894419,0.569512796477947
1268.5273809562518,5.548924968955714,0.5753020470919668,0.5689733502435074
1268.7644745786115,5.548022712047144,0.576050609819075,0.569989268439375
1269.0015682009712,5.547120417445348,0.5772844019226633,0.5715149810956938
1269.2516058220408,5.546168824179169,0.5760558889484683,0.5718092198161597
1269.5016434431104,5.54521719237915,0.5749346556558252,0.5704603863342903
1269.7263958116037,5.5443617604393785,0.5764446225031878,0.5691792956154398
1269.9511481800969,5.543506293239718,0.5775896643940619,0.5691004597893721
1270.1787322868674,5.542640011333617,0.5760578490718558,0.5702786308780412
1270.406316393638,5.541773695073253,0.574674088413736,0.5715645886030927
1270.6269755347826,5.540933708676552,0.5759843761662904,0.5717058852555573
1270.847634675927,5.54009369209927,0.5773289698777769,0.5705601688242229
1271.0638661595463,5.539270499712143,0.5762226949079137,0.5691902555697891
1271.2800976431654,5.538447274684123,0.5749426138539812,0.5688820408213711
1271.4991320669085,5.537613345023146,0.5759892488823641,0.5699717742756175
1271.7181664906516,5.53677938304174,0.5771572954472839,0.5713912502453338
1271.9398752668117,5.5359352075158945,0.5758783310902348,0.5717445544990502
1272.1615840429718,5.535091001532,0.5746254047828935,0.5706930228720991
1272.3755558188814,5.534276225847902,0.5760104790667195,0.5693166575157403
1272.589527594791,5.533461418363918,0.5774242980837991,0.5688121885549547
1272.8042553431299,5.532643699113935,0.5761225261511407,0.5696043815259638
1273.0189830914687,5.531825948190536,0.5745128000573289,0.5709887011068187
1273.2361367053145,5.5309989289455945,0.5756287971779664,0.5717205702361627
1273.4532903191603,5.530171880443953,0.5771118569817556,0.5710625520512103
1273.6531934050079,5.529410505115104,0.5761253310614816,0.5696950437035461
1273.8530964908555,5.528649102403835,0.5747258244969634,0.5687364958884871
1274.0699007430435,5.527823293551992,0.5756972389890219,0.5690686913874584
1274.2867049952315,5.526997451682552,0.5771157588109704,0.5704582942685543
1274.5022363175842,5.526176427511757,0.5758304499046577,0.5715497600610208
1274.717767639937,5.525355374176169,0.5743339877452797,0.5713584204604361
1274.9257290813514,5.5245631302614875,0.5756777908840508,0.5701362341777265
1275.1336905227658,5.5237708573363475,0.5772423514817919,0.5689218392372153
1275.3394011388352,5.522987128943978,0.5760446511293514,0.5687287891997831
1275.5451117549046,5.522203370239225,0.574439555638356,0.569725602974016
1275.7535727155578,5.521409103443967,0.5754988599185216,0.5710932908156945
1275.962033676211,5.520614808781076,0.5769313054031947,0.5716003658954567
1276.1600295416235,5.519860363604301,0.5758287500663459,0.5708352252056573
1276.3580254070362,5.519105892898754,0.5744122835799604,0.5694690711478171
1276.5668123379921,5.518310273242445,0.5756156007099394,0.5685915580148999
1276.775599268948,5.517514622209689,0.5771339726726746,0.5690085085023289
1276.9820272158183,5.516727930223703,0.5757600333598608,0.5702959491631631
1277.1884551626886,5.515941209754527,0.5741518315809002,0.5713588330961165
1277.3902483003444,5.51517212721338,0.575451879304115,0.5713251958149138
1277.5920414380003,5.514403018801037,0.5769939721491124,0.5702236149719003
1277.7869102334091,5.513660275456454,0.5758374056978017,0.5689553441645124
1277.981779028818,5.51291750509013,0.5743511674889302,0.5684896524789708
1278.1824817557253,5.512152469319495,0.5754777527682483,0.5692382750440385
1278.3831844826327,5.511387405295991,0.5769170171269953,0.5705878344590413
1278.5830947262832,5.510625335475462,0.5756070354937974,0.5714087102620354
1278.7830049699337,5.509863240305548,0.5740798720539829,0.5710612855572206
1278.9797586103864,5.509113153806188,0.5754222940991404,0.5698622736992324
1279.176512250839,5.508363040883538,0.5770290938100997,0.5687223171551823
1279.3773946259607,5.507597158354276,0.5757341632949581,0.5685112052542611
1279.5782770010824,5.506831246487945,0.5741450667658649,0.5694395411062025
1279.7739118579757,5.506085315246455,0.5754033566806477,0.5707305567374757
1279.969546714869,5.505339358912199,0.5768046769325775,0.5713755856481315
1280.1678062919902,5.504583369434793,0.5754263080304042,0.5708429999904273
1280.3660658691115,5.503827354300454,0.5740818248617879,0.569547591496146
1280.553291977272,5.503113387860538,0.5755287692265805,0.568554191169982
1280.7405180854325,5.502399395946154,0.5769711009576398,0.5684827596528773
1280.93134069758,5.501671662104242,0.5756138571208573,0.5693799919853924
1281.1221633097275,5.500943902733108,0.573969651019952,0.5706023516789492
1281.3154978505538,5.500206539094707,0.5752064228453254,0.5712685142551931
1281.50883239138,5.499469151585968,0.5767891149220566,0.5708487185202221
1281.6956177862671,5.498756719417873,0.5755916596370514,0.5696769378901472
1281.8824031811541,5.49804426309069,0.5740511904936155,0.5685843437718767
1282.0742428129342,5.497312502195471,0.5752810233418361,0.5683567985551747
1282.2660824447144,5.496580714283632,0.5768542387964493,0.5691716177533722
1282.4549200181823,5.49586035223768,0.5755354324976963,0.570381572522288
1282.6437575916502,5.49513996630845,0.5738574650771973,0.5711353869226109
1282.834183393327,5.494413498535634,0.5751269487732052,0.5709053670058452
1283.024609195004,5.493687007152133,0.5767916995813369,0.5698317091128836
1283.2102700668627,5.492978670153216,0.5755761253886886,0.5686867005480617
1283.3959309387214,5.492270308102712,0.5739651060210303,0.5682444921821261
1283.5840683096676,5.491552471534468,0.5751771803884852,0.5688267676475558
1283.7722056806138,5.490834609459077,0.5767504991035269,0.5700101136142022
1283.9571582728245,5.49012887552447,0.5754563805042282,0.5709337321269919
1284.1421108650352,5.489423119283318,0.5737963851399267,0.5709971167641709
1284.3291113905627,5.488709526050105,0.5750722702645955,0.5701550128484241
1284.5161119160903,5.487995909145639,0.5767676794070676,0.5689654262435763
1284.7012721024653,5.487289290212069,0.5755230313187698,0.5682315200416675
1284.8864322888403,5.486582645766462,0.5738611470267108,0.5684407443748476
1285.0712786600811,5.485877174026989,0.5750923018613946,0.5694464960224459
1285.256125031322,5.485171678321096,0.5766782899097127,0.5705517861020722
1285.437863167371,5.484478023308695,0.5753963539572508,0.5710045174101045
1285.61960130342,5.483784346824459,0.5737487263316714,0.5705383991428581
1285.8034284554728,5.483082674652756,0.5750263282135595,0.569446364925081
1285.9872556075256,5.482380978750829,0.5767227899237006,0.5684343639340494
1286.1697927661708,5.481684182019493,0.57546416289966,0.5681517913336924
1286.3523299248159,5.480987360319606,0.5737671007536473,0.5687706753849702
1286.5349668412316,5.48029013379732,0.5750036750106924,0.5698827989954804
1286.7176037576473,5.47959288434297,0.5766310972140871,0.5707542840830279
1286.897522900173,5.478905988781319,0.5753514555839099,0.5708222893141708
1287.0774420426987,5.478219071960206,0.5736943125885637,0.5700644225617556
1287.2582804008132,5.4775286236145195,0.5749795692410358,0.5689507095224321
1287.4391187589276,5.476838151685165,0.5766696800073235,0.5681732642230137
1287.6186426781053,5.476152674017754,0.5754001206099869,0.5682038950658768
1287.798166597283,5.475467172175037,0.5736848017558183,0.5690081312729763
1287.9787109384592,5.4747777507281645,0.5749307304140245,0.5700846291140832
1288.1592552796355,5.474088307079799,0.5765982913225137,0.5707514592616153
1288.3376229763228,5.473407154064226,0.5753112315437234,0.5705985632076043
1288.51599067301,5.472725979892456,0.5736320393570596,0.5697313461476129
1288.694034672795,5.472046020063594,0.5749233544114252,0.568675311670935
1288.8720786725798,5.471366036999034,0.5766148441315014,0.5680554952073348
1289.0491489908927,5.470689748578917,0.5753379258536861,0.5682288984556196
1289.2262193092056,5.47001343658681,0.5736113136551074,0.5690766006302923
1289.404535076562,5.469332345090718,0.5748727049914769,0.5700916228421227
1289.5828508439185,5.46865123192907,0.57657189433498,0.5706581404378656
1289.7595711033046,5.4679761921430465,0.5752745949493963,0.5704441285883908
1289.9362913626906,5.467301131407684,0.5735674030278158,0.5695818543436122
1290.1118513524511,5.466630481355107,0.5748596224393683,0.5685774641708039
1290.2874113422117,5.46595980853253,0.5765605490164637,0.5679974585238228
1290.4625515963733,5.465290715554962,0.5752788904833543,0.5681635765303339
1290.6376918505348,5.4646215993597655,0.5735425178296385,0.5689658859106568
1290.813738784403,5.463948997036517,0.5748217193840239,0.5699386149447249
1290.9897857182714,5.463276373404443,0.576547828765253,0.5705190824232221
1291.1648607363397,5.462607442455886,0.575242835127322,0.570381988745186
1291.339935754408,5.461938490874527,0.5735066878344505,0.5696074765943803
1291.5132955121228,5.461276072231536,0.574795455327506,0.5686349754641831
1291.6866552698375,5.460613631384958,0.5765071667191508,0.5679897687766357
1291.8601720515828,5.459950567265388,0.5752200379128115,0.5680194814544814
1292.0336888333281,5.459287480102668,0.5734736411252723,0.5686940802695275
1292.2075272210534,5.45862314188622,0.5747704975180267,0.5696288013893674
1292.3813656087787,5.457958782513502,0.5765227480014653,0.570308313665424
1292.554842226861,5.45729578517082,0.575217583650156,0.5703679331715615
1292.7283188449433,5.456632767563791,0.5734564121621786,0.5697748114186573
1292.8997528620657,5.45597753630778,0.5747380108362341,0.5688546867224223
1293.0711868791882,5.45532228353399,0.5764562847727689,0.5680868310942658
1293.2432721533694,5.454664518714173,0.5751589047698875,0.5678718644395916
1293.4153574275506,5.4540067309602,0.5734005514979771,0.5683119384699031
1293.587069856504,5.453350346312282,0.5747123350264263,0.569152773716597
1293.7587822854575,5.452693940430486,0.5764900125788935,0.5699503336176154
1293.9306213704695,5.4520370298279595,0.5751974110806344,0.5702951232430786
1294.1024604554814,5.451380099275806,0.5734215561291298,0.5700041116404688
1294.2723191043017,5.450730720109217,0.5746945439261255,0.5692323661597157
1294.442177753122,5.4500813202236085,0.5764140875195207,0.5683717343255636
1294.6129223461044,5.449428511018923,0.5750988709511975,0.5678553114844991
1294.7836669390867,5.448775679112973,0.5733231449587644,0.5679361093961255
1294.9533355396907,5.448126939062443,0.5746406010611388,0.5685460155517091
1295.1230041402946,5.447478177498603,0.5764385441512281,0.56937197926399
1295.2931458138637,5.446827586208689,0.5751717582308095,0.5700084425247816
1295.4632874874328,5.446176975035695,0.5733982210851999,0.570130928315909
1295.6319319087133,5.445532070045039,0.574670389541144,0.5696782362918241
1295.8005763299939,5.444887145162799,0.576392402331198,0.5688798085261627
1295.9699617071121,5.4442393654473005,0.5750536759217473,0.5681246111332159
1296.1393470842304,5.443591563624048,0.5732502410981739,0.5677716140723595
1296.30710706817,5.442949956012452,0.5745552706933296,0.5679671027560624
1296.4748670521094,5.442308326573383,0.5763601588207854,0.5686041246206341
1296.6434780013335,5.441663421018356,0.5751183870672527,0.5693839675760726
1296.8120889505576,5.441018495159196,0.5733629167509454,0.5699212364492289
1296.979612344115,5.440377709965242,0.57465815782122,0.5699532769400403
1297.1471357376722,5.439736905518214,0.5764001594685597,0.5694799886097563
1297.3152028169236,5.4390940011539595,0.5750439496295849,0.5687288758761014
1297.483269896175,5.438451075725348,0.5732025645018836,0.5680412037770363
1297.649408649521,5.437815505590287,0.574477087219545,0.5677207468719494
1297.8155474028672,5.437179913624347,0.5762668557489425,0.56789949874232
1297.9829044483415,5.436539638778373,0.5750210173984215,0.5684994282159483
1298.1502614938158,5.435899342738576,0.5732785140020819,0.5692273589739048
1298.316348113665,5.4352638875265304,0.5746192954049034,0.5697326567583283
1298.4824347335143,5.434628413152616,0.5764170416425234,0.5698061616365455
1298.649455840036,5.433989343791771,0.5750779591076587,0.569426714142678
1298.8164769465575,5.43335025454574,0.5732054372293838,0.568754106090569
1298.9813457732828,5.432719380618808,0.5744450069704661,0.5680822704809224
1299.146214600008,5.432088485559349,0.5762004790807898,0.5676981625945617
1299.3124466210854,5.431452351844665,0.5749074110161355,0.5677723883777388
1299.4786786421628,5.430816196132063,0.5731373397453324,0.5682542400119405
1299.6432087840922,5.430186532620693,0.5745058014425879,0.5689002106399306
1299.8077389260216,5.429556849193069,0.5763756278586604,0.569442556980862
1299.9736841524336,5.428921730350725,0.5751057255529272,0.5696659620340401
1300.1396293788457,5.428286592266363,0.5732513647327383,0.5694611863917481
1300.303590517546,5.427659029130791,0.5744837179298371,0.5689119235348853
1300.467551656246,5.427031446191822,0.5762139679911203,0.5682565333307826
1300.632819234121,5.426398841422331,0.5748525906067278,0.5677741012912849
1300.7980868119957,5.42576621477623,0.5730065763149224,0.5676546031380173
1300.9611756582678,5.425141906707003,0.5743387573164732,0.5679146725263875
1301.12426450454,5.424517577599128,0.5762248133957836,0.5684411315211301
1301.2888002050597,5.423887688926861,0.575023011596644,0.569032093636739
1301.4533359055795,5.423257780457321,0.5732422337921685,0.5694279601407574
1301.616571818984,5.422632829383458,0.5745358952223713,0.5694549302426906
1301.7798077323887,5.4220078595299155,0.5763083807706788,0.5691206409101499
1301.9441494664788,5.4213786361390115,0.574923649513872,0.5685705953876179
1302.108491200569,5.420749392234741,0.5729963377820599,0.5680158894922562
1302.270521995513,5.420128975933432,0.5742385199466837,0.5676620893728407
1302.432552790457,5.419508538342976,0.5760545436598064,0.5676387671822863
1302.5960447746243,5.41888248378611,0.5748176806856132,0.5679613726300473
1302.7595367587915,5.418256407953741,0.5730631729920973,0.5684818315224118
1302.9215268503965,5.417636063577198,0.5744459010533156,0.5689689520118358
1303.0835169420016,5.4170157000242725,0.5763387180274481,0.5692513143719545
1303.2469305978716,5.416389865515375,0.5750458331879255,0.569238572077757
1303.4103442537416,5.415764011854797,0.5731231954288171,0.5689236668509497
1303.5718799046067,5.415145331614049,0.574316309295131,0.5684202145828205
1303.7334155554718,5.414526631340757,0.5760538854117004,0.5679245410262113
1303.8962054171861,5.413903105903882,0.5746940087076481,0.5676303443445868
1304.0589952789005,5.413279558653465,0.5728358840275627,0.5676322448627709
1304.2196170259726,5.412664294977843,0.5741884187843236,0.56789522508599
1304.3802387730448,5.4120490105942265,0.5761309235944198,0.5683209133120294
1304.5423615605598,5.411427955778591,0.5749619578568175,0.5687681603065575
1304.7044843480749,5.410806881384276,0.5731628753073581,0.5690558704352551
1304.865600309988,5.41018964541706,0.5744454161422471,0.5690654223283732
1305.026716271901,5.409572390732046,0.5762355373896911,0.5688112218974931
1305.188838989211,5.4089512593964555,0.5748365349077995,0.568399946916511
1305.350961706521,5.408330107728611,0.5728524346135786,0.5679705268013113
1305.5109264489474,5.407717203553983,0.5740608731783775,0.5676613947565894
1305.6708911913738,5.4071042782282595,0.5758851430048677,0.5675769446437423
1305.8321452667521,5.40648639081852,0.5746500007636581,0.5677528427316314
1305.9933993421305,5.405868482012121,0.5728826844031211,0.5681058152158841
1306.1532894978645,5.405255779451284,0.5742858860892958,0.5684838556318685
1306.3131796535986,5.404643057432831,0.5762460945309023,0.5687680189907157
1306.4743523731947,5.404025401097567,0.5750085426039154,0.5688787070116051
1306.6355250927909,5.4034077257477495,0.573080151753163,0.5687671784039121
1306.795520611917,5.402794543082399,0.5742531935577484,0.5684630687500734
1306.9555161310432,5.402181340832261,0.575987494734815,0.5680822226664587
1307.1163691295399,5.401564831315967,0.5745823577365687,0.5677652388371841
1307.2772221280366,5.400948300316549,0.5726400542341347,0.5676059892282721
1307.4359710388578,5.400339812862389,0.573935926948765,0.5676317504699235
1307.594719949679,5.3997313042437876,0.57588078842392,0.5678293700373248
1307.7547074051972,5.3991180268991545,0.5747455283046559,0.5681419494768795
1307.9146948607154,5.398504729222364,0.572986670150542,0.5684487822768703
1308.0741749095807,5.3978933574392975,0.574337746948734,0.5686322636831512
1308.233654958446,5.397281966774294,0.5762308251067527,0.5686472283644566
1308.3938975050692,5.3966676337102735,0.5748902630870364,0.5685066015861685
1308.5541400516922,5.396053281141604,0.5728633008841636,0.5682498943401236
1308.7130578093838,5.395443987967442,0.573991358345102,0.5679515296162655
1308.8719755670754,5.394834674163644,0.575746600396382,0.5677125634705126
1309.0316115922085,5.394222584699208,0.5744109469620409,0.5676159104519812
1309.1912476173416,5.393610473357033,0.5725479494232119,0.5676749669683112
1309.349284061923,5.393004474352132,0.5739236627437756,0.5678441745818429
1309.5073205065046,5.392398454664513,0.5759489155291677,0.5680711713190356
1309.666371256945,5.391788525006666,0.5748404805999205,0.5682956800921704
1309.8254220073854,5.391178575754919,0.5730221319764368,0.5684370324447173
1309.9844715811232,5.390568612154157,0.5742792426467733,0.5684419640531148
1310.143521154861,5.389958629525524,0.5760959211357455,0.5683229184119961
1310.3028885002857,5.38934740840511,0.5746866265658789,0.5681324826913403
1310.4622558457104,5.388736166959884,0.5726167237772519,0.5679242539060866
1310.6202861677277,5.38813003298561,0.5737509981437974,0.5677516811405646
1310.778316489745,5.387523877672217,0.5755687278534005,0.5676671579926658
1310.9368743379503,5.386915676878476,0.5743252304094926,0.5676981636328082
1311.0954321861554,5.386307454294031,0.5725281730937304,0.5678185401633872
1311.2531476176318,5.385702442348114,0.5739428523171468,0.5679721273581884
1311.4108630491082,5.385097410124236,0.5759996150844781,0.5681167140860042
1311.5691940560569,5.384489996427208,0.5748717814265106,0.5682198569083671
1311.7275250630055,5.383882563378332,0.5729740648453566,0.5682469123382263
1311.8861959254214,5.383273807467987,0.57414211448912,0.5681862748320783
1312.0448667878372,5.382665032012051,0.5759044107378732,0.5680676987064502
1312.203460777022,5.382056531020217,0.5744653308554623,0.5679377241951802
1312.3620547662067,5.38144800896115,0.572389693872924,0.5678296706374002
1312.5194339692694,5.380844126783759,0.5735515746487316,0.5677648064903145
1312.676813172332,5.380240222849951,0.5754395914926856,0.5677583511668027
1312.8344777630907,5.379635201678178,0.5742801498724692,0.5678099754623569
1312.9921423538494,5.379030158914874,0.572523702610773,0.5678922308971627
1313.1497734631698,5.378425223990659,0.5739433684206148,0.5679703103047702
1313.3074045724902,5.377820268940814,0.5760031999789089,0.568025931176612
1313.4651610762066,5.377214812771919,0.5748428029570403,0.5680518514807504
1313.622917579923,5.376609337154807,0.5728713587912937,0.5680425047134707
1313.7813660116758,5.376001186466422,0.5739660082990088,0.5680029836412055
1313.9398144434285,5.375393015593658,0.5756955220186986,0.5679528458362396
1314.0977748734836,5.374786696675797,0.5742515829984648,0.5679113656584586
1314.2557353035386,5.374180356097536,0.5721869270685086,0.5678865707258489
1314.41271731472,5.373577749527642,0.5733790702789973,0.5678781857151788
1314.5696993259016,5.372975120908716,0.5753309848821706,0.5678820278554134
1314.726662553215,5.372372542234538,0.5742415154418099,0.5678906898383284
1314.8836257805283,5.371769942104861,0.5725078071578265,0.5678953195140872
1315.0413281210447,5.371164483823715,0.5739133213088805,0.567892704325624
1315.199030461561,5.37055900534624,0.5759640969628312,0.5678872449595078
1315.3563587123347,5.369954943129306,0.5747727824904884,0.5678854298588355
1315.5136869631083,5.369350861181444,0.5727375849590624,0.5678949120119968
1315.6721152689704,5.368742535479097,0.5737698642229753,0.5679226105060504
1315.8305435748325,5.368134188921098,0.5754797804630931,0.5679640549343816
1315.9880356928625,5.367529415473558,0.5740448193348893,0.5680041048233254
1316.1455278108924,5.366924619867137,0.5719985460485977,0.5680308158863961
1316.3023515947823,5.3663223686513,0.5732189299472689,0.5680353159278815
1316.4591753786722,5.365720095116352,0.5752281889891516,0.5680066566991601
1316.6156242509117,5.365119239186621,0.5741997304888409,0.5679418140736768
1316.7720731231511,5.36451836184679,0.57247927576229,0.5678592104192139
1316.9299990916254,5.363911790679196,0.5738590266442205,0.5677894212680862
1317.0879250600997,5.363305199090811,0.5758931397432896,0.5677547395781009
1317.2449956714047,5.362701872630874,0.5746725144263205,0.5677639035562351
1317.4020662827097,5.362098526043241,0.5725788097038249,0.5678266870424684
1317.5606808267398,5.361489228275819,0.5735534451057407,0.5679439209958271
1317.71929537077,5.3608799089465755,0.5752515409775834,0.5680796819247645
1317.8764943032456,5.36027600536405,0.5738367228771922,0.5681823544665072
1318.0336932357213,5.3596720791572885,0.5718177777030886,0.5682275233038575
1318.1905746453206,5.359069350295012,0.5730689128435019,0.5682091901223723
1318.3474560549198,5.35846659884118,0.5751347567447985,0.5681190534245744
1318.5035762248292,5.357866749825952,0.574164405970799,0.5679659183523639
1318.6596963947386,5.357266879391918,0.572449978287865,0.5677999792009466
1318.818030584214,5.356658481006945,0.5737900079134151,0.5676856881223943
1318.9763647736895,5.356050061871964,0.5757945136931378,0.5676571684626189
1319.1333805319102,5.355446688296658,0.5745382991379633,0.5677132163528674
1319.290396290131,5.3548432940882,0.5723849658772863,0.5678557813983371
1319.4493806901532,5.35423231335268,0.5733045008639879,0.5680732814317853
1319.6083650901755,5.353621310281675,0.5750000330165187,0.5682927678984656
1319.7654381522661,5.353017629833449,0.5736228616848412,0.5684269734840589
1319.9225112143567,5.352413926301034,0.57164958265205,0.5684488557369884
1320.0796512207182,5.35180994258462,0.5729425455692001,0.568368404307274
1320.2367912270797,5.351205936028628,0.5750701107227643,0.5681909445279981
1320.3927841073712,5.350606316360111,0.5741560466978416,0.5679446068212859
1320.5487769876627,5.3500066752560365,0.5724334920919562,0.5677140158584981
1320.7077589735277,5.349395522830272,0.5737079814525565,0.5675953736396895
1320.8667409593927,5.348784349224111,0.5756574591701201,0.5676239137345461
1321.023938315245,5.348180015055652,0.5743488772396229,0.5677708300773616
1321.1811356710973,5.347575659597777,0.5721332360495607,0.5680172707910669
1321.3406081035455,5.346962535383029,0.573007573044922,0.5683314801641252
1321.5000805359937,5.346349387973762,0.5747213736603022,0.5686005497126695
1321.657162605059,5.3457454075390824,0.5734153130432196,0.568709416965494
1321.8142446741244,5.3451414035940985,0.5715194524346967,0.5686452537780537
1321.9718634262213,5.3445353128257995,0.5728711048167691,0.5684536010927371
1322.129482178318,5.343929199048551,0.575064054138329,0.5681693548509945
1322.285601281776,5.343328829694803,0.574193008196944,0.5678469590969705
1322.441720385234,5.342728438893056,0.5724279916083116,0.5676028111567131
1322.6016853150034,5.342113236678661,0.5735913136825443,0.5675553420084609
1322.7616502447727,5.341498012678363,0.5754456881777843,0.5677176457054808
1322.919287441169,5.340891719176726,0.5740629028970515,0.5680048848617281
1323.0769246375653,5.340285403507496,0.5717972649498331,0.5683612291789784
1323.236844549012,5.339670284863672,0.5726624676948577,0.5687287964645112
1323.3967644604586,5.339055142139346,0.5744402357512671,0.5689640285479092
1323.553920382174,5.3384506070873945,0.5732624863811263,0.568949407324114
1323.7110763038895,5.337846048245003,0.5714832203724416,0.5687159782812644
1323.869484183792,5.337236649915953,0.5728983274543978,0.5683724107529149
1324.0278920636947,5.336627228531363,0.5751372703618776,0.5680010061687746
1324.184498215483,5.3360247163316155,0.5742613980910809,0.5676785119235829
1324.3411043672713,5.335422182593857,0.572384556113103,0.5675331776347892
1324.5026230463766,5.334800726171405,0.5733750574967017,0.5676783698989366
1324.6641417254818,5.334179246972718,0.5750944357804864,0.5680598045027214
1324.8224614199373,5.33357005354822,0.5736328030750004,0.5684995378674779
1324.9807811143928,5.3329608368118695,0.5713806422783383,0.5688989928238464
1325.140748703524,5.332345254967863,0.5723260915282857,0.5691879970221696
1325.3007162926551,5.331729648377793,0.5742434597346677,0.5692350148574825
1325.4579296479621,5.331124616457363,0.573264667988945,0.5689726906344871
1325.6151430032692,5.330519560798774,0.5716155452467386,0.5685156771245066
1325.7749154294286,5.329904632893671,0.5730424709917099,0.5680586194449112
1325.934687855588,5.329289681924898,0.575244152487118,0.5677309426868831
1326.092005261639,5.328684157713999,0.5742585714735302,0.5675897943691538
1326.2493226676902,5.3280786116232886,0.5721749906328606,0.5677177116295358
1326.413372085087,5.327447129522437,0.5729528624227607,0.5681713807409083
1326.577421502484,5.326815622940413,0.5745584191198064,0.5687683876641937
1326.736670603894,5.326202570574251,0.5730855405396731,0.5692257144112876
1326.895919705304,5.325589493601526,0.5709986122040374,0.5694472687267752
1327.0552097333932,5.324976234483505,0.5721669446118004,0.5694224499759852
1327.2144997614823,5.324362950603622,0.5742897395931474,0.56911752419249
1327.3718136596212,5.323757250780314,0.573523926432509,0.5685734139905095
1327.5291275577601,5.32315152769068,0.5719163244779707,0.5680061946677979
1327.6929128659067,5.322520863365046,0.5732151998318157,0.5676735487961193
1327.8566981740532,5.3218901751209655,0.5751900500018287,0.5676918963645262
1328.0146717297534,5.321281843172945,0.5738963852442488,0.5679759450096702
1328.1726452854537,5.320673488463434,0.5716176726025698,0.5684766617273284
1328.334847857348,5.320048823904529,0.5722857171795918,0.5691246432131833
1328.4970504292423,5.31942413411963,0.5739577661777805,0.5696403393674859
1328.657990763126,5.318804279696583,0.5727707006882087,0.5697592545573227
1328.8189310970097,5.3181843995343305,0.5709595373081067,0.5694858803991547
1328.9791931929042,5.317567106750387,0.5723495803847434,0.5689978182056545
1329.1394552887987,5.316949789428833,0.5746529764634986,0.5684226105661684
1329.2981697317207,5.316338409637771,0.5739363540678883,0.5678907664590265
1329.4568841746427,5.315727006793789,0.5720978315366582,0.5676353355524574
1329.621707701695,5.315092046658944,0.5729658727956289,0.5678622153863438
1329.7865312287472,5.314457061861414,0.574616239310911,0.5684716056263425
1329.9476842583583,5.313836192843795,0.5731613379090149,0.5691334489649981
1330.1088372879694,5.31321529873134,0.5708672531747047,0.5696694179940882
1330.2716871049518,5.312587841492891,0.571746146670727,0.569977481079032
1330.434536921934,5.311960357888277,0.5737602817148044,0.5698845188390886
1330.5946164472243,5.31134352264386,0.5730057224680878,0.569340922145107
1330.7546959725146,5.310726662377785,0.5714617822494146,0.5685962176326299
1330.9181849043273,5.310096639391474,0.5728194911831316,0.5680143862082487
1331.08167383614,5.309466591822807,0.5749443573838722,0.5677942731147397
1331.2426040828127,5.308846380649774,0.5738687282205871,0.5679270994365666
1331.4035343294854,5.3082261455437,0.5715788795466993,0.5684190338372473
1331.5698770054762,5.307585025328085,0.5720996713274361,0.5692260101743318
1331.736219681467,5.306943878417344,0.5736905722705355,0.569967085805249
1331.8988533853706,5.3063170003669615,0.5724805686553649,0.5702350856660025
1332.0614870892741,5.30569009564418,0.5706334792976884,0.5699994226551711
1332.2255461497016,5.305057670164756,0.5719812279288443,0.5694504612576053
1332.389605210129,5.304425218446093,0.5743343772546201,0.5687492140077534
1332.5501880548882,5.303806142466411,0.5737053538087186,0.5680819840350707
1332.7107708996473,5.303187042373289,0.5719129360737035,0.5677563075566695
1332.8771583185528,5.302545538969686,0.5726887080209528,0.5680432863477828
1333.0435457374583,5.301904009903846,0.574275719785686,0.5688036958690663
1333.2076682778088,5.301271187156602,0.5728572796596387,0.5695994007248635
1333.3717908181593,5.300638337836201,0.5705423575219497,0.5701773292237663
1333.5386345829766,5.29999496822436,0.5713958565881541,0.5704235491506224
1333.7054783477938,5.299351570584002,0.5735035389647019,0.5701602814716428
1333.8676347207586,5.29872622184529,0.5729013618153821,0.569400022349945
1334.0297910937234,5.298100847291435,0.571427686084436,0.5685107077950767
1334.1958827165963,5.297460270400216,0.5726695148406623,0.5679742835696543
1334.3619743394693,5.296819667856477,0.5746602783140526,0.5679946956915427
1334.5265363380222,5.296184939224045,0.5734905481922,0.568440696786998
1334.6910983365751,5.295550184785202,0.5710634774827071,0.5691931170859101
1334.86062628954,5.2948962482654585,0.5714896700651366,0.5700995860208766
1335.030154242505,5.294242283129455,0.5731828243908085,0.5706775026503519
1335.1952733958024,5.293605296813846,0.5722566239794059,0.5705415469723993
1335.3603925490997,5.2929682827607145,0.5706549914625791,0.5698357114453483
1335.52751188954,5.292323524923473,0.572068902929224,0.5689881171980959
1335.6946312299801,5.291678740149101,0.5744174681518517,0.5683175505209729
1335.8593451762106,5.29104320968603,0.5736833565653906,0.5679923042976031
1336.024059122441,5.2904076535961915,0.5715615540120346,0.568219197250093
1336.2134468511736,5.289676861197546,0.5721454373113822,0.5692133654815025
1336.3840512214074,5.289018518507896,0.5734082947118013,0.5702535416304315
1336.5456989446063,5.288394711203307,0.5719515911463874,0.570777647258166
1336.7073466678053,5.28777087717799,0.5701441460407056,0.5707059063016343
1336.8726329828844,5.287132973836762,0.5714114725217267,0.570183156056677
1337.0379192979635,5.286495043168686,0.5737682908503009,0.5693621159871789
1337.2034209462117,5.28585625422248,0.5733709249721698,0.5684658904927439
1337.36892259446,5.2852174389150965,0.5716636891578827,0.5679726983890949
1337.5574737144543,5.284489624400205,0.5724843196485031,0.5683733246625652
1337.7290761073211,5.283827203191863,0.5738002002072179,0.5693672973617303
1337.8941923200973,5.28318979236869,0.5722125932267862,0.5702914021807499
1338.0593085328735,5.282552354006012,0.570048901219428,0.570849571009361
1338.2275810975975,5.281902702075475,0.5709625295122451,0.5709349139472405
1338.3958536623215,5.281253021251194,0.5731429340374038,0.5704140576180298
1338.5630098241643,5.280607622054695,0.5727963927593568,0.5693815903510241
1338.730165986007,5.279962195209636,0.5713744477512445,0.5683945366271836
1338.9020005758584,5.27929867628334,0.5723467942540128,0.5680942847905639
1339.0738351657099,5.278635129344245,0.5740660361584861,0.5686075181236612
1339.245557564641,5.277971986788721,0.5727643726229859,0.5695145438199913
1339.4172799635724,5.277308814925369,0.5702632814088924,0.5704441081444735
1339.6040115092858,5.276587645982673,0.5708781568818696,0.571150866719878
1339.7787184503222,5.275912884436365,0.5727756285956502,0.5710796842567957
1339.945100050432,5.275270247897756,0.5721889724364368,0.5702102439836665
1340.111481650542,5.27462758336596,0.5709248926366163,0.569059490703809
1340.281818819893,5.273969612313911,0.5721774520475231,0.5683377416804006
1340.4521559892441,5.27331161343591,0.5741282758893704,0.5683667306435668
1340.6253659250349,5.272642488231027,0.5730251488386536,0.5689765651897822
1340.7985758608256,5.2719733334874865,0.5704865002304198,0.5699419672042934
1340.9808821684996,5.271269005007753,0.5707549366446013,0.5710099440139569
1341.158112402017,5.270584255058163,0.5724822001157672,0.571449429010652
1341.3302342516427,5.269919210417144,0.5718521764570245,0.5708873705739052
1341.5023561012683,5.269254135295821,0.570518044375562,0.5697245530816997
1341.6758894271632,5.268583576682573,0.5718672767732458,0.5687504490602863
1341.849422753058,5.267912988795289,0.5740326334368623,0.5684152096902758
1342.0246013527908,5.267236013045546,0.5731172141038812,0.5687149237363167
1342.1997799525236,5.2665590071398265,0.5706254921854358,0.5695841040562335
1342.38042659685,5.2658608374494795,0.570719160253691,0.5708079820589089
1342.5596306197322,5.26516821044547,0.5723013824076085,0.571591228781786
1342.7518618731854,5.264425195384593,0.5714572331203454,0.5712251585515307
1342.9281782420915,5.2637436610855035,0.5702018799619802,0.5700932526582575
1343.0982451674097,5.263086254082069,0.5717193197917492,0.5690698205315465
1343.268312092728,5.262428818645139,0.5738856810630639,0.5685607571568162
1343.4448772823666,5.261746232279756,0.5730746687156448,0.5686613947048244
1343.6214424720054,5.261063615188741,0.5706487701018498,0.5694426167066261
1343.8026967692974,5.260362837663021,0.5706490399895503,0.5707343768041974
1343.9838521895192,5.259662409038316,0.5721344798331779,0.571695104528111
1344.173411752472,5.258929449145538,0.5713481921997311,0.5714998425150076
1344.3533543773358,5.2582336398585365,0.5700133580789821,0.5703897380738411
1344.528939654837,5.257554648393107,0.5714679970252732,0.5692816942977873
1344.704524932338,5.25687562640581,0.5737211442879282,0.5686851699194121
1344.8849124481085,5.256178001247785,0.5729784691099844,0.5687359784632108
1345.065299963879,5.255480343833993,0.5705463885266382,0.5695276832532541
1345.2454378165498,5.254783619903929,0.5704609104457717,0.570842585960516
1345.4290604751307,5.254073383622587,0.5719195691051842,0.571848918551351
1345.6136222099674,5.253359479125363,0.5713215690542157,0.5716631055839383
1345.7975937214915,5.252647822128103,0.5699529143894354,0.5704844139180972
1345.9866161038358,5.251916591321461,0.5713841675774974,0.5692703732246621
1346.168571530495,5.251212665438313,0.5736115058380526,0.5687462894889274
1346.3523285033862,5.250501736299684,0.5727590853513149,0.5689507748306719
1346.5360854762773,5.24979077342733,0.5702755644447535,0.5698743934592861
1346.7201266421155,5.2490786772409965,0.5702059156613021,0.5712140442302198
1346.9052741705063,5.248362265136541,0.5716984195245741,0.5720602337472438
1347.098977510164,5.247612708069753,0.5711816596733369,0.571570852325937
1347.285416060318,5.246891225813701,0.5700040500142213,0.5701868537777717
1347.4864411661943,5.246113257239988,0.5716262100809755,0.5690173352428005
1347.6681116873222,5.245410156522527,0.5735227702440382,0.5688483979607509
1347.850581730933,5.244703927989711,0.5723441058589483,0.5694125412792468
1348.033051774544,5.243997665824364,0.5698365681935802,0.5704902682042581
1348.226467508903,5.243249000917619,0.5698990579896246,0.5717411419653788
1348.4128076996606,5.242527686939645,0.5715515210512183,0.5721617558932606
1348.6002886462895,5.241801919794723,0.5712889036046533,0.5712603284862209
1348.7877695929185,5.2410761159730965,0.5702063976033671,0.5697248650062535
1348.983336281102,5.240318972049984,0.5714662793929849,0.5688346625235201
1349.1690727227701,5.239599851185896,0.57320613073491,0.5691409341489881
1349.362560395701,5.238850682352265,0.5719208963064206,0.5701550520312136
1349.5560480686318,5.2381014750927335,0.5692692503509161,0.5713011504169878
1349.7438137150632,5.237374387517121,0.5694706407740977,0.5720898213625326
1349.932936503714,5.2366420074238835,0.5714934461096733,0.5719441602592408
1350.1371139293435,5.23585128541564,0.5715678600370386,0.5705323868891246
1350.3302028512228,5.235103466414378,0.5704675390003753,0.5690827549824246
1350.529011182059,5.2343334579700285,0.5713828938576981,0.5688945408356259
1350.7162554557685,5.233608202492439,0.572641950960193,0.5699542013266493
1350.9140320787155,5.232842112576293,0.5711362052749166,0.5712904247979642
1351.1118087016625,5.232075981738485,0.5687119669275306,0.5720325512133079
1351.308019687938,5.2313158756615135,0.5694520777252275,0.5719878296633485
1351.498412338344,5.230578270939276,0.5718405946447468,0.57112073099137
1351.695302470912,5.229815454055183,0.5720543825212999,0.5696812106601108
1351.8921926034802,5.2290525974583275,0.5706015904423982,0.5688408924937182
1352.0767684072746,5.228337418189116,0.5706638601374371,0.5694723959376623
1352.2715905550583,5.2275825000393015,0.5716508441840898,0.5711131466019209
1352.4551870728822,5.22687104369178,0.5708214368993806,0.5722506622671139
1352.6201786428132,5.226231652843232,0.5690430530958313,0.5723234141406307
1352.7851702127443,5.2255922334713185,0.5686969622251028,0.571681924276514
1352.9689777132762,5.2248798605578965,0.5708122771424982,0.57064673268503
1353.152785213808,5.22416745270695,0.5726964568897092,0.5696748810714951
1353.349635658772,5.223404453717804,0.5717682926279543,0.5691815665879114
1353.546486103736,5.222641415368866,0.569803405568861,0.5698330721707101
1353.7343170526112,5.221913302339858,0.5697740041043241,0.5713715456902216
1353.9221480014864,5.2211851526882125,0.5706544733611449,0.5726381944719487
1354.1278116234885,5.2203878289875805,0.570104067317751,0.5724440751178815
1354.3334752454905,5.219590460263716,0.5691702662121874,0.5709174054160504
1354.5438360623943,5.218774835501872,0.5706196863029619,0.5696020784949001
1354.7425771170094,5.218004222416596,0.572517125760209,0.5694561920102882
1354.9635304314274,5.217147433895651,0.5713994005868731,0.5702739178947532
1355.1584126789207,5.216391698826513,0.5688931918891303,0.571399820432145
1355.3469275008295,5.215660618814557,0.5684616771419478,0.5724125743810086
1355.5552868091638,5.214852536559508,0.5702289452098486,0.572603657260971
1355.7475091452811,5.214106997247493,0.5709892317659483,0.5714582988209859
1355.927370230097,5.213409365891928,0.5703263349150915,0.5699064906866902
1356.107231314913,5.21271170154887,0.570062339707474,0.5691363450359094
1356.2979267811052,5.211971976273337,0.5709916064484156,0.5698277758742646
1356.4886222472974,5.211232213619298,0.5713126337080112,0.5713473039773765
1356.692268214894,5.210442169558172,0.5695238821944932,0.5724763395053418
1356.8959141824907,5.20965208146953,0.567834450001518,0.5725034390888697
1357.0941659336786,5.208882879941439,0.5689210945540482,0.5717901113538105
1357.2924176848665,5.208113637484349,0.5713185451063448,0.5707415633392577
1357.530038739327,5.207191582494019,0.5716075835564945,0.5696456684677479
1357.7222130603682,5.206445834257368,0.5699151550598548,0.5697113959701411
1357.9084234841725,5.205723193661193,0.5690016885470435,0.5709249755341221
1358.1042488990433,5.204963201051563,0.5694487370057587,0.5725913455835785
1358.3000743139141,5.204203167580848,0.569703220416237,0.5732118858709998
1358.49833442651,5.203433642356658,0.5690039203872361,0.5722112850427467
1358.6965945391057,5.20266407575979,0.5688885748714788,0.5705737699388035
1358.897307547571,5.20188494718416,0.5703801544669577,0.5697258050880186
1359.0980205560363,5.20110577730752,0.5716677736415443,0.5701128643792477
1359.3422001242523,5.200157812635165,0.5701256249087568,0.571349791042551
1359.559692595632,5.199313400887272,0.5677020507424462,0.5723473157365484
1359.7744590259445,5.1984795248055296,0.5677395847768216,0.5728365864606748
1359.9859735228547,5.1976582278176,0.5697126724877387,0.5723716532927025
1360.2464478926324,5.196646757149185,0.5706415442773531,0.5705638435305567
1360.4505635041953,5.195854088192401,0.5697812035049271,0.5695734410232869
1360.6509807242173,5.1950757404319345,0.5692969728845059,0.5701713721220171
1360.8538592218426,5.194287792162625,0.569487053275062,0.5719484384092368
1361.056737719468,5.1934998003110175,0.5691411479884063,0.5732927320983711
1361.2635373959224,5.192696532656647,0.567997076911914,0.5730958876966129
1361.4703370723769,5.191893219786787,0.5676945908013712,0.5717950279596872
1361.6901254558152,5.191039404126201,0.5693526821523702,0.570618140471747
1361.9099138392535,5.190185538513652,0.5710727514665812,0.5703776584148713
1362.2084273731978,5.189025748159823,0.5696001861747532,0.5711315764749373
1362.4585196293758,5.188054013049637,0.5672022129362726,0.5722991448446235
1362.679184402299,5.187196565107897,0.5672557486517837,0.5732164277027642
1362.899849175222,5.1863390661246855,0.5687378400473266,0.5730646330777491
1363.1590153616592,5.185331884769403,0.5695029194643698,0.5712642246851753
1363.414780771774,5.184337850335852,0.5690609314056184,0.569877527016274
1363.6654695063232,5.18336348164593,0.5689883805971109,0.5708709453494897
1363.9049362235771,5.182432669483263,0.5687586618948575,0.5728893388129759
1364.1590024053253,5.181445041829516,0.5674482111789032,0.5736257049621749
1364.4130685870734,5.18045734583214,0.5667008961283442,0.57253181875136
1364.6514240141535,5.179530666026412,0.568060338549731,0.5713791337794445
1364.8897794412335,5.1786039276238744,0.5699020569223255,0.5710080326066607
1365.176022060249,5.177490921546014,0.5694059153089622,0.5712817797570386
1365.390411495552,5.176657247580707,0.5674720826085149,0.571891735470711
1365.5953987473024,5.175860090698115,0.5662496507454896,0.5728336700489222
1365.8347257292914,5.174929338794719,0.5666322394819765,0.5737325125387541
1366.0740527112805,5.173998526995763,0.5678033154125955,0.5733001129466895
1366.357120886461,5.172897514456835,0.5682945069660224,0.5712865737883882
1366.6344051846163,5.17181891797894,0.5681303235029471,0.5704607156533668
1366.882037325474,5.170855597842576,0.5679801349739768,0.5718745590223329
1367.1296694663315,5.1698922137673655,0.5672999841197262,0.5736693177798176
1367.3762816377564,5.168932733210012,0.5660925742723893,0.5739836948305488
1367.6228938091813,5.167973189675248,0.5656153219522886,0.5730100370747371
1367.8903324643102,5.166932543213099,0.5668091704531035,0.5721110774560547
1368.15613991636,5.165898171634479,0.5682996684341646,0.5719585506179808
1368.4364627352231,5.164807233448815,0.5680098041466072,0.5719854545863218
1368.6658388117692,5.163914504157057,0.5665555965373247,0.5722322474941066
1368.8952148883152,5.163021721475294,0.5653531138230146,0.5730918841110743
1369.1469543345509,5.162041835317209,0.5651852274767124,0.5743004639865311
1369.3986937807865,5.161061884946346,0.5657428021405336,0.574456585488533
1369.6893187365595,5.159930482794139,0.5662390652855928,0.5728337949112982
1369.9799436923324,5.1587989944508745,0.5664554964321136,0.57146891130553
1370.3393026222957,5.157399787223771,0.5664361146618138,0.5727526129422599
1370.6635535000041,5.156137163886526,0.565487653583815,0.5744163582020195
1370.912040404675,5.155169490430163,0.5644655071129646,0.5744881005874154
1371.160527309346,5.15420175648977,0.5640416724622216,0.5740849754056386
1371.4573282674623,5.153045785969898,0.564646728579659,0.5739988719520436
1371.7541292255787,5.1518897290179355,0.5654516725394609,0.5738736698511557
1372.0618646182288,5.150690987048965,0.5654116432965923,0.5730930141400191
1372.4117894104347,5.149327786957289,0.5646452315655692,0.5731335025010674
1372.7545285877766,5.147992466145413,0.5640815060733183,0.5751071207932726
1373.0630961016732,5.146790182989077,0.5637985683722982,0.576262357107771
1373.3421320095154,5.145702886455539,0.5636610875563147,0.5756121186778502
1373.6211679173575,5.144615517467522,0.5637249985253665,0.5744888206118999
1373.9763495166706,5.143231314867119,0.5639702274607381,0.5743816315234062
1374.3513190448284,5.141769865816249,0.5639800806085399,0.5750830754480409
1374.6487342905525,5.140610589597791,0.563837254378924,0.5752685304204675
1374.9461495362766,5.139451232597574,0.5637763999770329,0.5757732832228635
1375.2311298304217,5.138340276315822,0.563786670730502,0.5768479239805183
1375.5161101245667,5.1372292491463885,0.5637637835880434,0.5775399558263876
1375.8012747914743,5.13611743013467,0.5637166834503193,0.5770026526443557
1376.0587393307283,5.13511354756288,0.5636955312497118,0.5759520189014201
1376.4518561621062,5.133580630666926,0.563675046637848,0.5756179739958364
1376.717308148796,5.132545453601814,0.5637554747970945,0.5765607965530786
1376.982760135486,5.13151021415663,0.5641115746226121,0.5775583443564557
1377.1840829157416,5.130725031290658,0.5645650587306869,0.577964316585347
1377.3854056959972,5.129939813415974,0.5650088634217856,0.5780954306316675
1377.6157238312026,5.129041463686519,0.5652237062512872,0.578141072472014
1377.9058537694305,5.127909757409385,0.5648509755289884,0.5782209401643155
1378.1888506462335,5.12680580611147,0.5642349929973851,0.5780969541237632
1378.4980463160086,5.1255995746982075,0.564164411911673,0.5776055694099694
1378.7897409248526,5.1244615425608755,0.5647854156535179,0.5773758612829324
1379.0814355336965,5.123323440055274,0.5653954912840546,0.5779448629072993
1379.357005605884,5.122248185881562,0.565646566812622,0.578929570163324
1379.6325756780716,5.121172865987001,0.5659285595731374,0.5795925390695001
1379.9230204742978,5.120039429318682,0.5664571889814636,0.5795651082150362
1380.213465270524,5.118905919232087,0.5665969806517714,0.5791744398277766
1380.536476753573,5.117645228694607,0.5657327339585619,0.5789381320299478
1380.8575959694458,5.116391835233757,0.5650356112401402,0.5789864762260595
1381.2186643227992,5.114982404003198,0.566205483853167,0.5791715811423385
1381.5370209444607,5.113739604341162,0.5676649008076516,0.5794776831893762
1381.8546073637692,5.112499724047606,0.5677822092304464,0.579815648481694
1382.1550025312579,5.111326875155471,0.5674426793781011,0.5799363756964334
1382.4763083451905,5.110072289543099,0.567813624085687,0.5798694588753243
1382.7976141591232,5.108817609608256,0.5678648454185272,0.5798223606293494
1383.1392657316462,5.107483380680724,0.5667842817711021,0.5798133684443426
1383.467647562032,5.106200873055095,0.5669649207187905,0.5797411174582635
1383.7207419883707,5.105212334253935,0.5685118640028125,0.5796348992466608
1383.9738364147095,5.10422373570094,0.5697906038535284,0.5794603080250559
1384.2525998616613,5.103134803064174,0.5696731162538132,0.5792083396889777
1384.5313633086132,5.102045794238758,0.5689997628976352,0.5791074056205832
1384.8526886671527,5.1007904172470635,0.569245168966017,0.5794162443227128
1385.1740140256923,5.099534939698712,0.5692743767721947,0.5797864776222172
1385.4961102507714,5.098276352404628,0.5681980812218579,0.5796142807289424
1385.813448513026,5.097036257744108,0.5686606697105729,0.579076163497955
1386.060903144352,5.096069184164115,0.5704382270843948,0.5786407970608316
1386.3083577756781,5.09510204935883,0.5715971106830271,0.5781605968049308
1386.5790973834607,5.094043838478849,0.571072329444468,0.5777029266804257
1386.8498369912434,5.092985551218102,0.5701541897657327,0.5778095316446787
1387.1512543157019,5.09180725774511,0.5702657438155424,0.5786906508953681
1387.4526716401604,5.09062887220288,0.5701860348805408,0.5792163451888709
1387.748397038284,5.089472651428779,0.5694518372114862,0.5785568421782871
1388.0441224364079,5.0883163402924705,0.5703212825612821,0.5774988065681306
1388.288772758826,5.087359666875079,0.5721775647426837,0.576937795048137
1388.5334230812443,5.086402930595924,0.5729746812080775,0.5765969322825946
1388.8096345156491,5.085322695017992,0.5717398381424639,0.5765117472833305
1389.085845950054,5.084242377404293,0.570457165098953,0.5772257871429876
1389.3780075887962,5.083099586208548,0.5707058488200449,0.5783693502382469
1389.6701692275385,5.08195670659342,0.5710573367108126,0.5781344651203529
1389.9333443062085,5.080927141022729,0.571100715181889,0.5765787936052174
1390.195385402811,5.079901937103846,0.5721536124090183,0.5753785034104021
1390.4378571894229,5.0789532283045435,0.5735197931089039,0.57539406340726
1390.6803289760346,5.078004456086758,0.5733973801219103,0.5759254205797878
1390.973012727882,5.076859124925328,0.5712372131779849,0.5764905811500761
1391.2656211031585,5.075713995419919,0.5704092107917436,0.5771807776505447
1391.5161401258947,5.0747335095039565,0.571684440579683,0.5773352526504665
1391.7666591486309,5.073752956896271,0.5728545793875496,0.5761276832455338
1392.0079861238119,5.072808319035,0.5730732729234825,0.5743645182097135
1392.2493130989928,5.071863616254182,0.5732510542863244,0.5738838916790535
1392.4890386214654,5.070925117723944,0.5734900193931086,0.5751379581446169
1392.728764143938,5.0699865565292335,0.5727492352790002,0.5764917120440006
1393.0572804831677,5.068700265722333,0.5708973458217055,0.5763780574811855
1393.3577844161593,5.067523551702165,0.5719220732388375,0.5755449649420801
1393.5988958137518,5.066579334520032,0.574037857134121,0.574889481675917
1393.8230313217125,5.065701539890708,0.5747577779930839,0.5739511134810202
1394.0922168648679,5.06464724023668,0.5736518793050485,0.5733776611718987
1394.3614024080232,5.06359285869826,0.5725870840449151,0.5748462511638415
1394.6611621473558,5.062418624818552,0.572359342436158,0.5767280774487938
1394.9528318967339,5.061275987708017,0.5722741882306522,0.5754961739599048
1395.2485066543234,5.060117564065891,0.5734112592207931,0.5732835341934088
1395.4731118567424,5.059237517208175,0.5749501732420642,0.5731106497107987
1395.6977170591615,5.058357414108505,0.5753263282294515,0.5737041195240012
1395.9592312628447,5.05733261537657,0.5735524086190767,0.5741072221602128
1396.220745466528,5.056307739875853,0.5718975747731775,0.5747429361898376
1396.5498149664231,5.0550180041953165,0.5729372134827757,0.5756560913057654
1396.8598252840052,5.0538028581208465,0.5744525853439676,0.5736672200873213
1397.1363137892668,5.052719016837509,0.5748654219966058,0.5716589136845456
1397.4028162960817,5.051674237949077,0.5749741297687694,0.5728147522416244
1397.6640567985976,5.050650010305534,0.5741127036823072,0.5748218819609368
1397.9465461454513,5.049542388801164,0.5724528360928783,0.5746877218213972
1398.229035492305,5.048434676383649,0.5728786024381493,0.5737548276213694
1398.4506291648308,5.047565687061587,0.5747722964839744,0.57348622325945
1398.6722228373567,5.0466966427949895,0.5760490167787796,0.5727331830595216
1398.9099506034622,5.045764263446919,0.5756207279338312,0.5715964594023469
1399.1476783695678,5.044831819775132,0.5744296490163653,0.572125058305868
1399.4136215745082,5.043788629018186,0.5736783601690061,0.5745674030325236
1399.6795647794486,5.042745358587479,0.5734126439969072,0.5749905599286829
1399.9362785278822,5.041738218983149,0.5738149314391388,0.5727742961991426
1400.1885409073218,5.040748468814429,0.5753569576209432,0.5715142996203729
1400.4277760159625,5.039809763610335,0.5766249681133729,0.5720168214761121
1400.657315352747,5.038909042570248,0.576117521009412,0.5722767129299204
1400.9219741997233,5.0378704378759664,0.5741887274024255,0.5722853083438892
1401.2084309961217,5.036746199507395,0.5734878978036375,0.5737954780203223
1401.4832584253895,5.035667513304003,0.5744775494250685,0.5742015435353437
1401.7580858546573,5.034588742035427,0.5755124649050726,0.5715627386995931
1402.0144787016748,5.033582253358094,0.5763329888581841,0.5701636627316009
1402.2467440609032,5.032670413403582,0.5766614346226956,0.5715203006690242
1402.4623633900885,5.031823869049868,0.5759187193455018,0.5727941695068635
1402.7481636786051,5.030701706312027,0.5741001224899789,0.5725457945796698
1403.0199235311425,5.02963458344838,0.5740022227787919,0.5726849215593558
1403.232942566321,5.028798058438183,0.5752560372789846,0.5730729115708858
1403.4459616014997,5.027961482024113,0.5764349009979454,0.5720173309253502
1403.6623161733696,5.027111754017066,0.5768662870889529,0.5700142701699326
1403.8786707452396,5.02626197232553,0.5767920653168735,0.5696376887160122
1404.0815855909473,5.0254649290233155,0.5764727419121997,0.5713380308127759
1404.284500436655,5.024667838971607,0.575759816591033,0.5729409297213901
1404.5408919550143,5.0236606153973264,0.5746384237339099,0.5725613627187089
1404.7972834733737,5.022653315313703,0.5746934341985438,0.571549425903533
1404.9991484434736,5.02186018214545,0.5758537230521833,0.5716904820757417
1405.2010134135735,5.021067002196814,0.5770991766167975,0.5715298410739295
1405.4195553684422,5.020208242757124,0.5775956272990493,0.5700978555176817
1405.6380973233108,5.019349429437998,0.5772616501405616,0.5690662956699463
1405.8410977471372,5.018551640855625,0.5767433981635147,0.5701519847285441
1406.0537726220316,5.017715780852288,0.5761702696241197,0.5722294853089871
1406.2486402784841,5.016949862142076,0.5755912922093618,0.5727737414092072
1406.4278019719577,5.0162456367430055,0.5752572180841051,0.5718248297384093
1406.6069636654313,5.015541373729172,0.575486259494403,0.5707443641027855
1406.811587457883,5.014736975777346,0.576493084311804,0.5705529908330257
1407.0162112503347,5.013932529429091,0.5776443614033079,0.570719457375723
1407.2232290939335,5.013118623697547,0.5781515636186271,0.5698736714455741
1407.4823067838477,5.012099973431402,0.5777550276962236,0.5685782579115651
1407.7160145874145,5.011181007103387,0.5771372374882627,0.5697105042881591
1407.972731774764,5.010171492596218,0.5765523014934986,0.571948567604114
1408.2229312997558,5.009187535989538,0.5760970665446811,0.5716408176380618
1408.4851894709786,5.008156078545766,0.5763211441511128,0.5699508322870146
1408.7440242893665,5.007138005544134,0.577458652100602,0.5698649700976747
1409.0028591077544,5.0061198561412645,0.5784637459063772,0.5697217436053774
1409.2495989653744,5.005149214388983,0.5785280219689034,0.5682368927233454
1409.4963388229944,5.004178503961602,0.5780809805570778,0.568060823049381
1409.7414026621598,5.003214317909765,0.5776157515058188,0.5701108977688332
1409.9864665013251,5.002250063629034,0.5771493750534793,0.5712279972930587
1410.2382523389626,5.001259289040609,0.5768823110634941,0.5700087835999182
1410.4900381766001,5.00026844013328,0.5773071317253059,0.5691123961750202
1410.7179720486427,4.99937139153548,0.5781473985899428,0.5694063581631627
1410.9459059206852,4.9984742846434695,0.5788011116320161,0.5688748353191267
1411.1883051511688,4.997520182094131,0.5789586070438021,0.5671873472090585
1411.4307043816525,4.996566013702504,0.5787992116084223,0.5669940247658077
1411.6813078509986,4.99557948050952,0.5785243016651426,0.5689054513784151
1411.9319113203446,4.994592877179137,0.5781156023168771,0.5698627766573233
1412.20009703299,4.993536975725438,0.5777852726304252,0.5688493012338403
1412.4635211693799,4.992499739847699,0.5779923032740084,0.5685336025436656
1412.720556624017,4.991487581931506,0.5785672199777818,0.5689051569202029
1412.971704908727,4.990498535780794,0.5790177775973413,0.5676784200035048
1413.246042096965,4.989418090440444,0.5792239963314632,0.5657305357924918
1413.5132054220694,4.988365817894365,0.5792674795864604,0.5662653894509165
1413.7969118309377,4.987248301296446,0.5791175566927035,0.56788500377915
1414.0932276465344,4.986081022777312,0.5788010822827625,0.5675998736514943
1414.389543462131,4.984913644774818,0.5786845204587455,0.5673580473206006
1414.6719727259567,4.983800880459328,0.5788484780252341,0.5681489981335555
1414.9544019897824,4.9826880273876,0.5790505567148777,0.5672036209349663
1415.2222066998745,4.981632718801488,0.5791778775365612,0.5650419003600141
1415.470069135405,4.980655923837834,0.5792573198166884,0.564524446203509
1415.7781251523973,4.979441820198035,0.5792848374131526,0.5656430453928463
1416.0913971659995,4.978207056332157,0.5792583910014921,0.565582154586776
1416.4149383551262,4.976931703870847,0.5792635835893475,0.5654172320597667
1416.7392944753303,4.9756530201201095,0.5792515455355128,0.5666289696256149
1417.0636505955345,4.9743742204661805,0.5791726350806851,0.5660191913198869
1417.3430459594845,4.973272590486993,0.5790541526037877,0.5639780058423277
1417.5984302272525,4.9722655584304825,0.5788825647128006,0.5631215894643761
1417.8885250292346,4.971121569377985,0.5787022257508192,0.5634849338332715
1418.1698568927634,4.970012052545782,0.5787411652446259,0.5633734144740788
1418.5173005642528,4.968641687615713,0.579044386054086,0.5628776105042965
1418.841039224052,4.967364697274691,0.5791700191764273,0.5638064736122079
1419.170977385712,4.966063133688243,0.5790445759548989,0.5643521358687311
1419.5038994011827,4.964749680103154,0.5788058949608029,0.562803620626451
1419.8368214166535,4.963436103530286,0.578285837299328,0.5612310387985934
1420.1239447642,4.962303129998188,0.5776807822698732,0.5609034922790654
1420.4110681117463,4.961170066585428,0.5774020142488528,0.5605967792755182
1420.721053431547,4.959946683458917,0.5776632119607817,0.5599245458788115
1421.0310387513478,4.958723191159672,0.577976253974872,0.5598254551174338
1421.408028449379,4.957235086219551,0.577856602423229,0.5603917490019981
1421.7911573548495,4.955722582915123,0.5776022868585026,0.5598988385203197
1422.1115255112807,4.954457714880029,0.5772151097595333,0.5587805831171797
1422.4292154435182,4.95320329765279,0.5762058159039529,0.5579420897045588
1422.7386832828156,4.951981225674509,0.5749580701740039,0.5573789371149022
1423.0384376740644,4.9507973987067215,0.5741927237720788,0.5568312371850607
1423.3424206154243,4.94959675400582,0.5738259737720173,0.5564373157847822
1423.6286760901687,4.948466012325376,0.573310866432181,0.556334631476002
1423.9463812157635,4.9472109059320495,0.5724370577312654,0.556387539574557
1424.2640863413583,4.945955657635536,0.571734553855124,0.5566906880057345
1424.5704520738884,4.9447450734526965,0.5712317325381303,0.5574451835824501
1424.8768178064186,4.943534346241046,0.5703834384427403,0.5584521449862002
1425.1791687268278,4.942339340114554,0.5691684828028061,0.5594501354363931
1425.481519647237,4.941144190321599,0.568130246708733,0.5607656755318519
1425.7742557380927,4.939986909081581,0.5675611098764836,0.5624535127720315
1426.0669918289484,4.938829488216291,0.5672015404965408,0.563731794616022
1426.396094330865,4.937528111762047,0.5668886263495473,0.5638557851553427
1426.7251968327816,4.936226558615258,0.5668545427931623,0.5635574815649279
1427.1377427846808,4.93459475051415,0.5670618667648808,0.5640137243502632
1427.5131531860397,4.933109582510171,0.5670574238378916,0.5639443373228973
1427.8944220987878,4.931600995765512,0.5669755033727566,0.5645191522977137
1428.2217709471638,4.930305566892844,0.5669777580140307,0.5669775167311712
1428.5491197955398,4.929009959748873,0.567058913095315,0.5688623179601153
1428.8740622393852,4.92772370105637,0.5671786194165239,0.5687220469978876
1429.1904529812273,4.926471130491063,0.5671344040938316,0.5685369825701464
1429.5035105419952,4.925231596736224,0.5668786886442132,0.5686270350461221
1429.7981561329836,4.924064814413741,0.5667065592085986,0.567573933842454
1430.1462606360556,4.922686149833788,0.5668126663278122,0.5667085465004698
1430.5168413161146,4.921218249394635,0.567215332433646,0.5693157900003966
1430.8874219961735,4.919750121284489,0.5679435642872579,0.5711921302081101
1431.2430578336637,4.918340989944103,0.5683491032039157,0.5706033242248418
1431.5836049579457,4.916991457273107,0.5677817431862349,0.5707367503580417
1431.9149164147216,4.915678342610424,0.5670448834772883,0.569894822564187
1432.297916415204,4.914160137552465,0.5671213750697324,0.5682759181272261
1432.7234702499682,4.91247296766943,0.5680798785151898,0.5715199248623785
1433.0694809151605,4.911100939511599,0.569067700719806,0.5727929770774828
1433.4154915803529,4.90972871942486,0.5691251449722303,0.5713838192861762
1433.7237513430807,4.908506054395678,0.5679840867917545,0.5712183035037144
1434.0320111058086,4.9072832335085055,0.567135326444286,0.5707046333727024
1434.4221172162158,4.905735511841425,0.5680223980373426,0.569905375765647
1434.7809531232608,4.904311634601537,0.5693800188640832,0.5730148544410238
1435.1292353007314,4.902929437021026,0.5698709212542645,0.5738935671415765
1435.549060909367,4.901263053284549,0.5686824113871286,0.5708653895202772
1435.8483919990458,4.90007476728283,0.5674678039111166,0.5711436083157194
1436.1477230887247,4.898886331505756,0.5678683300435854,0.571803872561383
1436.4192478123919,4.897808166118986,0.569525226910765,0.5719476236009201
1436.688279560316,4.896739783873846,0.5706353818181303,0.5732831699834505
1436.9754184329802,4.895599369051425,0.5702059652739091,0.5744998390126571
1437.259610324409,4.89447052764962,0.5689607836685793,0.5726411476334979
1437.5625611867604,4.893267028033049,0.5680424382822833,0.5703350467052624
1437.9077639797918,4.891895495658047,0.5685353982208722,0.5724992487578129
1438.2529667728231,4.890523766265981,0.5705670589821988,0.5743799707105579
1438.6215201942423,4.88905903761454,0.5711122579304255,0.5733076941971745
1438.913756871792,4.887897460545543,0.5692675582841202,0.5732031954846876
1439.2059935493417,4.886735743242934,0.5679645873768578,0.5724344766339
1439.558802045494,4.885333046051622,0.5693402699656729,0.5717208991977308
1439.9182962250181,4.883903560516967,0.5712486008002907,0.574922876982387
1440.2463069386195,4.882599084638282,0.5710989929331793,0.5752323515169192
1440.633109678453,4.881060573837802,0.5691723165408746,0.5716752903306811
1441.0210141829084,4.879517435692871,0.5685902782629195,0.5731371832948575
1441.3861712798537,4.878064560014188,0.5711748377568984,0.5745711440375616
1441.7383675882472,4.876663048857795,0.5720934896545905,0.5744112198152519
1442.019776807734,4.875543083877157,0.5701761921620907,0.5744965880447473
1442.3011860272206,4.8744229883662875,0.5686171547196739,0.5731652320470222
1442.6237258026615,4.873139016701423,0.5695964443256939,0.5721783152650287
1442.9295461315396,4.871921445064434,0.5715178274662409,0.5749524928334411
1443.2353664604177,4.870703722542877,0.5720838126678621,0.5765421902413319
1443.5305118020285,4.869528362112975,0.570938257884814,0.5739678407521465
1443.8256571436393,4.868352860551013,0.56923892336715,0.5723007203727866
1444.1358828828352,4.867117141591604,0.5693026398321539,0.5741373504617996
1444.446108622031,4.865881260571473,0.571743980841864,0.5754214190238015
1444.7731911861922,4.864578056130806,0.572874575220477,0.5751852988538925
1445.0638410361128,4.863419869737672,0.5708921787118448,0.5750881518658474
1445.3544908860333,4.862261543840647,0.56910007176189,0.5739903217527487
1445.6865521058899,4.8609380060280865,0.5702937942980425,0.5731062335092286
1446.0389724510057,4.859533122330051,0.5725092576595938,0.576089581796865
1446.3913927961216,4.858128037520386,0.5722852802468394,0.5769049656265564
1446.7331111754238,4.856765426327564,0.5705066188598468,0.5734865747698785
1447.0635724418692,4.855447520225353,0.5696723887491727,0.5735066648953616
1447.3538824749285,4.854289589393461,0.5710978805942537,0.5760401932984637
1447.6441925079878,4.853131517366616,0.5731737261066684,0.5766959289541962
1447.9282280065527,4.851998343324177,0.5730415018148801,0.575751710976315
1448.2794265125428,4.850597039642696,0.5702432371098051,0.5750411555404515
1448.6061002815186,4.849293404015683,0.5698711084367278,0.5744229583204363
1448.8931814646228,4.8481476181648,0.572044332574868,0.5749075846102492
1449.180262647727,4.847001698000591,0.5734715214302791,0.5770239101182654
1449.535974024533,4.845581646364954,0.5723541935370343,0.5774700835929326
1449.8891821525895,4.844171379022273,0.5707255596789979,0.5742171506127521
1450.2149183214885,4.84287061510758,0.5707463431628652,0.5742100636841938
1450.4828191228114,4.8418006725669684,0.571958392291938,0.5768814621242401
1450.7507199241343,4.840730609336192,0.5734185330975553,0.5782698048721564
1451.10764055944,4.83930479449815,0.5733331152807168,0.5765812835154569
1451.4538745360196,4.83792147212144,0.5709654972367775,0.5753212230233938
1451.8150916324362,4.836478070605325,0.5706720856299523,0.5757606101278323
1452.0777957574628,4.835428179912859,0.5726401489127968,0.5764625735624994
1452.3404998824894,4.834378174983262,0.5741776520611698,0.5775977623472278
1452.6323840681907,4.833211408924445,0.5736574410976198,0.5784993316497504
1452.924268253892,4.832044501202198,0.5720003811512044,0.5774119924899555
1453.2791181895518,4.830625670052758,0.571334155225212,0.575033844874031
1453.639692921901,4.829183731353039,0.572346420037881,0.5763559098735724
1453.9154524323878,4.828080821902996,0.5734009037487011,0.5788812462224046
1454.187202273297,4.826993823516622,0.5741290493547696,0.5795683023417777
1454.544058650397,4.825566211709657,0.5736370924879372,0.577606663078361
1454.944760375382,4.823962944131971,0.571671644507983,0.5764610072364693
1455.352302032712,4.822332026594619,0.5721816352244896,0.5775124642541516
1455.6088655641079,4.821305152508264,0.5738732465252824,0.5783765102373966
1455.8654290955037,4.820278168845628,0.574945683190838,0.5792954663550782
1456.1702854197179,4.819057736439682,0.574458124196652,0.5799346812879947
1456.475141743932,4.817837147562333,0.5732036319403503,0.5791433819035505
1456.841427186139,4.816370395426149,0.5726913873569203,0.5772884849672657
1457.2373026961784,4.814784896001821,0.5732123874822042,0.5778609706134001
1457.526331958527,4.813627153086018,0.5738995636295152,0.5797893030075731
1457.8127500366488,4.812479727995506,0.574813402037992,0.5810035621017543
1458.1023850972902,4.811319272977406,0.5754382028198795,0.5808745876867712
1458.3869686553987,4.810178921335684,0.5751046697102479,0.5802173924361738
1458.7433408055356,4.808750715843944,0.5738131022716677,0.5797157642222934
1459.1516803371248,4.807113973718118,0.5735080056984522,0.5795198929730216
1459.406195213606,4.806093657021279,0.5742708237688726,0.5797261061248051
1459.6607100900872,4.8050732299223196,0.57513224430498,0.5804419036096073
1460.0016541108666,4.803706112479909,0.5757721099422155,0.5818270493918374
1460.316738041542,4.802442514128554,0.57602327033788,0.582557371932797
1460.6377132402974,4.801155115231286,0.5762182301314511,0.582389563709297
1460.9586884390528,4.799867542968443,0.5761269993578272,0.5819630807038478
1461.3631012900128,4.798245020870216,0.5756104411387529,0.581903424841186
1461.7539938126679,4.796676475195194,0.5756099810779796,0.5821266520903774
1462.0819093343102,4.79536043308471,0.5762010319945441,0.5823146498526474
1462.4098248559526,4.794044209594328,0.5768067964340612,0.5825310169988007
1462.7780652324675,4.792565917244348,0.5771466794678763,0.5826746892610488
1463.1352228507667,4.791131906004627,0.577306600901751,0.5826435049540454
1463.472704247062,4.789776706325699,0.5774007422631425,0.5826607848550476
1463.8101856433573,4.788421327342109,0.577409693677172,0.5827546186487217
1464.2267034093752,4.786748280301496,0.5774284887190747,0.5826639072654264
1464.6432211753931,4.785074952244288,0.5773862949645463,0.582412882312303
1464.970410408561,4.78376029670538,0.5771023626477786,0.5821166857278478
1465.297599641729,4.782445475677826,0.5767062344132756,0.5813448195876891
1465.6090031125104,4.781193943103458,0.5764268916785952,0.580255753685749
1465.9204065832919,4.779942268494978,0.5762460953891011,0.5796437665555904
1466.2761398430396,4.7785122393981245,0.5761626793911279,0.5801577059136834
1466.6318731027873,4.777082029516087,0.5764981782931139,0.5809791631551553
1467.0887025190789,4.775245096670614,0.5771650790360464,0.5807639648379075
1467.4804621809135,4.7736695591482015,0.576488878878874,0.5801264107262649
1467.7881785554484,4.7724318578103695,0.5752577367723869,0.579467667753722
1468.0958949299834,4.771194025224193,0.574522487643049,0.5783908394781806
1468.4634876934115,4.769715164128487,0.5749031267774939,0.5777659759254684
1468.8237569646778,4.768265584116729,0.5757498960315941,0.5792099174966218
1469.1931762897534,4.766778995541184,0.5762323644801,0.5805400487137228
1469.6710707464008,4.764855598016856,0.5754774512011097,0.5782951564292397
1470.0609927486023,4.763286024527827,0.5736978165942056,0.5769820784548897
1470.4509147508038,4.761716246603845,0.5735479885570259,0.5779734409718282
1470.8114963509774,4.76026441037172,0.5756031647266076,0.5785901300797447
1471.172077951151,4.758812388761887,0.5762983961852467,0.5787726742982592
1471.4732019822502,4.757599650169061,0.574548437468543,0.5785083528544605
1471.7743260133493,4.75638678639681,0.5727624955846854,0.5771578529572041
1472.0908753447372,4.755111664662662,0.5730363219794031,0.5760418927546829
1472.4074246761252,4.75383640886409,0.5747235128415976,0.5774948460903997
1472.74202961594,4.7524882613149835,0.575599059372334,0.5795298506808532
1473.1731144000582,4.750751155743098,0.5739887250627336,0.5770139449209647
1473.5619602592835,4.749184036941306,0.5722287023354076,0.5755006840104042
1473.9508061185088,4.7476167177595645,0.5736930508477001,0.5781478112500406
1474.3413617432411,4.746042300161436,0.5758675063994637,0.57806433325335
1474.7237160716488,4.744500731446469,0.5733847061833187,0.5763763359226362
1475.0372559437708,4.743236457453127,0.571222081173723,0.5764286708574864
1475.3454844814264,4.741993476501389,0.5730738894181482,0.5767407368201358
1475.6484568421101,4.740771566520115,0.5757367998221607,0.5772943035490324
1475.9915554949691,4.739387663969795,0.5742625129775809,0.5778273342075076
1476.2904629997347,4.738181874180429,0.5714208267651678,0.576397147151226
1476.5893705045003,4.7369759673787515,0.5718512350611731,0.5750920378824635
1476.884799390985,4.7357839773948545,0.5744836408219721,0.576891075485567
1477.185351542937,4.734571189899939,0.5750646367673894,0.5787032614671032
1477.4732584021128,4.73340930871985,0.5728787696425798,0.5766064909882627
1477.7611652612886,4.732247314512074,0.5711735978170163,0.5743863460957109
1478.036401654848,4.7311363554585295,0.5723224558666907,0.5761895101862138
1478.3116380484075,4.730025294048821,0.574707674329504,0.5784769484785051
1478.6653153931602,4.728597428846111,0.5741949194003302,0.5762980498854533
1478.973888427975,4.727351514417096,0.571006096020147,0.5747765301148758
1479.2824614627898,4.726105473279326,0.5714762593490063,0.5767572905081401
1479.5853599968748,4.724882222917759,0.5750258079039825,0.5773171843491696
1479.930338515477,4.723488873398332,0.5739996122473187,0.5758785910509482
1480.1710782764642,4.722516438195519,0.5707439290241565,0.5758383906044998
1480.4118180374514,4.72154392643578,0.5703520328746494,0.5761086542963447
1480.7144483804266,4.720321288278514,0.5743164643303649,0.5761112592049114
1481.0006821211202,4.71916477332959,0.5751740753717276,0.5767102882608712
1481.248885058338,4.718161824168852,0.5719067673320912,0.5767469594645631
1481.4970879955556,4.717158791464987,0.5699066194150881,0.5754492404081079
1481.7943094036636,4.7159575597204,0.5728481682460992,0.5751072341649912
1482.0853426116387,4.714781218492469,0.5752077211923822,0.577342927829234
1482.3920978826122,4.713541197315173,0.5722088504362467,0.5768063462740589
1482.6624631983882,4.712448170850748,0.5700516027052893,0.5742258941333251
1482.9328285141642,4.711355046851588,0.5723003074287708,0.5752853692800205
1483.1946375347668,4.710296420633882,0.5748473738588401,0.5779232073967013
1483.5378334321072,4.708908557305088,0.5723782642918908,0.5756192773978555
1483.873798472668,4.7075497765671175,0.5700368066035767,0.57426970632505
1484.2403483676112,4.7060671244840435,0.5741840803934294,0.5777174408888543
1484.526542725683,4.704909369122748,0.5742577668239323,0.5759310061725421
1484.8127370837547,4.703751496131207,0.5702858404078925,0.5742610772742751
1485.097429406963,4.702599589827019,0.5705455957437522,0.5763469889619539
1485.3600738857135,4.701536795356431,0.5745100549464875,0.5767983032179836
1485.6675619780035,4.7002924140442275,0.5737435117173968,0.5750215995319008
1485.8929398050605,4.699380240143385,0.5700237755399725,0.5752854163265436
1486.1183176321174,4.698467997805467,0.5696235263338711,0.576127183762379
1486.393350626292,4.697354678345049,0.5740833554696128,0.5757205515022348
1486.6631111982103,4.696262595500954,0.5746698530414349,0.575533803708827
1486.872941346518,4.695413057743241,0.5711049902606772,0.5760393444612663
1487.0827714948257,4.694563459460926,0.5690031985161941,0.5757949149850574
1487.316003187928,4.693619040112913,0.5717241284438156,0.5749232340283903
1487.54923488103,4.692674544680939,0.5750812023633185,0.5754809811652128
1487.8260550677767,4.691553429264767,0.5727415623677997,0.5767229912301582
1488.081081861124,4.690520480489438,0.5691344707410666,0.5752604543400572
1488.3361086544712,4.689487444188838,0.5712628923242558,0.5742361637139999
1488.5761159600524,4.688515164310181,0.5747632836469444,0.5762052819785055
1488.8300628428908,4.68748632269331,0.5732342302350518,0.5769860807239127
1489.0520544314168,4.686586869241981,0.5697131337076617,0.5747567385780347
1489.2740460199427,4.685687348500579,0.5697796390957746,0.5738354069553632
1489.5273312419204,4.684660941575568,0.5737428615755197,0.576415483061352
1489.7598360384343,4.683718663169787,0.5744541522360671,0.5771097083050889
1489.9552883327053,4.682926487283561,0.5715657217154135,0.5749844991327918
1490.1507406269764,4.682134257525492,0.5691171401909323,0.5736244439591419
1490.3658148483441,4.681262433667741,0.5705700647269869,0.5753308070102959
1490.580889069712,4.6803905455789545,0.5741196175517319,0.5771605122331395
1490.8763548810289,4.6791926484170645,0.5732095712581149,0.5749186160049192
1491.1137223883882,4.678230205373862,0.5692674382279184,0.5739629134583688
1491.3510898957475,4.677267684846619,0.5700584632263546,0.5760799279129859
1491.579244569419,4.676342448887587,0.5741357848936494,0.5765288915514571
1491.8566003134667,4.675217584937702,0.5735271965246251,0.5743754378491672
1492.0616679118066,4.674385825268863,0.5696431272939781,0.5746509013950465
1492.2667355101464,4.6735540074165165,0.568917143496284,0.5760809285075302
1492.5148822005199,4.672547370567004,0.5733809951290486,0.5757035403819432
1492.7574191761892,4.671563403575025,0.5746689094460431,0.5745048147717451
1492.944232709922,4.6708054453352,0.5713411044506402,0.5751214738508451
1493.131046243655,4.670047437473873,0.5685074361343102,0.5760099179709429
1493.3302344533408,4.669239166365861,0.570104237666855,0.5755131094577473
1493.5294226630267,4.6684308398706085,0.5740739062122573,0.5745123165819063
1493.7929343923188,4.667361391111491,0.5737073352972981,0.5754206031415603
1493.9788187325832,4.6666069272503945,0.5699298530151452,0.5761824144729438
1494.1647030728477,4.66585241527143,0.568437600213107,0.5753598037774826
1494.3694344212,4.665021347783059,0.5715951364198864,0.5741587027581615
1494.574165769552,4.664190219923507,0.5748242489233675,0.5750000051628565
1494.811127798337,4.663228169776259,0.5725452991053737,0.5764650008357171
1495.0199276335213,4.662380388650176,0.5687534147483727,0.5752491022673512
1495.2286789203051,4.6615327443842345,0.569587321102337,0.5738053170327693
1495.4257694720818,4.660732392832551,0.5734747379619868,0.5749135648855286
1495.6654936233044,4.659758835804437,0.5741975006467792,0.5766635614086285
1495.8231835399474,4.659118385811107,0.5713124101875519,0.57576216031213
1495.9808734565904,4.658477900153019,0.5686859838285268,0.5740973123405253
1496.1562377844089,4.657765586130205,0.5691559117716096,0.5737665430590363
1496.3316021122273,4.657053228937635,0.5725342966898271,0.5754651244607846
1496.523915865374,4.656271968742371,0.5747412083875779,0.5766956589613663
1496.7558820052961,4.655329549919408,0.5716143757376675,0.5747885122318094
1496.9688162451002,4.654464383985082,0.5683513438378359,0.5736017787911384
1497.149016310772,4.653732169694459,0.569846819873029,0.5751205553003736
1497.3292163764436,4.652999909403101,0.57350317522503,0.576562463728159
1497.5926556439276,4.651929311676553,0.5736341304200167,0.5747774285208677
1497.7751105663367,4.651187767396072,0.5698998344904337,0.5736406062418589
1497.9575654887458,4.6504461755101,0.568219669956335,0.5748489194019141
1498.15688566342,4.6496359814509995,0.5712714490620322,0.5763825266953637
1498.3558985163197,4.6488269793529104,0.5746387286712704,0.5753600402294038
1498.5909909662014,4.647871233736922,0.572329115523628,0.5737553064989459
1498.794539031788,4.647043662542825,0.5684216420160348,0.5750548159918192
1498.9967923403055,4.64622129792394,0.5693785583681141,0.5762347604973895
1499.1987122510725,4.645400231165761,0.5736553658154779,0.5749553620923378
1499.4291805178489,4.644463003323802,0.5739295685460558,0.5738635441579572
1499.6013994131736,4.643762601131598,0.5703049809808411,0.5750822497851513
1499.7736183084983,4.643062156197943,0.5679869001964625,0.5761462772462245
1499.9662008270855,4.642278839841504,0.5703290746341646,0.5751912886528452
1500.1587833456726,4.641495469949966,0.5742403704926028,0.5738163339087966
1500.3890310802713,4.640558814658157,0.5731439042408653,0.5749780773735659
1500.5957514071342,4.639717801855494,0.5687544468595808,0.5761547357610555
1500.8024717339972,4.638876728572957,0.5687644882704131,0.5747782112004601
1501.0151003761684,4.638011552906279,0.5732905530820291,0.573725716297851
1501.2445184578148,4.637077985217419,0.5740613490998077,0.5755026286528395
1501.4739365394612,4.636144337805735,0.5692794708475691,0.5758760246148074
1501.6891909519584,4.635268262695307,0.5683923412485735,0.5739523111771846
1501.9146524292576,4.634350574339629,0.5730640701812252,0.5742484021590696
1502.1384594197914,4.633439544424121,0.5741976508634105,0.576118923327339
1502.3331787488485,4.632646856874581,0.570227872413857,0.5753380586851575
1502.5278980779055,4.631854114127349,0.5678436573245823,0.5736628432609562
1502.7214473310457,4.63106608152333,0.5708106743707718,0.5743323820936426
1502.914996584186,4.630277993733478,0.5744358800435561,0.5760333953855509
1503.131780428381,4.62939523202607,0.5725836353264834,0.5752296650128647
1503.3485642725761,4.628512399747735,0.5681522224497323,0.573540479413576
1503.539736985699,4.627733810408798,0.5689994956665753,0.5746084810979016
1503.7309096988217,4.626955168255815,0.5732509363222934,0.5761132804543513
1503.9295028549502,4.6261462442289405,0.5742392359085127,0.5750689034747142
1504.1280960110787,4.625337259622673,0.5702222134114823,0.5734914948763906
1504.3166672802938,4.6245690460316595,0.567735554102294,0.5745119449775788
1504.505238549509,4.6238007816373665,0.5704678800332637,0.5761064970631785
1504.705258068311,4.6229858184010375,0.5743375891727465,0.5751150795299996
1504.905277587113,4.622170793505298,0.5728690190689769,0.5734134043951692
1505.080303869573,4.621457559031487,0.5689321887891675,0.5742690377826348
1505.2553301520331,4.620744279991302,0.567925410508904,0.5759985042662419
1505.4497661574,4.61995184971768,0.5716965598019823,0.5755094244957312
1505.624301689387,4.619240476312011,0.5744607864449667,0.5736586047416261
1505.794382463025,4.618547213999392,0.5728507840332749,0.5735762685583592
1505.9488291020714,4.61791763918946,0.5693158755218525,0.5751997052734047
1506.1032757411178,4.617288029523742,0.567674367370901,0.5762135892005327
1506.2911030962375,4.616522295691311,0.5705161871815054,0.5748599970091838
1506.4789304513572,4.615756509410397,0.574202892830768,0.573262785901238
1506.6564335018224,4.6150327655815815,0.5733125004118581,0.5742869596194432
1506.8339365522877,4.614308973239437,0.5693055333444096,0.5760265656684505
1507.038705522428,4.61347394328752,0.5678994206295731,0.5752163612757564
1507.2434744925683,4.612638852645324,0.5720938625698724,0.5733424636484635
1507.440136444354,4.611836763939979,0.5744412499205285,0.5743272828270103
1507.6367983961397,4.6110346148583545,0.5711413273628428,0.575986266530478
1507.8379927426881,4.6102139189356,0.5675676662466725,0.5748943177843595
1508.0391870892365,4.609393164377098,0.5699726696338933,0.5734061654010597
1508.2370379509046,4.608585990252952,0.5741428461700597,0.5746171856961595
1508.4348888125726,4.607778755110764,0.5729994806001036,0.5758376554787129
1508.6166462338997,4.607037128455724,0.5687309894906213,0.5746716536635669
1508.7984036552268,4.6062954531657025,0.5677377053412022,0.5735074772156102
1508.985465216188,4.605532083450246,0.5716770789482265,0.574556242436239
1509.1725267771492,4.604768660427928,0.574487186239749,0.575731826492498
1509.3673605539823,4.603973459749508,0.5716420715541425,0.5746017679924073
1509.5621943308154,4.603178201183583,0.5676217094269357,0.5734834968756529
1509.7494868292779,4.602413671570343,0.5689693001315481,0.574726386636413
1509.9367793277404,4.601649089928254,0.5733671876677155,0.5757887793863885
1510.1387776711608,4.600824413811694,0.5737076568407276,0.574314521685338
1510.3407760145813,4.599999673906886,0.569133257383501,0.5733540170245688
1510.5419877883608,4.599178084764163,0.5676817620591331,0.5751561749838651
1510.7431995621403,4.5983564362307074,0.5718906489453005,0.5758065421342886
1510.9452280607159,4.59753139024028,0.5742675256089917,0.5737190563710037
1511.1472565592915,4.596706279793369,0.5706750622301036,0.57337207164152
1511.3591854957192,4.595840667809548,0.5674208261087099,0.5757486861838703
1511.5688535221336,4.594984225570163,0.570692688605236,0.575450248400045
1511.7887427053477,4.594085960626068,0.5742299129224848,0.5729885411135868
1512.004546538976,4.593204310167309,0.5710217846665708,0.5742129535521222
1512.210465125211,4.592362978560715,0.5674475570497062,0.5762014272582644
1512.4039858479562,4.591572244721358,0.5697477441154056,0.5746753564942501
1512.5975065707014,4.59078145423961,0.5738063241066359,0.572858506841925
1512.788680536737,4.590000195087348,0.5729652369196648,0.5743333256532694
1512.9798545027727,4.589218878672063,0.5686002469693046,0.5760673086370172
1513.1905555263434,4.588357693249801,0.5680038689708118,0.5744384025830761
1513.401256549914,4.587496441550567,0.5727477790589338,0.5730558745941977
1513.6089489721035,4.586647419404828,0.573773856253416,0.5749393488748744
1513.816641394293,4.5857983291121025,0.569167276427778,0.5755960524207353
1514.043350370057,4.584871420918023,0.5676958783662209,0.5735671880514531
1514.273128034422,4.583931887637857,0.5729090157876093,0.5740794590962423
1514.4850021536568,4.583065486260135,0.573640857019086,0.5754813125402981
1514.663696758756,4.58233470819473,0.5694856781851448,0.5745279640433394
1514.8423913638553,4.581603881503095,0.5671040204792376,0.5734605946445431
1515.0262069863747,4.580852061108573,0.5702018395029326,0.574400942633051
1515.2100226088942,4.580100188790827,0.5740549590558747,0.5754126705889583
1515.4152134137557,4.579260820685896,0.5722345218886328,0.574147175234615
1515.6204042186173,4.578421386437501,0.5675660588780327,0.5734123035348203
1515.8179611840349,4.5776131222325045,0.5685199171461744,0.5750803793209859
1516.0155181494524,4.57680479895694,0.573191195263028,0.5753811376558692
1516.2264983564369,4.5759414849320965,0.5731899862815241,0.5732919339056826
1516.4374785634213,4.575078099983469,0.5683439958023644,0.5736985127919322
1516.6555097824853,4.5741857893225335,0.5680685283181448,0.5759192143683531
1516.8868134044392,4.573239081712559,0.5731895725500402,0.5742212407201741
1517.1028046557337,4.572354969618879,0.5728749691637404,0.5726937630273466
1517.281151895776,4.571624888612278,0.5688121434729415,0.5746833845964563
1517.4594991358183,4.570894759001404,0.5673409513386491,0.5761522301321911
1517.6557348753088,4.570091341110221,0.5710410799924327,0.5741686998804574
1517.8519706147993,4.569287862899182,0.5739449474503522,0.5725372922024099
1518.0375504190454,4.568527957567841,0.5714069004628308,0.5744760733955955
1518.2231302232915,4.567767998062854,0.5675413104399304,0.5760778202642026
1518.424659378393,4.56694266625019,0.5686706753518513,0.5741413844525588
1518.6261885334945,4.566117272028753,0.5732089284847067,0.5727208429425176
1518.8318306681035,4.56527496502658,0.5729501557605288,0.5747944941862354
1519.0374728027125,4.564432590443651,0.5682041371103869,0.5755636856544002
1519.2590547103568,4.563524849287323,0.5679831742177607,0.5734005399619277
1519.4797054758446,4.5626208477150945,0.5731214843429386,0.5737185067963099
1519.698042658019,4.561726247786409,0.5729052477052444,0.5753083281457029
1519.8815020701386,4.5609744945668105,0.5684349542810511,0.574388377130579
1520.0649614822582,4.560222689498957,0.5671143453130866,0.5733572882014938
1520.2513100359836,4.559458992280997,0.5711391224470099,0.5743391376332089
1520.437658589709,4.558695240097492,0.5740924353906078,0.575112147190114
1520.6392247076433,4.557869055043865,0.5709198097777421,0.5737975418665102
1520.8407908255776,4.557042805608586,0.5669339859202057,0.5734694268225938
1521.0377613318874,4.556235334191298,0.5692250185915346,0.5751137418226936
1521.2347318381971,4.5554278023932175,0.5735810164253575,0.5749029593032895
1521.4725988214384,4.554452520958529,0.5715340184531038,0.5728215287901821
1521.698757316369,4.553525161539783,0.5670480726229146,0.5745212904493903
1521.9048119825777,4.552680169203516,0.5693272375459667,0.5757682284661546
1522.1263821258426,4.5517714767218,0.5736468847375793,0.5732281965909887
1522.3348329213316,4.550916515463858,0.5715491635454144,0.5728366971861687
1522.5395633351313,4.550076745318819,0.5673547503551478,0.575586736414663
1522.7361216303648,4.5492704352000315,0.5684857181318499,0.5753997256912016
1522.9530669953008,4.548380424543745,0.5731050776285144,0.572506722963262
1523.1625690631852,4.547520876758076,0.5724192137211749,0.5735266319760689
1523.3782778653026,4.5466357895608605,0.5677339674117561,0.5759512638789114
1523.609489810566,4.545687010594166,0.5684517971545163,0.573863727295813
1523.8196661718607,4.544824478566231,0.5730905561196938,0.5726166701094674
1524.042155644135,4.543911336486776,0.5722663048689887,0.5749922307330934
1524.2646451164092,4.5429981143385,0.5673145993400874,0.5749468789177057
1524.4728978663268,4.542143258082785,0.5682556174346325,0.5730596404683327
1524.6881113467682,4.54125975695315,0.5732154350533403,0.5739563140648232
1524.902692152452,4.540378777501494,0.5723857352541215,0.5750021749357224
1525.0908890268877,4.539606057802465,0.5678242003793207,0.5738038152649859
1525.2697692938675,4.538871539771801,0.5670357800911418,0.5733727582292076
1525.4585274861183,4.538096406869092,0.5712723215065982,0.574618567870801
1525.6472856783691,4.537321216421707,0.5738190035778085,0.5746901327105852
1525.857987733397,4.5364558376198065,0.5700858989085157,0.5731172115489283
1526.068689788425,4.535590387414135,0.5666733056941684,0.5739085748755602
1526.303159925233,4.534627229330711,0.570669290740098,0.5753815272541547
1526.5142345005336,4.533760100210173,0.5736274043748193,0.5733577978440227
1526.735445863341,4.53285124816865,0.5698589317778486,0.5728302635713467
1526.9832741919492,4.5318329461816464,0.5669676718160884,0.5757248707583414
1527.2200991549262,4.530859766194943,0.5715586343706223,0.5740370541991119
1527.4344154565065,4.529979001836283,0.5731984466276967,0.5721310336250764
1527.6168030359074,4.529229392929821,0.5697796224794267,0.5742163961385092
1527.7991906153084,4.528479730483988,0.5668790358803805,0.5759546962266252
1527.994882140808,4.527675327464106,0.5690462896994617,0.5739648754020684
1528.1905736663075,4.526870863058277,0.5730244041074123,0.5721754860117425
1528.4016062685332,4.526003261718111,0.5719504064150642,0.5743631121184773
1528.612638870759,4.5251355871994186,0.5673802629950732,0.5754840635310253
1528.8275914301928,4.524251723296578,0.5679352887453258,0.5731870540413678
1529.0395453117605,4.523380117393834,0.5727004467388621,0.5730744701776885
1529.2722646543525,4.5224230327770325,0.5721428594862057,0.5749981957452086
1529.4595710696494,4.521652648976069,0.567730451594529,0.5742134566072452
1529.6468774849463,4.5208822093017424,0.5669010574287546,0.5731188076385385
1529.8399737559482,4.520087896113716,0.5711647733350158,0.5740522400577686
1530.03307002695,4.519293521647179,0.5735732206676485,0.574663250195763
1530.236648671499,4.518455956362496,0.5699642790781825,0.5733432158732775
1530.440227316048,4.517618323389431,0.5664865577574514,0.5734053377398424
1530.6359414960084,4.516812987074515,0.5691043182589794,0.5749950525887755
1530.8316556759687,4.5160075888882725,0.5731266449218209,0.574338088525502
1531.0671347582586,4.515038466054923,0.5711049166163117,0.5723977233911917
1531.2765974004753,4.51417633746554,0.5669115280303897,0.5742855594196525
1531.486060042692,4.513314138926936,0.5683234387049457,0.5755738180811076
1531.69705089271,4.512445578598608,0.572641392251044,0.5729909927864484
1531.9165969851053,4.511541720533744,0.5718661775615698,0.5724094688940161
1532.0844514613411,4.510850619132125,0.5682859956726706,0.5748131873652204
1532.252305937577,4.51015947228474,0.5667030958276001,0.5757562049932751
1532.4508134729483,4.509342052604644,0.5697666135522527,0.5733064942693404
1532.6493210083197,4.508524568116041,0.5730821032036332,0.5721183947770789
1532.8776964304964,4.507584000397175,0.5705693500082711,0.5748507258951995
1533.106071852673,4.506643346622499,0.5665610260785688,0.5748055331793865
1533.325814769192,4.5057381704410515,0.5691926169850392,0.5725769139979853
1533.5262316995666,4.504912533612846,0.5730811252094663,0.5734643311655931
1533.756112290381,4.503965434565269,0.5709301081189271,0.5748189026597406
1533.9660332000665,4.503100491888362,0.5666072754181118,0.5734576390818881
1534.172386140807,4.502250181180209,0.5680745854386473,0.5732859818892981
1534.3695347406717,4.501437733522186,0.5725033295405447,0.5744961513627707
1534.6291354723412,4.500367820999275,0.5713139946891842,0.5734135657778852
1534.8452748796096,4.499476942566804,0.5667604731409962,0.5730274200257786
1535.061414286878,4.498585988344628,0.5679513150135173,0.574884507848798
1535.2585884097703,4.497773145133474,0.5721981146512631,0.5744017068885606
1535.5030890968226,4.496765108475001,0.5717126376635617,0.5721282594110992
1535.6979926959905,4.49596147978838,0.5676388112162771,0.5737267047645728
1535.8928962951584,4.4951577890071714,0.5668514765389235,0.5756172242571367
1536.120866760814,4.49421766805512,0.5711329968419745,0.5733370307184541
1536.336392479173,4.493328787135702,0.5726561883706969,0.5719062684452132
1536.531165215062,4.492525427993969,0.5693364778483031,0.5743863954715229
1536.725937950951,4.491722005911049,0.5665059708022587,0.5755075516816128
1536.9216746888726,4.490914545649036,0.5685141082195656,0.5731801362236489
1537.1174114267942,4.49010702189006,0.5723452056730437,0.5721276659536895
1537.3800706906018,4.489023301862802,0.5708680104159933,0.5748022957183364
1537.57784869825,4.48820720202606,0.566847301839687,0.5744537901230192
1537.7746535168415,4.487395054536104,0.5671504072358329,0.5727732058926536
1537.9778547681383,4.486556444155726,0.5715055477806823,0.5733783825156992
1538.201358482137,4.485633964357928,0.572521767122367,0.5744220802418162
1538.370387182915,4.484936265522768,0.5691273402515882,0.5734998088148605
1538.539415883693,4.484238518882125,0.5662726804720275,0.572896101939007
1538.720835279546,4.483489571662335,0.5676281007123418,0.5739829754560849
1538.902254675399,4.482740570074214,0.5715534188104728,0.5746439945461936
1539.1621800242267,4.481667353635895,0.571770680340871,0.5725349693108397
1539.3554853854478,4.480869131778483,0.567797581910387,0.5728080751227319
1539.5487907466688,4.48007084766965,0.566424747860446,0.5749902485903667
1539.7752821162676,4.47913543901493,0.5702273026991017,0.5742976132651831
1539.9908625090663,4.478245012067526,0.5725714909746733,0.5717843248413509
1540.2138301748391,4.4773239879113715,0.5694767781779084,0.5734481938302488
1540.436797840612,4.476402879717507,0.5663663411745538,0.5755097405424922
1540.6326172061256,4.475593857468571,0.5682941791056103,0.5735060224189475
1540.8284365716393,4.474784770925365,0.571914959370101,0.5718097771825718
1541.0999571334594,4.473662791864688,0.5707467692909761,0.574444595267074
1541.2880123612292,4.472885634720031,0.5670516170354563,0.5747859169429431
1541.4740115218324,4.472116916879537,0.5664769103617147,0.5730120682337336
1541.6836529051834,4.471250418916977,0.5703718199006399,0.5727347696898272
1541.8900068541013,4.470397435050943,0.5726619500201864,0.5741986198565869
1542.1062674838315,4.469503421482442,0.5694477210143188,0.5736870250069915
1542.3225281135617,4.468609328355759,0.566040185499487,0.5727856986338891
1542.504367214882,4.467857485054839,0.5676489293007766,0.5738546731488116
1542.6862063162023,4.467105586284558,0.571343363117407,0.5744812051623206
1542.9221747383176,4.466129779270294,0.5718400510463645,0.5726025558484986
1543.1029824346995,4.465382014156483,0.5684744212117349,0.5723389971525327
1543.2837901310813,4.464634193366541,0.5661655565996446,0.5742795340700528
1543.4757469794695,4.46384020031186,0.5678515425700619,0.575073105445332
1543.6677038278576,4.463046145389132,0.5713246367337399,0.5728715712692477
1543.8961782328186,4.462100946946307,0.5715986107396613,0.5718230660977512
1544.0669619607397,4.461394354862956,0.5687150740311568,0.5739590916570535
1544.2377456886609,4.460687713145014,0.5663317034088686,0.5753207053363213
1544.4259347900168,4.459908998176843,0.5672372308014949,0.5736886143035567
1544.6141238913726,4.459130223511387,0.5706449752915795,0.5718266934505085
1544.8984789976946,4.457953371659753,0.5714242482825147,0.5739757817085163
1545.0614773829202,4.45727871131264,0.5684623783987334,0.5746794185695663
1545.2244757681458,4.456604005816269,0.5660885434117351,0.5735553866633769
1545.3995545423038,4.455879245934561,0.5668951005630094,0.5725031463500218
1545.5746333164618,4.455154434095391,0.5702363754866628,0.5732274420129033
1545.8084897933957,4.454186204069131,0.5721461444084989,0.5740657950581117
1546.0034500528411,4.453378941478578,0.5691982279116786,0.5728855438766682
1546.1984103122866,4.452571613168549,0.5660934060759084,0.5726896344414527
1546.372392439449,4.451851100862841,0.5666847517829717,0.5740894325533301
1546.5463745666113,4.451130537487023,0.5697788101502969,0.5745499863172099
1546.796801883102,4.450093276883361,0.5719006015836583,0.5721796321892998
1547.0148953900418,4.449189851055496,0.5689137156583656,0.5723409237188519
1547.2329888969816,4.448286342683372,0.5660948553660617,0.5748897632852122
1547.4177564307815,4.447520833137901,0.5671808461132815,0.5745933797889299
1547.6025239645815,4.446755265635845,0.5702496764678116,0.572232408971074
1547.8336080064778,4.4457977051700475,0.5716556343393899,0.5720692556698335
1548.039892636412,4.44494282754792,0.5689003702308748,0.5744665829104115
1548.2461772663464,4.444087876423949,0.5660376304162344,0.5743684261165579
1548.417174509177,4.443379120163299,0.5666061540621663,0.5726470207851478
1548.5881717520074,4.442670313904122,0.5694627022452231,0.5721899452817434
1548.8073106169322,4.441761879040062,0.5718720134252199,0.5737392021800629
1549.0430137283427,4.440784682171931,0.5692657882030727,0.5736381576755877
1549.245623989574,4.43994460671072,0.5660609938009725,0.5725176852021286
1549.4196653123415,4.439222929531053,0.5661998902708778,0.5730899982571291
1549.5937066351091,4.438501200633706,0.5689336117007404,0.5742089581977599
1549.8206757151227,4.437559907179693,0.571642782561994,0.5732829483086495
1550.0372699535658,4.436661554817541,0.5698828880441553,0.5717761468067489
1550.229868905899,4.435862655985427,0.5668033230525461,0.5730908013062664
1550.4196877091686,4.435075226681185,0.5659442292263649,0.5748816228581407
1550.62947912266,4.434204873415274,0.5684203515959639,0.5737245890908154
1550.8431585690091,4.43331831113177,0.5711450676720649,0.5714724212781802
1551.06537682728,4.432396233869221,0.5703658036675423,0.572734711961389
1551.230445206025,4.431711238444469,0.5678683976818227,0.5745200956149921
1551.39551358477,4.431026195834382,0.5659224855791866,0.5744446735224513
1551.5825513804293,4.430249922828471,0.566427171440924,0.5726233271113056
1551.7695891760886,4.429473589339877,0.5692427849568947,0.5720261549784887
1552.0090532482964,4.42847956044762,0.5713874240667314,0.5736755303017202
1552.2407610934424,4.427517630110375,0.5689158954252896,0.5734981931219248
1552.4748727391263,4.426545624326447,0.5657383201568837,0.5723493238706109
1552.6658051796187,4.425752823695924,0.5663072927154642,0.5732502128478919
1552.856737620111,4.4249599600271505,0.5691516173083666,0.5741882864685341
1553.0822950947595,4.4240232298367905,0.5711399036833784,0.5727442208354351
1553.3078232432124,4.423086529519239,0.5692186462342296,0.5716561695060441
1553.5261812294243,4.422179522748781,0.566259606719263,0.5736565859825657
1553.7442293628128,4.421273720645908,0.5660257327629422,0.5747184777917669
1553.9661089674644,4.420351918079486,0.5687255944047801,0.5725128167563824
1554.242556854174,4.419203287730623,0.5708376552689394,0.5717911768785711
1554.5104649556288,4.418090007439099,0.5681909978393967,0.5742848335640408
1554.746191349516,4.417110352084053,0.5655866863860151,0.5734540499124734
1554.9516760122265,4.416256299884441,0.566389938267982,0.5720813372526362
1555.157160674937,4.415402173559751,0.5692436686815948,0.5728090105418309
1555.3955707702244,4.414411092963398,0.5707710521915503,0.5737061643800397
1555.6535523920038,4.41333853680268,0.5680947463227944,0.5722568329095402
1555.897152346294,4.412325663228781,0.5654968819102341,0.5726464373340346
1556.1062640033424,4.4114561072704275,0.5663082594210072,0.5742320865779437
1556.3153756603908,4.410586475104813,0.5689175015819675,0.573577166604472
1556.536253661588,4.409667825175468,0.5703979492725275,0.5714726394001746
1556.8145046186532,4.408510429080097,0.5683058841448753,0.5727156979106809
1557.041980581419,4.4075641303013295,0.5658206959895647,0.5745377785240888
1557.2668264780427,4.406628684169753,0.5657977389526055,0.5731714930759008
1557.508403056407,4.4056235331341185,0.568432786927592,0.5716046312665218
1557.7905127249903,4.4044495983991325,0.5702238400508821,0.5733124493040939
1558.068107682459,4.403294308971543,0.5677301651537955,0.5732091918747315
1558.3456552337045,4.402139079114452,0.565224528539492,0.5721169897196753
1558.5629360630612,4.4012346014283406,0.5662285556775938,0.5733523798991352
1558.780216892418,4.400330040425901,0.5686919839618247,0.5738127853944329
1559.0059662932808,4.399390133764172,0.5698801954643,0.5720479759997441
1559.2966760752597,4.398179626651512,0.5678007456289342,0.5719404871936641
1559.5617893507376,4.397075569285432,0.5654401801414443,0.5742936682294928
1559.8195691910041,4.396001933837386,0.5659113202465303,0.5732242614947137
1560.0703068497087,4.394957515826122,0.5683372282656399,0.5713986476533944
1560.4254331875165,4.3934780820590875,0.56919822621628,0.5734430641455155
1560.6229530459657,4.392655126838809,0.5674007873803866,0.5734564019245475
1560.8204729044148,4.39183210153604,0.5655051658468201,0.5722728030395396
1561.0499142594247,4.390875978824297,0.5651856820716109,0.5722950600481856
1561.2793556144345,4.3899197628091535,0.5670048739796958,0.5736325246816647
1561.5225862443958,4.388905975736507,0.5689361690555719,0.5729828886916317
1561.7645097811408,4.387897528861738,0.5687481187519778,0.5713042969271588
1561.9905762982485,4.386955083207809,0.5669367406229409,0.57221512364354
1562.2166428153562,4.386012545013401,0.5652737346247501,0.5740738831960123
1562.510697388482,4.384786409901284,0.5655328219147661,0.5728835574407632
1562.7763207562812,4.383678693592661,0.56758771118457,0.5713921237780587
1563.0432727398027,4.382565305975322,0.5687392718905029,0.5728685067522934
1563.3102247233242,4.381451786763047,0.5674820447859268,0.5732291542410686
1563.5304979589375,4.380532877788543,0.5656565045991441,0.5720164663752592
1563.750280074101,4.379615930650315,0.5647877610659244,0.5721255201337485
1564.0221622909314,4.378481499094253,0.565836629315799,0.5736964585236752
1564.254707475984,4.377511097040283,0.5674371127659734,0.5729901061535612
1564.4872526610368,4.376540596006242,0.5681486764935608,0.571249625430114
1564.7596019545776,4.3754038485998725,0.5672034200745916,0.5720447423409547
1564.9698881099373,4.37452605038334,0.565808706394313,0.5736717978380894
1565.180174265297,4.3736481730663535,0.5648178756988782,0.5735312754712613
1565.4308177432233,4.372601714603698,0.565004673045843,0.5718490372624868
1565.6814612211497,4.371555143245433,0.5663731566279875,0.5719796942920439
1565.9580584565622,4.3704000675227945,0.5675645526557396,0.5732323192808209
1566.232906262475,4.369252157604224,0.5671124727014141,0.572196320661615
1566.4411524823406,4.368382318115227,0.5659785748984761,0.571414431261393
1566.6493987022063,4.367512399173676,0.5649550724501143,0.572313502664028
1566.9057654867856,4.366441356757158,0.564646152525038,0.5738111960430308
1567.162132271365,4.365370198136471,0.565409252012554,0.5727741780461166
1567.4514275766244,4.364161314023574,0.5665670464201505,0.5711350588539041
1567.7407228818838,4.362952274169262,0.5668208353359568,0.5724881579011805
1568.112389368967,4.361398756690028,0.5655317647155322,0.5728651070440595
1568.4325175871722,4.360060461759567,0.5645508711154529,0.5716408370800208
1568.6744648295607,4.359048879930256,0.5646841251192103,0.5726241396378475
1568.9164120719493,4.358037193418571,0.5653547874049122,0.5734291224735213
1569.1947092725493,4.35687338123469,0.5660331317682128,0.5720126411103384
1569.4939534741811,4.3556218104768565,0.5660216765271886,0.5711256769936586
1569.8335155236773,4.354201410585648,0.5652562650401965,0.5731634544904131
1570.099863640596,4.353087121145588,0.5647039127353415,0.5731454556563901
1570.3630052775136,4.3519861224257275,0.5646163364558496,0.5717274306756027
1570.6526665119154,4.3507740203569405,0.5649902702234278,0.5719626462255933
1570.9651936827363,4.3494660634738675,0.5653988928568694,0.5730532310459003
1571.2676563078492,4.348200057204218,0.5653979353077917,0.571870673868777
1571.6522865253946,4.346589880404806,0.5650497688977472,0.5716747830309294
1572.0191578930617,4.345053796562399,0.5648750798987029,0.5734579970429023
1572.3621007678316,4.343617685475283,0.5649088584665259,0.5720433308006693
1572.7050436426016,4.342181362106909,0.5649216362921637,0.5713513574995857
1573.0883935420775,4.340575547707287,0.5649207252926421,0.5728866163006547
1573.3670123135255,4.339408272503527,0.5650687674659133,0.5722740313143476
1573.6456310849735,4.338240856106153,0.565302711958255,0.5714024098556648
1573.9413532325996,4.337001622718982,0.5653870468217455,0.57232849755191
1574.2533598330417,4.335693979515069,0.565109423642315,0.5730820718293865
1574.5510175466472,4.334446310971874,0.564719881208596,0.5717274888768411
1574.8486752602528,4.333198479112474,0.5646719972574091,0.5710029196389804
1575.2706205091463,4.3314293309031395,0.5654898325054032,0.5728710585985897
1575.610609063509,4.330003580561546,0.5660807674907824,0.5724435548683602
1575.9331942418773,4.328650620782049,0.5657331254718373,0.571247152224125
1576.240525129866,4.327361462808471,0.5648552685208337,0.5718790169745965
1576.5515680396334,4.326056557527337,0.5645563122056251,0.5725708389747298
1576.9509180659018,4.324380921466256,0.5658250284586974,0.571411343501034
1577.2918156944384,4.32295031514692,0.5668192011393448,0.5715797969537493
1577.6249611174223,4.321552038154983,0.5662018458273125,0.572686949794265
1577.9282992223893,4.320278694769826,0.5649617705455253,0.5721009876809818
1578.2253424773974,4.319031612139699,0.5647136942417722,0.5708890518117199
1578.597099271232,4.317470625621027,0.5663267959797322,0.5715813904317527
1578.9688560650668,4.315909385641678,0.56747210042596,0.5727502765825583
1579.309137730528,4.3144801121771685,0.5662877700611653,0.571612347161702
1579.6266394730856,4.313146328623968,0.5648473503426752,0.5706796098862085
1579.9277388575495,4.311881273967131,0.565325677176834,0.5714714280720943
1580.185502828383,4.310798157032675,0.5669803955276794,0.5723385744230068
1580.4432667992166,4.309714919416473,0.5681109659416217,0.5721930750719133
1580.726650420501,4.308523877665967,0.5673508505095796,0.5712176447422447
1581.0100340417855,4.307332687092277,0.5654297215900143,0.5708121031605567
1581.343844139535,4.30592933704751,0.5651328202008533,0.5715233572623415
1581.5914421128602,4.304888291554157,0.5669200980231317,0.5719376249928736
1581.8390400861856,4.303847133318959,0.5685890330013595,0.571728039675953
1582.1156640406566,4.302683786501106,0.5681652022324822,0.5711647294632308
1582.3961490822253,4.301504056208778,0.5658658870853926,0.570970922452642
1582.7164784620102,4.300156557667489,0.5650697385828692,0.5712727581272099
1583.036807841795,4.298808866090934,0.5677331335887981,0.571450186085432
1583.3884073945374,4.297329394279561,0.5691651521234496,0.5712772467818185
1583.7027819987752,4.296006363375206,0.5665762544429706,0.5711076945950665
1584.0004458864626,4.294753486846601,0.5649924136416592,0.5709999803710307
1584.3110502315174,4.293445963938879,0.5673859273170963,0.5709535956425011
1584.5869244731684,4.292284487692067,0.569639954726216,0.571077583544321
1584.8479465666796,4.291185409313025,0.568580568706678,0.5712496644280196
1585.1075851296262,4.290092029300761,0.5658526087388331,0.5711961716355299
1585.4023386744286,4.288850619458411,0.5656205106065709,0.570785514691356
1585.6214743081366,4.287927580596797,0.5679447689773975,0.5705315671468603
1585.8406099418446,4.2870044490217385,0.5698578665913655,0.570593454979037
1586.0910318746978,4.285949407595505,0.5690119749001422,0.5709957779116303
1586.341453807551,4.2848942467720095,0.5662186834269686,0.5712819279608066
1586.7145252268217,4.28332207776931,0.5665090896462505,0.5707891524620119
1586.9198260841856,4.282456800530368,0.5689640275815784,0.5703633261402272
1587.1251269415495,4.281591440895244,0.570190374294191,0.5702295019533409
1587.3729800045396,4.280546610046638,0.568402676448828,0.5705510090141945
1587.6208330675297,4.279501659727506,0.5657324031346215,0.5709899891438128
1587.8704430036953,4.278449183305247,0.5663133839349742,0.5710336285861205
1588.0734914544594,4.277592944639185,0.5688765852973442,0.5707418545133882
1588.2765399052234,4.27673662605002,0.5705045163722929,0.5703944644095826
1588.50908721181,4.275755801878327,0.5690599493574791,0.5702178313160898
1588.7416345183967,4.274774870344228,0.5660627408254199,0.5703270730827198
1589.0265876975757,4.27357273436766,0.5662554386714558,0.5705554975176023
1589.2221164311254,4.272747762368623,0.5689826980276389,0.5706215436156746
1589.4176451646752,4.2719227156590085,0.5708601014416085,0.5706084374691045
1589.6430776905868,4.270971395022564,0.5695556857618712,0.570536645600419
1589.8685102164984,4.2700199744496,0.5663436393563558,0.5704142581151175
1590.1608594106017,4.268785987011144,0.5662700164608591,0.5702034451417515
1590.3510748910253,4.267983007373385,0.5690278984497467,0.5701211031084941
1590.541290371449,4.267179954527328,0.5709466844866204,0.5701566870357833
1590.758838820979,4.266261417615256,0.5696925825917986,0.5703231985642399
1590.9763872705091,4.2653427861642905,0.5665457984024403,0.5704790015786889
1591.2043105114433,4.264380245315998,0.5659573825306069,0.5704677411361414
1591.4322337523774,4.263417601651369,0.5690381992899931,0.5702891920694814
1591.668241191937,4.262420703756749,0.5711638175789286,0.5701074039524404
1591.880864984408,4.261522480850264,0.569169500325713,0.5700643724011334
1592.0934887768788,4.260624164799657,0.5660275411463038,0.5701162892572034
1592.3014006180204,4.259745666760438,0.5660717490472963,0.5701778107511091
1592.473282495983,4.259019341103099,0.56867287146495,0.5702051458663735
1592.6451643739458,4.258292955449364,0.571129093403926,0.5702157931824955
1592.869158134149,4.257346251015943,0.5705850271306383,0.5702186382772959
1593.0805183779728,4.256452848366684,0.5671117769093998,0.5702020693946488
1593.3258525211604,4.255415726650352,0.5658430092302529,0.5701470612923109
1593.5160527235753,4.254611591941897,0.568521774435862,0.570100768873833
1593.7062529259902,4.2538073814409145,0.5711925977455022,0.570079917263172
1593.8951639633817,4.253008546086604,0.570697119188125,0.5700884135333303
1594.078283620117,4.252234128564016,0.5677205036676513,0.5701063168161975
1594.2928552978594,4.251326611019789,0.5657065648304442,0.5701157340050618
1594.544052615763,4.25026406744753,0.5688689132006506,0.5701175721374967
1594.7628400729473,4.249338508776953,0.571710651436273,0.5701295544425841
1594.9798482371493,4.248420378250422,0.5698678800840039,0.5701466436289426
1595.1764703616736,4.247588412261003,0.5663525593290883,0.5701613363803384
1595.3915154704866,4.246678399326968,0.5660652382567659,0.5701816711170754
1595.6065605792996,4.245768287659971,0.5698052968315211,0.5701966491783541
1595.8120676824835,4.244898449705055,0.571769526993966,0.5701713609312534
1596.0345424915452,4.243956691419552,0.5689275089630326,0.570093267050122
1596.2397898890126,4.243087765702267,0.565896214551643,0.5700408740070837
1596.4990061470116,4.241990233959994,0.5682508059021849,0.570115663930575
1596.710149633295,4.241096139067597,0.5716431716825455,0.5702562537039122
1596.9110160560542,4.240245473232292,0.5706858090462708,0.5703462711347551
1597.126614979295,4.239332317364581,0.5665816671546652,0.5703533152350407
1597.3827328464977,4.238247414269495,0.5665606152106526,0.5703223374858397
1597.5604789337733,4.237494406350708,0.570083242108831,0.5702989253996801
1597.738225021049,4.236741329486021,0.5720819812257857,0.5702398466955688
1597.9439766377584,4.2358695125633,0.5696424637695204,0.5701300144521517
1598.1497282544678,4.234997604418226,0.5660335044369151,0.5700955308123424
1598.4415217750761,4.233760922967914,0.5687126836314683,0.5703728731572381
1598.6802393714363,4.2327490496421545,0.5719752567445713,0.570650119119621
1598.9116517802852,4.231768019541419,0.5688816024557227,0.5706549781816334
1599.1204884158574,4.230882592328445,0.5656042762935057,0.5705011947041433
1599.4036205575928,4.229682012400954,0.56940587504354,0.5703753554490055
1599.704976058251,4.228403964476541,0.5717554266559355,0.5703093691799556
1599.9348406442218,4.227428974448143,0.5671473335497935,0.570294298990385
1600.1578311452918,4.226483030404615,0.5661277883797532,0.5705268316634442
1600.3390927137928,4.225714022580378,0.5696136516399386,0.5708544779994273
1600.5203542822937,4.224944940236787,0.5720733970322958,0.5710552207226302
1600.7227648359035,4.224086034785921,0.5696536838169676,0.5709335148300364
1600.9251753895132,4.223227035937671,0.5658728169740477,0.57061030649729
1601.2581319300598,4.221813820850084,0.5702187001561186,0.5704505493522042
1601.5464905426495,4.2205896985498494,0.5714964413319761,0.5705876500298366
1601.7791363595854,4.219601948022586,0.5664489685416543,0.570721340987455
1602.0068191544806,4.218635150743269,0.5667300454345406,0.571064366428386
1602.1824185081962,4.217889431621965,0.5706237549192968,0.5713358270083276
1602.3580178619118,4.217143640786014,0.5721668535573373,0.5713272880890072
1602.5644239260964,4.216266918440054,0.5685476788206023,0.5709073599632886
1602.770829990281,4.215390098600788,0.5657244472698313,0.5705054935311733
1602.9898075018948,4.214459769972003,0.5693491461313542,0.5705828341672255
1603.2087850135085,4.213529332535886,0.5725484199044105,0.570951980886613
1603.41286647061,4.212662088998007,0.5691921635990405,0.5711668890060532
1603.6169479277114,4.211794749010877,0.5654725925768649,0.5713062953862272
1603.8466842908165,4.210818260917982,0.5687461456574819,0.571522888620672
1604.0764206539216,4.209841649128227,0.5724712900385853,0.5714175827335563
1604.2806949837548,4.2089731725634145,0.5692475089234283,0.5709028554520891
1604.484969313588,4.208104599737277,0.5657812738699112,0.5705601485978627
1604.696916368635,4.207203302140186,0.5688666960333846,0.570904858976268
1604.9088634236819,4.2063019007939015,0.5725287856031306,0.5715383431610958
1605.1141358945229,4.205428784992693,0.5695077255441958,0.5717540877371196
1605.3194083653639,4.204555569330692,0.5654738958631561,0.5716235869444674
1605.5355631618042,4.203635953829178,0.5684754933029541,0.5715234916809082
1605.7517179582446,4.202716228219146,0.5727019213088699,0.571339976105469
1605.9772759999496,4.2017563748596185,0.5693366436713327,0.5709132234809192
1606.18280699172,4.200881642718021,0.5657118084785651,0.5708971902899843
1606.3771247851485,4.2000545435518415,0.5686487010911444,0.5715310549774008
1606.5714425785768,4.1992273551201285,0.5724213974889789,0.5721882272455654
1606.7778804931872,4.198348472798434,0.5698280000304109,0.5721346979394604
1606.9843184077977,4.197469487936003,0.565605766025716,0.571564283624039
1607.2160225364985,4.196482802989129,0.5691146571269908,0.5712718004469945
1607.4477266651993,4.1954959913341225,0.5729069188758996,0.5713197074707159
1607.6479958796824,4.194642956024313,0.5688964789274878,0.5713287794628464
1607.8482650941655,4.193789825816473,0.5655301757887996,0.5716341942257227
1608.0350413605677,4.192994088660816,0.5688383722132624,0.5722544706592451
1608.2218176269698,4.192198267104877,0.5725436535520024,0.5725436503470005
1608.4238586432384,4.191337308923158,0.5698174685434996,0.571964570643839
1608.625899659507,4.1904762523364125,0.565762753435237,0.5711722888270935
1608.8429636440003,4.189551063688524,0.569192698243206,0.5712269114181427
1609.0600276284936,4.188625763142038,0.5729364527537729,0.5718674337336039
1609.259022322468,4.187777388220101,0.568992048397334,0.5721486803081521
1609.4580170164422,4.186928917298651,0.5653724410267954,0.572245261807415
1609.638303216809,4.186160132690563,0.5686569070774313,0.5724035336203377
1609.8185894171756,4.185391268783123,0.5727428641558825,0.572284291093004
1610.0223918021732,4.184522019929994,0.5702598190625097,0.5715666970844253
1610.2261941871707,4.183652671080227,0.5658418833297849,0.5711201977362581
1610.4413349984245,4.18273484948837,0.5691541995012582,0.5718613374271599
1610.6564758096783,4.181816915794985,0.572781817083889,0.5728070543216515
1610.852921482675,4.18097864777091,0.5687379833990402,0.5727105908447263
1611.0493671556715,4.180140284642032,0.5654856700238531,0.5721353382564811
1611.2248940974775,4.179391116214538,0.5691046994964788,0.5719038873216991
1611.4004210392836,4.178641872870819,0.5730897639676913,0.5718479048885018
1611.601169184154,4.177784879557331,0.5702102087896912,0.5716808782985904
1611.8019173290245,4.176927788364389,0.565619653415405,0.5718828217418369
1612.0090923963191,4.176043155025488,0.5689970348679751,0.5727919104102275
1612.2162674636138,4.175158415311424,0.5728211282099587,0.5731935099474144
1612.4105363862711,4.174328693289208,0.5689993549854113,0.5723671545444098
1612.6048053089285,4.1734988782863045,0.5657559388015402,0.5714835258983639
1612.7802255458735,4.172749496655521,0.5693839200315106,0.5716215634156752
1612.9556457828185,4.172000040086103,0.573142958925806,0.5722779640207023
1613.1537311919838,4.171153658228129,0.5697973332554951,0.5726652927627521
1613.351816601149,4.170307178835889,0.5653703518894787,0.5727231338263602
1613.5497980154228,4.1694610467851785,0.5691268873306511,0.5728824689507611
1613.7477794296965,4.16861481687465,0.5731768100533502,0.5726077639677547
1613.9402641938411,4.167791987253244,0.5693922944643071,0.5717595852645043
1614.1327489579858,4.166969066710315,0.5657872096731575,0.5715353683115432
1614.3105361676228,4.1662089018059945,0.5693293422074021,0.5724589080818733
1614.4883233772598,4.165448658312888,0.5729585991841833,0.5734178417756449
1614.6823694914542,4.164618797736899,0.5694387844319032,0.5732413266586541
1614.8764156056486,4.1637888421781115,0.5655250908270295,0.5723735742962777
1615.0654285279704,4.162980324478859,0.5695301576811685,0.5720881709544333
1615.2544414502922,4.162171718192954,0.5734498638635743,0.5722245744851153
1615.4454976821853,4.161354279731581,0.5694302485163393,0.572257178702706
1615.6365539140784,4.160536750388521,0.5654819967920011,0.5726186778900942
1615.8162649820465,4.159767683981502,0.5692327055555525,0.5733840008822189
1615.9959760500146,4.158998535611845,0.5730815670751696,0.5735336510269292
1616.1857222588467,4.158186347975842,0.569569006783636,0.5724757874610487
1616.3754684676787,4.157374070095739,0.5658284812568741,0.5715874968720664
1616.5590698121484,4.1565880132329855,0.5696772001559836,0.5721412180374073
1616.7426711566181,4.15580187218972,0.5732683749086195,0.5731982349782586
1616.9311435710497,4.154994784746689,0.5691437600270163,0.5734077973334578
1617.1196159854812,4.154187606789651,0.565400850989922,0.5730151332244753
1617.2974281989284,4.153426001568535,0.569527659421145,0.5728467663615163
1617.4752404123756,4.152664316302831,0.57351820757336,0.5726102969802155
1617.6625630447652,4.151861804900437,0.5697443018696754,0.5720808171250551
1617.8498856771548,4.151059205536125,0.5656686184815708,0.5722401035879282
1618.0301191519713,4.1502868974752465,0.569394010224025,0.5733842514892081
1618.2103526267879,4.149514506308147,0.5731131180211323,0.5740537365376166
1618.3946698779503,4.148724526775331,0.5693444672391705,0.5731926006353705
1618.5789871291126,4.147934460458216,0.5657532016400497,0.5720421657870063
1618.7581215079445,4.147166528867631,0.5698526268953525,0.5721424787265681
1618.9372558867763,4.146398516388815,0.573547204134211,0.5729249078890435
1619.1216394685466,4.145607912725618,0.5693194303268405,0.5732609268656711
1619.306023050317,4.144817221904465,0.5653732232109142,0.5733119294108983
1619.481208756612,4.144065893881444,0.5694648371478946,0.5735042214309775
1619.656394462907,4.143314486771949,0.5735046986594213,0.5732221363512086
1619.8390720992857,4.142530860798268,0.5697968231495231,0.5722404445520729
1620.0217497356643,4.141747150209815,0.5658143493636038,0.5719871942670102
1620.1969740349232,4.140995336616345,0.5695140699528546,0.5731553523157674
1620.372198334182,4.140243444083395,0.5732347731248537,0.5742261378948367
1620.5524532414731,4.139469880926466,0.5694429341479866,0.5737608808318134
1620.7327081487642,4.13869623342055,0.5656276238457955,0.5726244968217828
1620.9105907687538,4.13793268669918,0.5697847824577513,0.5724056691844366
1621.0884733887433,4.137169059210492,0.5737510762366936,0.5728314463457647
1621.2636815044868,4.136416833060831,0.5697620019932627,0.5730319856636955
1621.4388896202304,4.135664527768379,0.565435426709326,0.5733016104498367
1621.6032754066596,4.134958619410744,0.5687272241353322,0.5738733943198239
1621.7676611930888,4.13425264059664,0.5732934439124076,0.5739247610248666
1621.9413485872406,4.133506637466823,0.5709332330084113,0.5728496914569053
1622.1150359813923,4.132760556401276,0.5660999858688733,0.5719272526013467
1622.3217237538754,4.131872621277383,0.5695212556041959,0.5729115153785367
1622.5091744761512,4.131067233583088,0.5733945005594192,0.5742508865810306
1622.686187531412,4.130306606264222,0.5691073887311817,0.5740216675847422
1622.863200586673,4.129545896726551,0.5655642214572423,0.5730697955119793
1623.0323693469113,4.128818822355996,0.5699256890307708,0.572792619381991
1623.2015381071496,4.128091673908567,0.5738839822469378,0.572916322154339
1623.3781950989498,4.127332258577532,0.5698259897717938,0.5728776590927049
1623.55485209075,4.126572762278907,0.5655164435305425,0.573233752631574
1623.7262040788298,4.125835996394151,0.5693572737992488,0.5741518463746165
1623.8975560669096,4.12509915300796,0.5734810517722957,0.5743022596922985
1624.0745603929247,4.124337921470634,0.5698073427383182,0.5729960235699536
1624.2515647189398,4.1235766082956165,0.5659251991131403,0.5720236941916149
1624.4261334614293,4.122825692289663,0.5699990263482599,0.5728876433821742
1624.600702203919,4.122074696858134,0.573568083129277,0.5742004380614693
1624.7784110636487,4.121310109141853,0.5690406224776936,0.5741865464377712
1624.9561199233785,4.120545437760172,0.565542496413491,0.5734197783523289
1625.122534479862,4.119829290374527,0.5701579626539637,0.573170951915122
1625.2889490363455,4.119113070326313,0.5739786621353759,0.5730942623113215
1625.4674640557046,4.118344690680395,0.5695383944689886,0.5728084173100845
1625.6459790750637,4.117576227774303,0.565632446788857,0.573224948864262
1625.8118305964674,4.116862203536816,0.5698681464476243,0.5743534062722013
1625.9776821178712,4.116148105889754,0.5735230853527767,0.5746260173040951
1626.1546103847822,4.115386234001468,0.5693687587964974,0.5732403305174278
1626.3315386516933,4.114624279681128,0.5659959435124614,0.5721642259184645
1626.497677770431,4.11390871593227,0.570419224815571,0.5729345775517838
1626.6638168891686,4.1131930795565195,0.5737154545374066,0.5741806464889144
1626.8402908370165,4.112432845112817,0.5689549828315518,0.5742824784703525
1627.0167647848643,4.111672527448979,0.5655525901654452,0.5736823697127019
1627.1795802077434,4.1109709830503,0.5703136202610833,0.5734957882499225
1627.3423956306224,4.110269368234863,0.5740519397125656,0.5732958982897347
1627.5217480052693,4.1094964094533735,0.5693992652077516,0.572803574654509
1627.7011003799162,4.1087233659561555,0.5657624723786315,0.5732360894427412
1627.8622293234507,4.108028796794384,0.5701899941972052,0.5745008596490074
1628.0233582669853,4.107334157653961,0.5735673750198652,0.5748832551602302
1628.2002284720159,4.106571575322666,0.5691250368297026,0.5734633760469068
1628.3770986770464,4.105808909762563,0.5660834443082429,0.5723095672435438
1628.5373767084463,4.105117719212788,0.5707096005767017,0.5730103076292141
1628.6976547398463,4.104426460421482,0.5738425213914893,0.5741978241103207
1628.874459401272,4.1036638435836,0.5688495982573639,0.5743589201803314
1629.0512640626976,4.102901142519989,0.565612319568815,0.5738770297321787
1629.2100859295183,4.102215944684908,0.5705321191049729,0.5737569341900867
1629.368907796339,4.101530679077341,0.5741174895080311,0.5734831054940909
1629.5480887176625,4.100757489031352,0.5692654820393866,0.5728401814502733
1629.727269638986,4.099984213721422,0.5658879821970512,0.5732870207268443
1629.88427769142,4.099306557870086,0.570454983459469,0.5746376185247382
1630.0412857438541,4.098628834932254,0.573619866393366,0.5750860464080868
1630.2173647490115,4.0978687118395625,0.5689710358824037,0.57364219697103
1630.3934437541689,4.097108505460656,0.5661670364033786,0.5724422847633381
1630.5504826702281,4.0964304340972575,0.5709626987984292,0.5731148945795338
1630.7075215862874,4.095752296582311,0.5739368781822044,0.5742660594102876
1630.883281800172,4.094993235330571,0.5687300222407276,0.5744399973875423
1631.0590420140566,4.094234090156946,0.5656848741664631,0.5740327013888373
1631.214935872872,4.093560682355299,0.5707449016402446,0.5739591185648326
1631.3708297316875,4.09288720856826,0.574180644369279,0.5736397559274639
1631.548850652136,4.092118063219528,0.5691536972712672,0.5729028470500107
1631.7268715725845,4.091348832984029,0.5659929980444239,0.5733695318455592
1631.8817088667602,4.090679710452156,0.5707014104890316,0.5747830973393712
1632.0365461609358,4.090010522047702,0.5736669664404423,0.575245186564464
1632.2106236029003,4.089258100516034,0.5688306927983163,0.5737638747925002
1632.3847010448649,4.088505596857468,0.5662505497027506,0.5725548626274805
1632.541122785578,4.0878293466286335,0.5712440097242559,0.5732485222051141
1632.697544526291,4.087153030106842,0.573979397791039,0.5743878360353044
1632.8701375773483,4.086406715753124,0.5685558911725864,0.5745314503395874
1633.0427306284055,4.085660319809555,0.5657614333647042,0.5741598213196644
1633.1985254534884,4.084986500011647,0.5710302110001052,0.5741094676882189
1633.3543202785713,4.084312613657153,0.5742209657604761,0.5737461073632389
1633.5288519408193,4.083557602418668,0.5689699453490462,0.5729772818511759
1633.7033836030673,4.082802508901079,0.5660833687499921,0.573484053412156
1633.8593027024551,4.082127871146549,0.5710199768422074,0.574959853809583
1634.015221801843,4.081453165927673,0.5736663811096657,0.5753546440103448
1634.1846335911475,4.08071999690564,0.5686147072650753,0.5738106313670477
1634.3540453804521,4.079986749495751,0.5663413755719341,0.5726472263424727
1634.5104201831064,4.07930986030167,0.5715157881276577,0.5733971830310663
1634.6667949857606,4.0786329041854925,0.5739830671656944,0.5745402667238443
1634.8354354752685,4.077902772808477,0.5683975909703732,0.5746362184824362
1635.0040759647763,4.077172562889458,0.565827434129033,0.5742645119890002
1635.160250144946,4.076496262366034,0.5712770416773143,0.5742176058136085
1635.3164243251158,4.075819894339661,0.5742506510611617,0.57382644957065
1635.4872340549193,4.075080064436907,0.5688317663059979,0.5730678139474669
1635.6580437847228,4.074340155054531,0.5661438950110469,0.5736156007494159
1635.8140727320379,4.073664203178756,0.5712272458190951,0.5751225217957991
1635.9701016793529,4.072988183096982,0.5736799548733942,0.5754495435574518
1636.1359861385515,4.072269387022235,0.5685194565364466,0.5738516185332422
1636.3018705977502,4.071550515201514,0.5664076251354317,0.5727246803318168
1636.4563631560495,4.070880943929757,0.5716306206957831,0.5735248656014468
1636.6108557143489,4.070211306720769,0.5740341085379115,0.5746883155180821
1636.7779464960322,4.069486987841757,0.5683849588560667,0.5747579846882503
1636.9450372777155,4.068762591190665,0.5658763595088511,0.5743499974315306
1637.100512387026,4.06808848326435,0.5714210444651028,0.5742927321203682
1637.2559874963363,4.0674143078572085,0.5743072654711627,0.5739042202333673
1637.4246192915,4.066683005656627,0.5687913220945966,0.5731763206052429
1637.5932510866637,4.065951625308154,0.5661793321494454,0.5737601422390443
1637.7482674102523,4.0652792281973404,0.5713386506624734,0.5752687325797672
1637.903283733841,4.064606763146024,0.5737314985359429,0.5755374375456268
1638.067186085164,4.063895675801012,0.5685189757086901,0.573889628118301
1638.231088436487,4.063184513924062,0.5664610112191233,0.5727918008221976
1638.3845231987812,4.062518703739838,0.5717273409646039,0.5736606619144298
1638.5379579610753,4.061852827907274,0.5740693215162304,0.5748553290925018
1638.703210105848,4.061135592279868,0.5683718882352119,0.5748833901827941
1638.8684622506207,4.060418279927309,0.5659231978848847,0.5744177001199274
1639.023044023447,4.0597472157866505,0.5715378103920946,0.5743419542988231
1639.1776257962733,4.05907608438402,0.5743733402218516,0.5739745159449348
1639.344568174603,4.058351212545073,0.5687778846510367,0.573297693914761
1639.5115105529326,4.0576262634351785,0.5662025406547597,0.5739169052334883
1639.6656569242398,4.056956812415195,0.5714312590195879,0.5754100463218024
1639.819803295547,4.056287293609065,0.5737896287931801,0.5756065683619527
1639.9819432413988,4.05558298188,0.5685374405025722,0.573910322807982
1640.1440831872505,4.054878596650489,0.5665112093594016,0.5728542136096922
1640.296580814937,4.054216034497839,0.5718075327868115,0.5738037005104262
1640.4490784426234,4.053553406889934,0.574099752244341,0.5750316825754508
1640.6126188000057,4.05284272273099,0.5683701272328069,0.5750079112155555
1640.776159157388,4.052131962785009,0.565970041375592,0.5744699788092427
1640.929865581494,4.051463873513591,0.5716411767556231,0.5743730521823992
1641.0835720055998,4.050795717203481,0.574442530553108,0.5740410998543215
1641.2490707706831,4.050076224867662,0.5687765682630811,0.5734296324417173
1641.4145695357665,4.04935665591337,0.5662182235969804,0.5740802537229277
1641.5680024357005,4.0486894793565575,0.5715139600822681,0.5755433582956397
1641.7214353356344,4.04802223504367,0.5738519514517376,0.5756586495107697
1641.8819555980606,4.047324096451786,0.5685670565406117,0.5739200737954318
1642.0424758604868,4.046625885274393,0.5665580232759664,0.5729170941023188
1642.1940992973625,4.045966306686807,0.5718734757055827,0.5739522854290819
1642.3457227342383,4.04530666279041,0.5741287509873831,0.5752106356202781
1642.5077272576866,4.044601782075808,0.5683796608319437,0.5751272790701569
1642.669731781135,4.043896826360874,0.5660176602588375,0.5745100688372066
1642.8226503319217,4.0432313397803705,0.5717362539806041,0.5743937337059226
1642.9755688827086,4.042565786321138,0.5745111802000409,0.5741080577971325
1643.1397619275983,4.0418510877394604,0.5687819915486642,0.5735692047605423
1643.303954972488,4.041136313069852,0.566229630514205,0.5742439806726019
1643.456778245692,4.040470965472012,0.5715888222106277,0.5756656366137022
1643.609601518896,4.039805550069898,0.5739183005179629,0.5756979255396663
1643.7686644562084,4.0391128938273555,0.5686054087622988,0.5739265396496005
1643.9277273935209,4.038420165774447,0.566601000146674,0.5729840267680412
1644.0785257298066,4.037763365108206,0.5719275929354873,0.5741032980595702
1644.2293240660924,4.037106499245643,0.5741589885946293,0.5753858220982557
1644.3899856164041,4.036406596943898,0.5683998328784793,0.5752387964349527
1644.5506471667159,4.035706620262895,0.5660660238985666,0.5745423501591026
1644.702886664514,4.03504326926018,0.5718251097820436,0.5744112755079097
1644.855126162312,4.034379851450315,0.5745771791395037,0.5741782650789538
1645.0180949659236,4.033669603955115,0.5687923660078006,0.5737123173027475
1645.1810637695353,4.032959280835356,0.5662394025158972,0.5744022547768101
1645.3333380104398,4.032295503066263,0.5716563238524555,0.5757756218173321
1645.4856122513443,4.031631657403752,0.5739881952638081,0.5757301817676749
1645.6434029424936,4.0309436905778115,0.5686508308231342,0.5739367892210564
1645.801193633643,4.030255652551598,0.5666401572610602,0.5730566271331303
1645.9512104616433,4.029601446873565,0.5719725266285198,0.5742522934387286
1646.1012272896437,4.028947176084037,0.5741927423287,0.5755515065574351
1646.2607435957489,4.02825140233135,0.5684297632228253,0.5753416465429271
1646.420259901854,4.027555554649958,0.5661143840297164,0.5745722515595765
1646.571932252552,4.026893856407768,0.5719083388228997,0.5744321545780645
1646.72360460325,4.026232091333309,0.5746396125202428,0.5742528731496476
1646.8854030058817,4.025526071038048,0.5688076805346853,0.5738538331981734
1647.0472014085135,4.024819975542862,0.5662497896536498,0.5745501434142101
1647.1989577433055,4.0241576356436095,0.5717163923787892,0.575874065511161
1647.3507140780976,4.023495227745342,0.5740604978733048,0.5757621344608037
1647.5074292178942,4.022811103256877,0.5687018336422395,0.5739567515884016
1647.664144357691,4.022126907998741,0.5666760202160341,0.5731345955572728
1647.813424647509,4.021475107204272,0.5720111257411158,0.5743939335841639
1647.962704937327,4.0208232413562275,0.5742317826873083,0.5757028939033068
1648.121267170986,4.020130771261851,0.5684682975930354,0.5754367645519112
1648.2798294046447,4.019438227522881,0.5661614066370213,0.5746058993081194
1648.431042333058,4.0187777152133295,0.5719856753827725,0.5744617999239493
1648.5822552614713,4.018117135948584,0.5746985438850151,0.5743313504791269
1648.7429297151332,4.017415149905099,0.5688288934286263,0.5739879896761393
1648.903604168795,4.016713089057353,0.5662627385254471,0.5746838117964764
1649.054857276169,4.016052125986565,0.5717688856084528,0.5759633754214128
1649.206110383543,4.015391094807033,0.5741334404447576,0.5758007435374702
1649.3619429425205,4.0147099782267235,0.5687569913767647,0.5739910833497488
1649.517775501498,4.014028791127787,0.5667094601552691,0.5732161479311956
1649.6663718507502,4.013379170604613,0.5720462385097127,0.5745225066686577
1649.8149682000026,4.012729485054238,0.5742773962755761,0.5758361684635082
1649.9727521362179,4.012039557498159,0.5685141296632934,0.5755263514940998
1650.1305360724332,4.011349556426255,0.5662053749106436,0.5746496564863921
1650.2813904526665,4.010689790986576,0.5720563111556414,0.5745045988024864
1650.4322448328999,4.010029958372942,0.5747547451305057,0.574411943366502
1650.591848897299,4.009331781343951,0.568857458746854,0.5741088972858186
1650.7514529616983,4.008633529873467,0.5662799744899691,0.5748003609783298
1650.9022117660834,4.007973907082649,0.571813870029697,0.576046873418001
1651.0529705704685,4.00731421607167,0.5742048192043391,0.575852625094318
1651.2080948588844,4.006635351054487,0.56881491758363,0.5740434370870818
1651.3632191473002,4.005956415603798,0.5667414259035658,0.5732987501483318
1651.5111963585757,4.005308696040931,0.5720804425583957,0.5746323950768703
1651.6591735698512,4.004660911436775,0.5743305640326909,0.5759482048329638
1651.816335565896,4.003972847004135,0.5685660474350351,0.5756131015523785
1651.9734975619408,4.0032847090434345,0.5662444292150421,0.5747096703891771
1652.124083891419,4.002625294766719,0.5721189614228738,0.5745642245965985
1652.2746702208974,4.00196581300706,0.5748094133508541,0.5744924776666098
1652.4332768840081,4.001271133365727,0.5688950996773517,0.5742109905422691
1652.5918835471189,4.000576379596846,0.5663031468958001,0.5748973403682716
1652.742160258731,3.9999180455555345,0.5718519003256752,0.576127836297288
1652.8924369703432,3.999259643175357,0.5742722053582481,0.5759236149096547
1653.0469944678925,3.998582413941059,0.5688741657090441,0.5741170577448166
1653.201551965442,3.997905114218923,0.566772603427668,0.5733800808665825
1653.3489890227047,3.9972589526841973,0.5721157496362326,0.5747184385151761
1653.4964260799675,3.99661272604253,0.5743922684972609,0.5760359892890493
1653.6531058042099,3.9959259154757842,0.568623265740428,0.5756992152955206
1653.8097855284523,3.995239031239767,0.5662768252247184,0.5747914675600793
1653.960171724203,3.9945796695041405,0.5721715774968487,0.5746442579932933
1654.1105579199539,3.9939202399031717,0.57486399252358,0.5745714349180276
1654.2682779316683,3.99322857882148,0.5689438545413849,0.5742894115772579
1654.4259979433828,3.9925368438434212,0.5663340898513965,0.5749720560954437
1654.575819608998,3.9918796812996384,0.5718845938115342,0.5762084450395517
1654.7256412746133,3.9912224502753846,0.5743330069786109,0.5760183453723549
1654.8797208747928,3.990546468976172,0.5689329012247388,0.5742155377905943
1655.0338004749724,3.989870417039779,0.5668029835284143,0.5734591768237748
1655.1807869461497,3.989225422456095,0.5721531050297609,0.5747762152661182
1655.327773417327,3.988580362639789,0.5744639685226585,0.5760958458240855
1655.4841091354128,3.9878942001017093,0.5686859191621098,0.575785254960482
1655.6404448534986,3.987207963622687,0.5663012650661187,0.5748995147885715
1655.7906424257585,3.9865486018768803,0.5722105861933503,0.5747489802277167
1655.9408399980184,3.985889171857665,0.5749202400243957,0.5746493091990309
1656.0978610628786,3.985199710399352,0.5690064463898605,0.5743404482549145
1656.2548821277387,3.984510175120875,0.5663752305936215,0.5750208766188827
1656.4043119094601,3.9838539073084562,0.5719158232941361,0.5762887254426019
1656.5537416911816,3.9831975708166203,0.5743842732490628,0.5761395794423814
1656.7073413577587,3.98252284709418,0.5689882309712164,0.5743434754179433
1656.8609410243357,3.981848052570245,0.5668312981862423,0.5735377720961478
1657.007558088773,3.981203868841568,0.5721912346839446,0.5748023526854291
1657.1541751532104,3.9805596197025923,0.5745483835842087,0.5761225902718414
1657.3103484429212,3.9798733062989564,0.5687559287876265,0.5758688725780355
1657.466521732632,3.9791869185094964,0.5663174795223439,0.5750365261841508
1657.6164047165116,3.9785281078506856,0.5722294219123666,0.5748841256300663
1657.7662877003913,3.9778692286076485,0.5749807241751506,0.5747304228853076
1657.922962831106,3.977180417609457,0.5690871479910373,0.5743623088494981
1658.0796379618205,3.976491532553555,0.5664301896524973,0.5750388646985806
1658.2288119208388,3.9758355606046303,0.5719537782453868,0.5763655990876934
1658.377985879857,3.9751795196519057,0.5744222355035274,0.5762870623900083
1658.5309405182566,3.9745067798476956,0.5690351764683312,0.5745066728166045
1658.683895156656,3.9738339692109728,0.5668543412555976,0.573621890844372
1658.8301623748312,3.9731905095866966,0.5722243270871843,0.5747951761478133
1658.9764295930063,3.9725469843782393,0.5746506331572042,0.5761087989244327
1659.1327704561543,3.9718590646994842,0.5688384153144072,0.5759434109427051
1659.2891113193023,3.971171069873608,0.5663273411207529,0.5752022149039406
1659.4382379368,3.970514752993377,0.5722158125282675,0.5750572449814432
1659.587364554298,3.9698583676052683,0.5750497934666083,0.5748256722603682
1659.7444052311544,3.969167073756337,0.5691934967402823,0.5743567145067057
1659.9014459080108,3.9684757049471076,0.5665047271950063,0.5750203041665912
1660.050581088239,3.967819070605175,0.572012413011302,0.5764320812827232
1660.199716268467,3.9671623667332048,0.5744426931163387,0.5764564137006682
1660.351632056008,3.9664933466975394,0.56906658234544,0.574711718399654
1660.5035478435489,3.9658242561435095,0.5668667281973088,0.5737237016089625
1660.6493497794022,3.9651820278146412,0.5722407284186054,0.5747570183188342
1660.7951517152555,3.9645397338533477,0.5747778461067597,0.5760450963376527
1660.9522776799158,3.963847479804756,0.5689420659366212,0.5759962911341062
1661.109403644576,3.963155149249261,0.5663361716635797,0.5753913874355825
1661.256812321682,3.962505566426259,0.5721523653711438,0.5752769763415024
1661.4042209987879,3.961855916038736,0.5751303166733527,0.5749558721408826
1661.562902901252,3.961156507068362,0.5693354217415807,0.5743319477799013
1661.7215848037163,3.960457020993179,0.5666066699821886,0.5749600510847516
1661.8705203761754,3.9598004276992644,0.5720930848856981,0.576473247641164
1662.0194559486345,3.959143764505525,0.5744551731792806,0.5766434946362481
1662.170227505326,3.9584789345719793,0.5690873799728368,0.574968421363163
1662.3209990620176,3.9578140345063155,0.5668649620960314,0.5738629375047263
1662.4663426346128,3.9571730064462014,0.5722453614532976,0.5747040421018391
1662.611686207208,3.9565319127110112,0.5749254717820987,0.5759273419030186
1662.7700312440581,3.955833394807989,0.5690662351784438,0.5760071511015635
1662.9283762809082,3.955134798612376,0.5663477683142244,0.5755919760724685
1663.073281891447,3.954495427436354,0.5720436080075889,0.5755494232571565
1663.218187501986,3.9538559903361885,0.5752023824851082,0.5751468314759421
1663.3795053768224,3.953144051513965,0.5695045834260907,0.5743066936473458
1663.5408232516588,3.9524320324015365,0.5667344258714312,0.5748506306984743
1663.6879044212633,3.9517827809831054,0.5721339680611506,0.5764525766091978
1663.8349855908677,3.9511334608895683,0.5745143605931943,0.5768468729343158
1663.9864949390364,3.950464519108259,0.5691467032664909,0.5752951651917225
1664.1380042872051,3.949795505765117,0.5668548791895399,0.574064063315868
1664.2840883422068,3.9491503820881246,0.572312810688033,0.5746783324032043
1664.4301723972085,3.948505191572298,0.5750541661072793,0.5757735611471243
1664.5879869919545,3.9478081157919793,0.5691755880417924,0.575950099938207
1664.7458015867005,3.947110961698262,0.5663478717526289,0.5757802051239193
1664.8887773575127,3.9464792918934735,0.5718959767134842,0.575871191174898
1665.031753128325,3.945847557263515,0.5752367748128079,0.5754198023961922
1665.1954868073258,3.945124024318405,0.56967809779361,0.5743134846875111
1665.3592204863266,3.9444004080075428,0.5668707705351247,0.5746855832429998
1665.5028910718938,3.9437653916513624,0.5721111849395851,0.5763294728902548
1665.646561657461,3.943130309353284,0.5746344692140217,0.577017448248883
1665.80120268535,3.9424466585325595,0.5692594397819392,0.5756837168864064
1665.9558437132391,3.9417629323234245,0.5668328971274333,0.574350412887265
1666.1007447565826,3.9411222031435753,0.5723115826231165,0.5746926957249536
1666.245645799926,3.940481407701373,0.575231395899817,0.5755717801204246
1666.4054398437377,3.93977467282074,0.569354865894069,0.5758055255987792
1666.5652338875493,3.9390678571317306,0.5663958417835816,0.5759167600252744
1666.7067348825865,3.938441889987214,0.5718262127672723,0.5762208166046697
1666.8482358776237,3.9378158586776952,0.5752159317334962,0.5757775571306307
1667.0124729932636,3.93708915688715,0.5698131817812739,0.574397517123719
1667.1767101089035,3.936362370506483,0.5669895443532692,0.5744773425615525
1667.317838996327,3.935737776249427,0.5720866588494546,0.5760901981907145
1667.4589678837506,3.9351131180307357,0.574773222929515,0.577072692898351
1667.6168313612727,3.9344143128269655,0.5693790866512962,0.5760779886957014
1667.7746948387949,3.9337154281716598,0.5667782402569943,0.5747403471118762
1667.9161153004368,3.933089273014381,0.5721673531012353,0.5748034363500945
1668.0575357620787,3.9324630542285286,0.5754362732320714,0.575371302183454
1668.2230259835153,3.9317301709451824,0.5696262001239,0.575560126066736
1668.3885162049519,3.930997200478671,0.5665227794562729,0.5759621128796334
1668.5297512915,3.9303715895509854,0.5719179558543203,0.5765595851722723
1668.670986378048,3.9297459139971793,0.5751358173592638,0.5761960197804638
1668.8322263733576,3.929031536615022,0.569860236803138,0.5746078853511988
1668.9934663686672,3.9283170769412443,0.5670603797903486,0.5742811769353624
1669.1334281523923,3.927696835806284,0.572044477149793,0.5757334123606146
1669.2733899361174,3.9270765315098517,0.5749485066746352,0.5769532995992024
1669.434558411841,3.92636216024523,0.5695240349947676,0.5764039207948539
1669.5957268875645,3.9256477052755483,0.5666956282255768,0.5752240835227962
1669.737624492106,3.925018609528374,0.5721433387192726,0.5750936608372379
1669.8795220966476,3.924389449069294,0.5755409563551981,0.5752942902341542
1670.0446627916006,3.9236571484296365,0.569847782129613,0.5752397757412613
1670.2098034865535,3.9229247605367714,0.5666256211801174,0.575831093793025
1670.3508164844409,3.9222993086427422,0.571839174588169,0.5767943029133
1670.4918294823283,3.9216737917143947,0.5750643607295717,0.5767014395491135
1670.652623135576,3.9209604500640376,0.5699405101023652,0.5750205281068219
1670.8134167888238,3.92024702564304,0.567103767487837,0.5742209964848668
1670.9536245947268,3.919624872018193,0.5720856432861274,0.5753540184556335
1671.0938324006297,3.9190026547518375,0.5751536712139212,0.5766462771289104
1671.2565887992075,3.9182802892299,0.5696779916531143,0.5765524737132706
1671.4193451977853,3.917557837559271,0.5665931865465414,0.5757419187596371
1671.561907324114,3.916924955696964,0.5720348032598843,0.5755677242806616
1671.7044694504425,3.916292007751753,0.5755850949953729,0.5754067588467237
1671.8690021284633,3.915561431879324,0.5701025458860645,0.5749288957704073
1672.033534806484,3.914830768940006,0.5667795827061801,0.5754991683956395
1672.174590037842,3.914204296626907,0.5717894015117564,0.5768120398877838
1672.3156452692,3.913577758747535,0.5750127983731377,0.5771543260912247
1672.4760555984763,3.9128651688001033,0.5699985931670055,0.5756261067471834
1672.6364659277524,3.912152495388723,0.567062924431724,0.5744119235403701
1672.777841793006,3.9115243208178314,0.5720992091178637,0.575063165613292
1672.9192176582596,3.9108960812291813,0.5753980020975781,0.5761951974990167
1673.0832347361659,3.9101671463676424,0.5699075184731516,0.5764347868669741
1673.2472518140721,3.9094381233998283,0.5665262041960903,0.5761563705052573
1673.389837994498,3.9088042858283187,0.5718428344750741,0.5761815219782958
1673.532424174924,3.9081703813077158,0.5755422728270985,0.5758036327180475
1673.6964662273085,3.907441005498535,0.5703686319388731,0.574790630453634
1673.860508279693,3.906711542541265,0.5669648908893852,0.5750239609915225
1674.0017941278663,3.9060832027982566,0.5717843613264466,0.5765166314061266
1674.1430799760396,3.905454796958729,0.575041475470535,0.5773744555034221
1674.3036349190288,3.9047406049933917,0.5700747001355191,0.5763085789583868
1674.464189862018,3.9040263282381016,0.5669228107158045,0.574930505017014
1674.606242668682,3.9033942947044515,0.5719799431687396,0.5750459514990269
1674.748295475346,3.902762195071319,0.5756385037721451,0.5757475418472772
1674.914645228245,3.9020218943795832,0.5702666196558067,0.5760254893293001
1675.0809949811442,3.9012815026175724,0.5665632420673157,0.5762839271946658
1675.2231171552996,3.9006488718785155,0.5716464502777884,0.5767638231636593
1675.365239329455,3.900016173794013,0.5754083024552362,0.5764756159312727
1675.5281242747683,3.89929096055153,0.5705854948926068,0.5750277611804671
1675.6910092200815,3.8985656604971854,0.5671092933943387,0.5746137327849244
1675.832231799755,3.897936750285936,0.5717568433443577,0.5759254632392606
1675.9734543794284,3.897307773912764,0.5752099068067568,0.5771739785398247
1676.1361692560208,3.8965829912220604,0.57027389245675,0.576810413692519
1676.2988841326132,3.8958581203238163,0.5667253061280111,0.5756837121778875
1676.440639006624,3.895226552853344,0.5717002260007694,0.5754674080076907
1676.5823938806348,3.8945949188601467,0.5757685651812441,0.5755945169248633
1676.751007271531,3.893843520175432,0.5707504902154799,0.5754698437767043
1676.9196206624274,3.8930920275548133,0.5667259748495036,0.5759796781799914
1677.0607395324719,3.892463003677592,0.5714449490138336,0.5770174808387011
1677.2018584025163,3.8918339127786057,0.5752493762045413,0.577215960112174
1677.3642497508274,3.8911099075210043,0.5707663796633494,0.5757405876931471
1677.5266410991385,3.890385814694517,0.567122393886042,0.574617519704121
1677.6671848027809,3.8897590701007694,0.5716135513011865,0.5753251210951219
1677.8077285064232,3.889132259897289,0.5754883801661053,0.5765397814988249
1677.975095521349,3.888385732658373,0.5706953801718873,0.576816312612381
1678.1424625362747,3.8876391112481095,0.5665777202437048,0.5763465466161929
1678.282741213165,3.887013259243023,0.5712976228363624,0.576258489468603
1678.4230198900555,3.88638734119315,0.5756874312235761,0.5760098795033447
1678.5920349142064,3.8856331137324798,0.5712966912286922,0.5751620131395205
1678.7610499383572,3.884878791272681,0.5669680905052291,0.5753093040414875
1678.9003801105516,3.8842568833856514,0.5711814389384853,0.5766398995436416
1679.039710282746,3.8836349099644316,0.5751783640967277,0.5775635343515497
1679.2045848330056,3.882898819090311,0.5710604310706733,0.5766954044157625
1679.3694593832652,3.882162636348801,0.5669548871162076,0.5752608988830579
1679.521992542485,3.8814814796875368,0.5718112444309781,0.5752817279434795
1679.660762888954,3.880861715047452,0.575773628405772,0.5759369454306954
1679.8255228658334,3.8801257920914605,0.5711862911882913,0.5762491777514636
1679.9902828427128,3.8793897775017507,0.5665899690306795,0.5764685416792568
1680.1394079732386,3.8787235289017126,0.5711600127249344,0.5769942801744623
1680.276497010232,3.8781109873995416,0.5754521557515588,0.5768924743340932
1680.4403857432126,3.877378614178787,0.5716912253523299,0.5755625436387383
1680.5826285763226,3.876742897013026,0.5672365624175323,0.5747872327717938
1680.720490394433,3.876126696204767,0.5698892450381098,0.5755264121566563
1680.8578016218137,3.875512893142937,0.5748632232466973,0.5769005509970732
1681.0598586186047,3.8746095473619606,0.5712766680178095,0.5771726803379226
1681.202338806832,3.8739724701111142,0.5667719893013595,0.5763381867319801
1681.3373233651057,3.8733688458269873,0.5695773864275587,0.5759425675326945
1681.472965874564,3.872762217555873,0.5750490601266867,0.5759301391931044
1681.6619440814602,3.8719169527058073,0.5727824287512904,0.5756129688570556
1681.780518702877,3.8713865279206816,0.5679243987690336,0.5755791746617636
1681.888152534926,3.8709050044402393,0.5672174814295121,0.5761167522903744
1682.0350563142094,3.8702477356069824,0.5724205929387345,0.5773068048119603
1682.1689839489472,3.8696484589341655,0.5753197047269043,0.5775857037695544
1682.3117722163875,3.869009464848763,0.5713480075777195,0.5764831210357266
1682.4545604838277,3.8683704010247433,0.5671875681662104,0.5752346138546941
1682.5914008150826,3.867757894224385,0.5701267709403173,0.575240287825966
1682.7223430767397,3.8671717286199594,0.5750706317214513,0.5760787755309897
1682.8937823729589,3.8664041872986257,0.5732060713735262,0.5767550768578744
1682.9941405678837,3.8659548318174095,0.5688400352126473,0.5767359449544871
1683.0944987628086,3.86550544208114,0.566673484355999,0.5767178755256047
1683.2190520229947,3.8649476630659048,0.569675719496225,0.5768866192867499
1683.3436052831808,3.864389830941458,0.5746924471330873,0.5768914214596725
1683.5056761040692,3.863663889000333,0.5740622656479069,0.575997484623358
1683.6128336420961,3.8631838626232464,0.5697131538776816,0.575260622733163
1683.719991180123,3.8627037975419,0.5672605303524592,0.575120494697778
1683.8384734219574,3.862172953334805,0.5696859156167509,0.5759183175345189
1683.9569556637916,3.861642061430464,0.5742074006787632,0.5770919718402102
1684.0884415617882,3.861052845399984,0.5748626795381674,0.5776634914505517
1684.2092231650556,3.860511543624755,0.5704771665472603,0.5771692966703452
1684.330004768323,3.859970191392418,0.5669915221358507,0.5763414917052685
1684.4486818846353,3.8594382236195854,0.5689976650661189,0.5759286649397021
1684.5673590009476,3.858906208020565,0.5739745478237674,0.5759657376242866
1684.6990295572261,3.858315887046124,0.5757984504984119,0.5760169679641898
1684.8334167981625,3.8577133236587073,0.571232343384562,0.5758950375843862
1684.9678040390988,3.857110698250774,0.5670451830921751,0.5761417422261602
1685.087806229901,3.85657252732859,0.569006318324277,0.5769134186080941
1685.2072471068616,3.8560368245322256,0.5737450491804221,0.5776412787747994
1685.3383296334612,3.855448849745905,0.5751863940929842,0.5775071727499363
1685.472088071782,3.854848809053475,0.5707832093113313,0.5763505089552902
1685.605846510103,3.8542487065928506,0.5673313039596646,0.5753416525732199
1685.7330147905498,3.853678114791133,0.570070181226711,0.5754378361409527
1685.8600574044274,3.8531080317403745,0.5748933579129966,0.5762640846888935
1686.0308072675657,3.85234172991686,0.5737813893861194,0.5769913539265978
1686.139744673628,3.8518527799825746,0.5691741358889781,0.576968138554547
1686.2486820796903,3.8513637890129355,0.5668210267820752,0.5769117303631464
1686.3779762302627,3.850783369354663,0.570019983912429,0.5770388133692242
1686.507270380835,3.8502028915485207,0.5750146901926521,0.5770011851333933
1686.695278599492,3.8493587055355514,0.572996607278625,0.5759491078731552
1686.818192753799,3.8488067349743784,0.5683263931408467,0.575335538095557
1686.9298049408567,3.8483054737108806,0.5677917648225116,0.5755693927290011
1687.0769834059429,3.8476444159826046,0.5728290131246697,0.5768489448341262
1687.2156704969152,3.8470214277608115,0.5754885824442554,0.5777547909100027
1687.3677549605295,3.8463381783771853,0.5709720683466187,0.5774105968994173
1687.5198394241438,3.8456548475620065,0.5670598503005905,0.5764964721320764
1687.6577818858264,3.845034989553754,0.5706525222353362,0.5761882634190045
1687.795724347509,3.844415065408691,0.5756397947416898,0.576240509748561
1687.973288265107,3.8436169796789583,0.5729475941276371,0.576063533387742
1688.0857898479733,3.8431112681472444,0.5684264744500207,0.5760570513284694
1688.1982914308396,3.842605513101826,0.5674011133236092,0.5765251697468456
1688.3406310638122,3.8419655574680704,0.572060596807175,0.5775409645077396
1688.4829706967848,3.8413255297546627,0.5755260360626299,0.5779050791992693
1688.6445948695145,3.840598700381114,0.5713782801287698,0.5768490956841219
1688.8062190422443,3.839871778915433,0.5674467236975125,0.5756750600259355
1688.9502077439327,3.8392240994542837,0.5713210030456002,0.5757960911094987
1689.094196445621,3.838576347627946,0.5758439653264354,0.5765548522513482
1689.265054655065,3.8378076231763836,0.5723658946345443,0.5769814032468902
1689.4042211846968,3.837181408956292,0.5673782758524595,0.5770212322344246
1689.5316883800397,3.836607779677001,0.5684276496491194,0.5772608833048379
1689.682527484258,3.8359288981820705,0.5742754009288359,0.577485003505107
1689.831340787275,3.8352590536953435,0.5751811772460659,0.576885229849078
1689.972081256326,3.8346254734582383,0.5701666277506549,0.5758544161904853
1690.112821725377,3.833991824142883,0.5676860162695939,0.5755549605735124
1690.2523182654734,3.8333637081307748,0.5716872946163678,0.5764149680431206
1690.3918148055698,3.832735523266849,0.575645245145963,0.5774938227484694
1690.568452291401,3.8319399823736373,0.5717310681286004,0.5776557804620844
1690.7450897772321,3.831144329497001,0.5671392880642365,0.5769981781469986
1690.9046589670627,3.830425465920019,0.5717726692336705,0.5767916263125494
1691.0557896613727,3.8297445343739236,0.5760967665901711,0.5766221766941716
1691.2288899651408,3.828964515148401,0.5718974404753369,0.5760567972726537
1691.4019902689088,3.8281843897754584,0.5675050848675234,0.5761865965307159
1691.5545360959907,3.8274968125650237,0.5715624968734078,0.5773090572906517
1691.7070819230726,3.8268091518175282,0.5755794470015806,0.5781316177657433
1691.8768742404527,3.826043644710737,0.5715819650736048,0.5775285968615871
1692.0466665578329,3.8252780337402883,0.5674568947534006,0.5764047156622286
1692.2019041274655,3.824577963427589,0.5717464641727641,0.5762353288099884
1692.357141697098,3.8238778072992563,0.5761676854791202,0.5765611942419606
1692.5300117721492,3.8230980211146437,0.5720308323506463,0.5766627916775608
1692.7028818472004,3.822318127736757,0.5673067857604147,0.5769731806532515
1692.8734961386529,3.821548307898209,0.5718536536268076,0.5778239450408533
1693.0304888998958,3.820839855674522,0.5757195509018482,0.5779851996887111
1693.2002231262531,3.82007380294656,0.5714445457900684,0.5768793712565947
1693.3699573526105,3.8193076466271654,0.5677807485896964,0.5759193652667985
1693.5271439449766,3.8185980386637612,0.5722378064186574,0.5762955379725753
1693.6843305373427,3.8178883419655945,0.5760684601247907,0.5771388294232156
1693.856202004556,3.8171122386823924,0.5714843899775836,0.5774315985524817
1694.0280734717694,3.816336028220218,0.5672691986146112,0.5774397925002248
1694.1874590520526,3.8156161128914583,0.5717301664307349,0.5776783765224025
1694.346844632336,3.8148961048871084,0.5759735961451246,0.5774880448136339
1694.5206219262095,3.814110976234206,0.5718275215145906,0.5764602872079487
1694.6943992200831,3.813325738703198,0.5678792201865662,0.5759776375859766
1694.855571573707,3.812597363389855,0.5722151898954105,0.5768418108716015
1695.016743927331,3.811868893699202,0.5758700510999876,0.5778641115529218
1695.1876703212101,3.8110962313096626,0.5713101833404997,0.5778921015331943
1695.3585967150893,3.8103234618512687,0.5674052725860149,0.5773976580853374
1695.5209916987142,3.809589166607668,0.5720345685340407,0.5772567903935003
1695.683386682339,3.808854774915898,0.5762156404639635,0.5770435979206416
1695.8585067726556,3.8080627269489535,0.5718538037753426,0.5764216275787948
1696.0336268629721,3.8072705678376555,0.5678451772294701,0.5764543668903603
1696.1972683459346,3.8065302338678335,0.5721818480698265,0.577519186558407
1696.360909828897,3.805789801306697,0.5757497160473138,0.5783448032967438
1696.5329955680118,3.805011051509115,0.5712479515138235,0.5779284188749029
1696.7050813071264,3.804232192537345,0.5676679605978875,0.5770813512220997
1696.869449221142,3.8034881651711676,0.5724063793487919,0.5768880457509714
1697.0338171351577,3.802744038668968,0.5763352471139921,0.5769325393568491
1697.2099031193468,3.8019467498215698,0.5717266455817902,0.5767576183437203
1697.3859891035358,3.801149347605846,0.5677627312746545,0.5770611075340436
1697.5514986885394,3.800399738712339,0.5721813668751815,0.5780171325756541
1697.717008273543,3.7996500277748586,0.5757611138531291,0.5784807026927018
1697.8914229001502,3.7988598664667235,0.5713172275179893,0.5777076631972071
1698.0658375267576,3.798069592600085,0.5679424854778555,0.576774095512348
1698.2314556603696,3.7973190743866665,0.5726734509451975,0.576771441291281
1698.3970737939817,3.7965684549473684,0.5763353262361531,0.5771409725079781
1698.5744185966075,3.7957645726085034,0.5715764518002935,0.5772541561942742
1698.7517633992334,3.794960574026071,0.5677118107075706,0.5775660667015655
1698.9189750444846,3.7942024096487383,0.572235268395866,0.5782558271722527
1699.0861866897358,3.7934441401499153,0.5758687424177006,0.5783912059238033
1699.263377716425,3.7926404991420046,0.5714593255019785,0.5774558818669577
1699.4405687431145,3.791836741551911,0.5681574583146106,0.5766415736525766
1699.607404630875,3.79107985227283,0.5728090836174901,0.5769010290931201
1699.7742405186355,3.7903228594430765,0.5762726482519155,0.5775113024907301
1699.9532656373412,3.7895104415421694,0.5714689651505567,0.5777255978557473
1700.132290756047,3.788697903870246,0.5677248556381288,0.5778977803208105
1700.3012026544327,3.787931158930557,0.5723310975257537,0.5783126181902221
1700.4701145528184,3.78716430591571,0.5760105578878141,0.5782388052475829
1700.65011023625,3.7863470117568494,0.571617950319546,0.5773077994490478
1700.8301059196815,3.7855295967196114,0.5683019434741604,0.5766964700482254
1700.998619821037,3.7847642171425244,0.5728548100662829,0.5771709482759372
1701.1671337223925,3.7839987309128857,0.5761989349195619,0.5779007572956941
1701.3481219680223,3.7831764569281208,0.5714222293212899,0.57809400179939
1701.529110213652,3.78235405924804,0.5677934503035055,0.578094417475153
1701.6997863455138,3.781578407916548,0.5724371429134737,0.5783017198165578
1701.8704624773754,3.7808026454869563,0.5761413098828068,0.5781327341249
1702.053144843479,3.7799721865696747,0.5717703913901626,0.5772944080167228
1702.2358272095826,3.779141602338289,0.5683978769860232,0.576874226087564
1702.4066517092126,3.778364820450637,0.5728560822984458,0.5774771376064832
1702.5774762088427,3.777587927865948,0.5761435045428683,0.5782344791083242
1702.760601532406,3.776754965818937,0.5714320348149752,0.5783623769369194
1702.9437268559695,3.7759218758912607,0.5678919472377929,0.578228106816717
1703.1163608217464,3.775136399527041,0.5725261760756177,0.5783087543198008
1703.2889947875233,3.7743508086991198,0.5762404820087994,0.5781164829172353
1703.4742328764291,3.7735077316463936,0.5719131055091362,0.5773898912067522
1703.659470965335,3.77266452473569,0.5684735724818469,0.5771045384398026
1703.8331554158176,3.771873794957241,0.5728434149591042,0.5777569712563405
1704.0068398663002,3.7710829496110363,0.5761164002512387,0.5784932232815412
1704.1923118354268,3.770238300185701,0.5714851729880072,0.578565665786727
1704.3777838045535,3.769393518327507,0.5679967035403959,0.5783586498862152
1704.552679887967,3.7685967885656178,0.5725848446047238,0.5783774266083443
1704.7275759713807,3.7677999403987594,0.5763034379120562,0.5781930030233287
1704.9153595079813,3.766944241011959,0.5720449466159536,0.5775573262094088
1705.1031430445819,3.7660884069813148,0.568550976070465,0.5773430579411252
1705.2799903277626,3.7652822952927947,0.5728357314739059,0.5779870189813494
1705.4568376109432,3.7644760626467457,0.5761173487866728,0.5786843894381505
1705.6450774861264,3.7636177551100145,0.5715649810025075,0.5787358250067512
1705.8333173613096,3.7627593098484913,0.5680947813197591,0.5785178381106278
1706.0107023010153,3.761950244088558,0.5726122221505094,0.5785203161217986
1706.188087240721,3.761141055440257,0.57633070550183,0.5783516941781508
1706.378707371875,3.7602713511701236,0.5721593398519073,0.5777728785788819
1706.569327503029,3.7594015068036843,0.5686417695582751,0.5775749758785265
1706.7492815098954,3.7585802089843927,0.5728465119735952,0.5781682034619189
1706.9292355167618,3.75775878476823,0.5761438850310889,0.5788200171027462
1707.1209751283473,3.756883420126626,0.5716582976628407,0.5788868278094425
1707.3127147399327,3.7560079111933975,0.5681838487559474,0.5787103295501613
1707.4926292783357,3.7551862689910025,0.5726153934777248,0.5787311505307295
1707.6725438167387,3.7543644990797898,0.5763214325746926,0.5785818040897093
1707.8665829125,3.753478068283484,0.5722436988397448,0.578031478099482
1708.0606220082614,3.7525914907861297,0.5687456983372158,0.5778085247682575
1708.243307737858,3.751756656865439,0.572882434140694,0.5783152570931283
1708.4259934674546,3.7509216915032937,0.5761950592645751,0.5789092816637856
1708.6220528659424,3.7500254508547157,0.5717676583047934,0.5790145210947227
1708.81811226443,3.7491290578418717,0.5682680146829276,0.5789190126905013
1709.000687436165,3.7482941815207287,0.5726003320826317,0.5789889128104431
1709.1832626079,3.7474591721786155,0.5762728761217356,0.5788711963562713
1709.3812735321444,3.7465534135995244,0.5722845652545555,0.5783406506528017
1709.579284456389,3.7456475004760623,0.5688494127351827,0.5780674310066193
1709.764435842638,3.7448002845128197,0.5729397172917431,0.5784551344512879
1709.9495872288871,3.7439529322912444,0.5762686669477198,0.5789652159440786
1710.1504863533728,3.7430333508274813,0.5719036412025413,0.5791061762732739
1710.3513854778585,3.7421136078054027,0.5683586972459103,0.5791109948963493
1710.5370031080433,3.741263685131202,0.5725715666039013,0.5792556182211926
1710.7226207382282,3.740413623260349,0.576185709600014,0.5791951696954275
1710.9250079608375,3.7394866003787692,0.5722729259933211,0.5787042545833304
1711.1273951834469,3.738559413934165,0.5689289835911752,0.578380412126138
1711.315345513041,3.7376982241931294,0.5730067884774676,0.5786272734840701
1711.503295842635,3.7368368926326423,0.5763538785519347,0.5790173668620269
1711.7090192091996,3.735893943700392,0.572063010580629,0.5791596263788313
1711.9147425757642,3.734950823738784,0.5684758724257071,0.5792518230815793
1712.1038860440447,3.734083565161904,0.5725465598009063,0.5794791761787178
1712.2930295123251,3.7332161602105978,0.5760728041919717,0.5795046025585251
1712.5001238636983,3.7322662610580672,0.5722089292377024,0.5790989008684226
1712.7072182150714,3.731316188123227,0.5689587733350154,0.578758544651226
1712.8986418606307,3.7304378567048406,0.573052521884632,0.5788682974175305
1713.09006550619,3.7295593764538606,0.5764246522968062,0.5791111147181334
1713.300357067042,3.72859413083957,0.5722344808067387,0.5792030021173817
1713.5106486278937,3.72762870483666,0.5686366910031984,0.5793326734895542
1713.7037517019116,3.7267420338470285,0.5725509493385629,0.5796154065976759
1713.8968547759296,3.7258552084235035,0.5759642900181737,0.5797334480352269
1714.108926938884,3.724881084576858,0.5721183185771326,0.5794609521559221
1714.3209991018384,3.72390677557729,0.5689279738017913,0.5791658473661315
1714.5162331811753,3.7230096659794665,0.5730234822248252,0.5791783137989328
1714.711467260512,3.7221123994098493,0.5764412770823152,0.5792809560045242
1714.9263376876654,3.7211247004196037,0.5724104061530756,0.5792889071157102
1715.1412081148187,3.7201368111784316,0.5688343407349641,0.579390259923686
1715.33879717763,3.719228210625053,0.5725935500591269,0.5796640295511468
1715.5363862404415,3.7183194465716327,0.5758969276203583,0.5798375748549157
1715.7536440019653,3.7173200263933195,0.5720533135294097,0.5797106449135835
1715.970901763489,3.7163204087386617,0.56885829798761,0.579516425903208
1716.1705222859844,3.7154017723935286,0.5729079504056294,0.5794945469792462
1716.3701428084796,3.714482969317778,0.5763727109512073,0.5795071559738143
1716.5896965179677,3.713472220963858,0.5725418758052174,0.5794477756804548
1716.8092502274558,3.7124612715744885,0.5690331857454423,0.579484181519871
1717.0126235948917,3.711524650608473,0.5726883916506449,0.5796795692149065
1717.2159969623276,3.710587854562724,0.5758857761354944,0.5798356974773434
1717.4382645161145,3.709563819514411,0.5720182399694334,0.579809995698015
1717.6605320699014,3.70853957466403,0.5688053201190585,0.5797262793265959
1717.8663447242006,3.7075909749710014,0.5728035881746966,0.579715981949047
1718.0721573785,3.7066421949601738,0.5762334548835546,0.579701926780242
1718.296151699479,3.705609388569835,0.57252727712208,0.5796378801225736
1718.520146020458,3.70457637006054,0.5691966621938132,0.5796310593697479
1718.7310413970367,3.703603572516441,0.5728685586314664,0.5797150808764198
1718.9419367736155,3.702630584390609,0.5759004760312609,0.5797881121957988
1719.1687240301956,3.701584057491253,0.5719366775502271,0.5797932620976732
1719.3955112867757,3.700537309332156,0.568821374004467,0.5797796179559074
1719.6093989076624,3.6995499027461407,0.5728404037124463,0.5797810431473136
1719.823286528549,3.698562297930757,0.5760741298113738,0.5797783302027022
1720.0516844579283,3.6975074688396106,0.5723270872022145,0.5797758391977381
1720.2800823873076,3.6964524161890497,0.569329986624327,0.5797771627192072
1720.4980571655105,3.695445308766418,0.5731174888418231,0.5797550383425087
1720.7160319437135,3.6944379947381183,0.5758852234661501,0.5797185507820548
1720.947763701757,3.6933668724613575,0.571786275559504,0.5797111655396648
1721.1794954598004,3.692295516466988,0.5689147033970037,0.5797197517833312
1721.3997568961981,3.6912769793149156,0.5729756804909613,0.5797068747692155
1721.620018332596,3.6902582283736036,0.5759459670460885,0.5797270365626384
1721.8540969785931,3.689175330310964,0.5721355955197516,0.5798244215871343
1722.0881756245903,3.68809219429698,0.5694595638773816,0.5798621458291573
1722.3109454237863,3.6870611714285237,0.573291564623418,0.5797396023980661
1722.5337152229822,3.6860299293447465,0.575825082773401,0.5795911314341392
1722.7716773669365,3.6849281095109285,0.5716945865107607,0.5795670511619716
1723.0096395108908,3.6838260401538108,0.5690461680227744,0.5795905394535835
1723.2352045971886,3.682781160026581,0.5731065459870738,0.5795604423082722
1723.4607696834864,3.681736052362368,0.5759027366020129,0.5796104802754047
1723.7013691161237,3.6806210296681092,0.57210178778741,0.5798114070142666
1723.941968548761,3.6795057522411008,0.5695808045730226,0.579862539862086
1724.1704321218895,3.6784464992889694,0.5733447903864416,0.5796054101565834
1724.398895695018,3.677387012054355,0.5757075619772115,0.5793379298083515
1724.6437940350713,3.67625104155973,0.5716400085971035,0.5793424853146706
1724.8886923751247,3.675114803360846,0.5692345407572684,0.579451435064732
1725.1191228238106,3.6740454522442803,0.5732850361863373,0.5794476124691378
1725.3495532724965,3.6729758606451446,0.5759649577571706,0.5795193881522518
1725.5962839287433,3.6718303353248483,0.5721995613576959,0.579753385761099
1725.8430145849902,3.6706845384244393,0.5696398702531965,0.5797171416115229
1726.0811843201016,3.6695782458576955,0.573287526000208,0.579260625160373
1726.319354055213,3.668471694434797,0.5755386053375655,0.5789283410184645
1726.5729131037633,3.6672933508259598,0.5715954687785209,0.5791439666306787
1726.8264721523137,3.666114717131828,0.5696240602090316,0.5794798813587697
1727.0566591347201,3.665044480118534,0.5735771907029572,0.5794796186347265
1727.2868461171265,3.6639740003300507,0.5760549449999921,0.579407218635539
1727.5383603605082,3.6628040538111213,0.5723484118582036,0.5794624837575728
1727.78987460389,3.6616338202688654,0.5695405739495586,0.5792824964757558
1728.0501179169632,3.6604226773339827,0.5732599726712694,0.5787533144599957
1728.3103612300365,3.6592112203783365,0.5754831609799956,0.5786920368664676
1728.5816424428267,3.6579480390649644,0.5714767343045601,0.5793930205633342
1728.845557216092,3.6567188384980644,0.570377857589179,0.5797134759824959
1729.0667810329378,3.6556882348737094,0.5739952268957728,0.5792825049755415
1729.2880048497836,3.654657403040517,0.575819602022361,0.5787773216622292
1729.5490475628442,3.6534407270163216,0.5720778101137732,0.5787425820177837
1729.8100902759047,3.6522237368564037,0.5696374302630627,0.5789253029280492
1730.0755191367532,3.650985984439682,0.5736100358003263,0.5788505333409012
1730.3409479976017,3.649747901677768,0.575918055569162,0.5790019962914559
1730.6166931999985,3.648461340956615,0.5719351634969786,0.5794511899205198
1730.8851184491211,3.647208597980118,0.570270984770235,0.5791451056172413
1731.113650049325,3.646141782441885,0.5734769376147588,0.5783135416794689
1731.342181649529,3.6450747198105846,0.5755499787664073,0.5780034022228429
1731.6055496520496,3.643844684177456,0.5726812307110577,0.5788564952372791
1731.8689176545702,3.642614324248956,0.5703642912089915,0.5796349862501554
1732.171769422563,3.641199121364093,0.5741002582573788,0.5789183585395978
1732.474621190556,3.6397834822953605,0.57534728829894,0.578090729147805
1732.7637789381156,3.638431438298856,0.571036435295449,0.5785394645951785
1733.0529366856751,3.637079007298149,0.5710202015911815,0.5788862615060276
1733.2822277549737,3.63600630749226,0.5747242862774827,0.5786409600266773
1733.5115188242723,3.6349333534483588,0.5760366988219598,0.5785814175328098
1733.7892816425767,3.6336332330902286,0.5723372730507319,0.5789554957262344
1734.0662749359587,3.6323363535440123,0.5704183931958257,0.5786700651118951
1734.314509693969,3.6311738210856124,0.5734746597631704,0.5778292986494524
1734.5627444519794,3.6300109920048538,0.5757894850293686,0.5778449612292965
1734.831920091332,3.628749722799875,0.5734638701573267,0.5791392471840716
1735.1010957306846,3.6274881071922565,0.5710021141191799,0.5795810098289187
1735.399206887083,3.6260904800869023,0.5734185662180384,0.5778750296132379
1735.6973180434813,3.6246924238135763,0.5753377428512936,0.5770901778307442
1735.9838325060957,3.6233483364749506,0.5726938544061555,0.5788451782001084
1736.2645237297154,3.622031186893383,0.5714880886032302,0.5797575314490925
1736.518819104055,3.620837582405801,0.5739941142991262,0.5783213033470908
1736.7731144783945,3.6196436623343815,0.5755752934127873,0.5769732175483627
1737.031589394057,3.618429786308139,0.5734204271396842,0.5778080982055039
1737.2900643097194,3.6172155850815706,0.5712196186253303,0.5793054073317034
1737.6107011353777,3.615708938614835,0.5736966903903986,0.5785622240360696
1737.9017526262444,3.6143408775173933,0.575973175040415,0.5772100359637315
1738.1874656189477,3.612997491926713,0.5735606739252171,0.5781209164247202
1738.449210699523,3.6117664491492127,0.5712659480049577,0.5791395229994767
1738.782431680855,3.610198771595397,0.5737726229627527,0.5777735745929329
1739.134859963331,3.6085401345680075,0.5758620874609341,0.5773380539270162
1739.445688799376,3.607076752930345,0.5730038846082074,0.5793050328217313
1739.7440414843804,3.605671666941735,0.5719886457768304,0.5786996005513285
1739.970509952771,3.6046048335845677,0.5737892056528879,0.5767721824273242
1740.1884484546158,3.603577941413975,0.5753425997721214,0.5763577836904399
1740.452420544625,3.6023338203939375,0.5747789280712902,0.578670187307122
1740.7153023967032,3.601094489338646,0.5731236271801502,0.5801882265075186
1741.0552648615608,3.599491269367119,0.5734704899045265,0.5770208997877089
1741.3754019931437,3.5979810179008083,0.5746143212282188,0.5758380745027165
1741.6551010439455,3.59666110642259,0.5741584989766475,0.5791865695383787
1741.9348000947473,3.595340803319862,0.5738524309029597,0.5803102620149199
1742.1357908305638,3.594391798728645,0.5742850379864689,0.5780519742795537
1742.3367815663803,3.5934425901706746,0.5746228086293412,0.5756386191811673
1742.5563140769734,3.592405578412055,0.5742353459627021,0.5758646964068656
1742.7758465875665,3.591368321054135,0.5735163454652972,0.5786531120812686
1743.1073835638647,3.589801405309362,0.574063222125159,0.579836373443129
1743.2917758019464,3.588929689842065,0.575047736622272,0.577682860544723
1743.4761680400281,3.588057798854725,0.5755283738104144,0.5757862458606389
1743.6790116318502,3.5870984552149685,0.5749265289837646,0.5761896772019561
1743.8818552236723,3.586138898229067,0.5737164417611609,0.5785673465873926
1744.2274337503634,3.584503655829728,0.5735238372585293,0.5791935790740176
1744.4217896937735,3.583583721773422,0.5746712375162181,0.5768534472735116
1744.6117265703294,3.5826845156282894,0.5755745885972985,0.575524334781715
1744.8051792593853,3.5817684684117808,0.5755478310946316,0.5768028357794922
1744.9986319484412,3.5808522237659943,0.5747654507508416,0.5793600432763168
1745.2539407138079,3.5796427175639747,0.5739556997310787,0.5798627092306425
1745.4195123437196,3.578858158123078,0.5740443999781505,0.5777328315095741
1745.5850839736313,3.57807345879029,0.5744401764240272,0.5754552287240455
1745.7843035719727,3.5771291016325435,0.5748318666834412,0.5752081453765394
1745.9827303121178,3.5761882958538393,0.5748969010959906,0.5779277562301256
1746.1905688756751,3.575202645305656,0.5748952946158266,0.5804980397278983
1746.4109615044574,3.5741572139012177,0.5751338100637736,0.5794024067373681
1746.5847318846875,3.573332755832166,0.5753271549146515,0.5766412363321417
1746.7442631290912,3.572575714643277,0.5752467952121315,0.5749751614270494
1746.9331242288245,3.571679316086926,0.5747684474068928,0.5758829917092352
1747.1219853285577,3.5707827301767883,0.5742531485819208,0.5787099543200896
1747.3844892880377,3.5695362327380185,0.5744252997414604,0.5798927761712432
1747.5662298186714,3.5686730316994035,0.5751524052018312,0.5776331947627803
1747.7479703493052,3.567809655614025,0.5758107401259482,0.5753998669275479
1747.9508857025912,3.5668454744607763,0.5758966804317245,0.575963007667595
1748.1538010558772,3.5658810693799876,0.5753569774410832,0.578982581719182
1748.4377156837372,3.5645313284268947,0.5747361503190651,0.5797948009023988
1748.6183118763813,3.563672547914386,0.5748176476494332,0.5770137968933273
1748.7989080690254,3.5628135952359274,0.5750708988528844,0.5746956719247834
1748.9997047000204,3.5618583600205267,0.5752446410691958,0.5757011936059256
1749.2005013310154,3.5609029080917938,0.5753084916039577,0.579179811680588
1749.4876364944664,3.5595362562349715,0.57563745856742,0.5799520574254349
1749.6780400426765,3.5586297641825126,0.575919783997092,0.5768473774308304
1749.8684435908865,3.557723072872439,0.5759069568776973,0.5748235604748168
1750.0736791757101,3.556745528060225,0.5754734078730588,0.5765827528617885
1750.2789147605338,3.5557677547048674,0.575011366206117,0.5797161469601299
1750.540064672807,3.5545232739658035,0.5750993976933076,0.5788520702400003
1750.7220245528085,3.55365594962136,0.5755333703667783,0.5758333041350588
1750.8941509013268,3.552835330865628,0.5758883996155264,0.5747220028573335
1751.1101048223286,3.5518055293169253,0.5760005557984761,0.5775441547806671
1751.3260587433303,3.550775468434415,0.5759052726336202,0.5806780120066459
1751.591292023432,3.5495100021063486,0.5758899549233604,0.5782421579474073
1751.8298815278893,3.548371324106285,0.5758450714457878,0.5745636891266248
1752.0629424342276,3.5472587254002454,0.5755965772976148,0.5764235221571921
1752.2764450912737,3.546239232701227,0.5754516071604312,0.5799611747182285
1752.543374389229,3.54496427486494,0.5757568396112386,0.5785626542384098
1752.7670396810142,3.543895659247402,0.5761622762874985,0.5750343120264961
1752.9840183739493,3.5428587182089983,0.5762802034381299,0.5760391003856519
1753.2054292578011,3.541800317598812,0.5761339392900054,0.5800293833808671
1753.5182574472092,3.5403044468245493,0.576003232026427,0.5784653178905795
1753.7553915836158,3.5391701600179193,0.5759948392493816,0.5744417384458911
1753.9799795910826,3.538095591488141,0.575913794702748,0.5761348752018708
1754.1963196256945,3.537060217940496,0.5758815759062351,0.5800749157815231
1754.474357228754,3.5357291837557914,0.576101289239169,0.5784499638544818
1754.7139802719596,3.5345816953807536,0.5763144237731841,0.5747878442524657
1754.9474039460558,3.5334635705257527,0.5763099087502769,0.5771116755761698
1755.1631191878316,3.53242998748651,0.5762062599007847,0.5806949442296937
1755.4438088971435,3.531084682837101,0.5761605953658603,0.5776886269536323
1755.7564952735152,3.529585488181823,0.5761548598116967,0.5745309520800036
1755.9847758454491,3.528490625384548,0.5761331321955595,0.5788511680680377
1756.213056417383,3.5273954633852806,0.5761661186444168,0.5804440713377345
1756.407657779251,3.5264616375329356,0.5762222783791101,0.5770957362209653
1756.6022591411188,3.525527587749705,0.5762534853736023,0.5746607381490203
1756.8104467772412,3.524528074477905,0.5762499067365958,0.5773583323594826
1757.0186344133635,3.523528301977934,0.5762420016139986,0.5808552306274126
1757.3026030349968,3.5221641969224353,0.5762427927089471,0.5772423967761994
1757.5868679689788,3.520798192014408,0.576245530079679,0.5744751583333081
1757.81152644756,3.519718281454293,0.5762566785400126,0.5789537512461267
1758.0358825992387,3.5186395281284555,0.5762241091399566,0.5804901415348172
1758.2285370717464,3.5177129657196193,0.5761397609198452,0.5769320310194475
1758.421191544254,3.516786178900548,0.5760717915556084,0.5745993330323278
1758.6258167624337,3.515801556062089,0.5760952872866968,0.5776473554327035
1758.8304419806134,3.5148166775625147,0.5761755198292788,0.5810310941627373
1759.1143244082673,3.513449909264366,0.5762102206610885,0.5767582483600421
1759.3729738576612,3.5122042033056635,0.576230091604,0.5744410966153701
1759.5973428607483,3.511123271377672,0.576280422791047,0.5791485149512331
1759.8175140574913,3.510062269290915,0.5761859423601454,0.5804490758924262
1760.00892251467,3.509139636361359,0.5759681465594642,0.5766270165326578
1760.2003309718489,3.50821677736857,0.575818197871518,0.5745640315349897
1760.401168485939,3.5072482108396916,0.5758802791173038,0.5780582324082641
1760.6020060000292,3.5062793934805536,0.5760364803358426,0.5811590720825857
1760.838294212479,3.5051392482451513,0.5760932916909526,0.5773249158791195
1761.0745824249288,3.503998759576074,0.5761186794692866,0.5740343363201575
1761.2777486364728,3.503017865411218,0.5762153519447776,0.5778490475578079
1761.4809148480167,3.502036718488302,0.576166652302462,0.5809214117556248
1761.6963584100536,3.500996003956107,0.5758228723720676,0.5775013948554589
1761.9118019720904,3.4999549991497814,0.5755332492924907,0.5744422953728318
1762.1022170876315,3.499034684325236,0.5756097127657941,0.5776308641368076
1762.2926322031726,3.4981141399996596,0.5758409212985505,0.5811308499774198
1762.5233767208147,3.4969983225326513,0.57594824418003,0.5778832450436079
1762.7541212384567,3.495882172160689,0.5759665395531106,0.573865040001267
1762.9463682932828,3.494951985941807,0.576083588480594,0.5770568256339231
1763.138615348109,3.49402156928569,0.5760669548360177,0.5808715602821768
1763.3501936783846,3.4929973285831646,0.5756619752302988,0.5783727901092679
1763.5617720086602,3.491972804109359,0.5752460092550531,0.5743879409461402
1763.7409496043313,3.4911049481435557,0.5752958951009226,0.5765096457184458
1763.9201272000023,3.49023688559003,0.575609100825344,0.5806309930870452
1764.1305702278596,3.489217090209217,0.5758282070031633,0.5794758894815154
1764.341013255717,3.488197014274495,0.5758088115977512,0.574332696108138
1764.5306708397907,3.4872774503157746,0.5758677796394286,0.5750328449886548
1764.7203284238644,3.4863576581855504,0.57592222920201,0.5798558127007151
1764.9417077287048,3.4852837352064876,0.5755490357943834,0.5798815420031682
1765.1614829093337,3.4842172831149543,0.5749847616159143,0.5748141460632786
1765.3766311547547,3.4831729782278082,0.5750441163720501,0.5761052257797092
1765.5770561121321,3.482199867127822,0.5755434792541397,0.5807147494835023
1765.7940807101,3.481145869246939,0.5757878060630681,0.5787908742973226
1766.0111053080677,3.4800915696990735,0.5756679969100825,0.573791046417863
1766.2039434985757,3.479154513037569,0.5756542360204986,0.5759779681266168
1766.3967816890836,3.478217216953541,0.5755827085319208,0.580743089089653
1766.6037022815265,3.4772112057686795,0.5750945210109286,0.5791260172166854
1766.8106228739694,3.4762049146870257,0.5746578391575107,0.574380124593336
1767.0075226426065,3.475247094055878,0.574959914323977,0.5762566720459766
1767.2044224112437,3.4742890187195146,0.5756166581056045,0.5807078474037985
1767.4322174169017,3.4731802996499064,0.5757675134097042,0.5778995656489496
1767.6600124225597,3.472071244839148,0.5754004062336667,0.5735552605022879
1767.8477458254235,3.4711569818161596,0.5752679667859844,0.5771890797415673
1768.0354792282874,3.470242487918142,0.5751130836436036,0.5812192310786485
1768.2444767692143,3.4692241383697016,0.5746614229247617,0.5779527878515027
1768.4534743101412,3.468205498622641,0.5745756935741418,0.5739164652054518
1768.6416624707228,3.4672880335831673,0.5752146904249702,0.5771798051439416
1768.8298506313045,3.4663703352883752,0.575824765169642,0.5807725377254226
1769.049101286229,3.4653008696761893,0.5755666405226455,0.5768853109113339
1769.2683519411535,3.46423108899519,0.5748952800687368,0.5737341385975763
1769.4576728280902,3.4633070868664437,0.5747407889550177,0.5782839211175508
1769.6469937150268,3.4623828456265433,0.5747192662729178,0.5813023383685356
1769.8504968201328,3.4613891012666693,0.574563601323743,0.5767924119006557
1770.0539999252387,3.460395079409885,0.5748298063725349,0.5736963453051847
1770.245886946468,3.459457543884507,0.5755507776233821,0.5780124192460291
1770.4377739676975,3.458519765180523,0.57576143051456,0.580623670373457
1770.6341804778497,3.457559647666125,0.5750001817858761,0.576276384426457
1770.8305869880019,3.456599272733378,0.5742553463850606,0.5738923287392045
1771.014473761208,3.4556998797775016,0.5743378169666749,0.578381302245226
1771.198360534414,3.4548002580380825,0.574723072688938,0.5811870967569425
1771.4031526384358,3.4537980938563986,0.5748670358974224,0.5763824711161218
1771.6079447424577,3.452795648044537,0.5750840083816677,0.5734377051669198
1771.801006269143,3.451850365797872,0.5754607128288602,0.5782596707933966
1771.9940677958284,3.4509048348247133,0.5751944054039864,0.5806831647041252
1772.1842830599787,3.4499729988358006,0.5742452644825341,0.5761685786252643
1772.374498324129,3.4490409167226286,0.5738171660266294,0.5739655646708673
1772.5571238229777,3.4481457925184307,0.5744473897847412,0.5784142449645494
1772.7397493218264,3.4472504413831033,0.5751934780013929,0.5808033181909478
1772.9416809810136,3.446260176835016,0.5752021593161517,0.5758048822578643
1773.143612640201,3.4452696377825123,0.5748875497629184,0.5734511097800421
1773.3335383758827,3.4443377400752806,0.5747931330045545,0.5786809579809128
1773.5234641115644,3.443405597196755,0.5744283164519765,0.5808740673489066
1773.7175689922592,3.442452688148797,0.5738501813066533,0.5758306124715826
1773.911673872954,3.441499519637995,0.5741133207342133,0.5738765803266319
1774.1049153360427,3.4405503342450428,0.5751868056849376,0.5788646468462715
1774.2967946589467,3.439607588696503,0.5755547115210825,0.5800231045870518
1774.4783264571531,3.4387154534921334,0.5747925850461687,0.5751212863749549
1774.6598582553595,3.4378230935306093,0.5740344930705173,0.5737567262627571
1774.8416045065794,3.436929451939938,0.5740312792581739,0.5788886080679208
1775.0233507577993,3.4360355817611303,0.5742631625094217,0.5809314354655383
1775.217781492807,3.4350790734658987,0.5743229122310038,0.5756083123228561
1775.4122122278147,3.43412230467527,0.574722816329664,0.573401588691634
1775.6058769999777,3.4331690475896157,0.5753190470057588,0.578709234611191
1775.7978795078423,3.4322237194896625,0.5749371172689225,0.580174669945638
1775.984285911147,3.431305701279023,0.5737743691229387,0.5751810370189104
1776.1706923144518,3.430387441220052,0.573408830039425,0.5741200810347603
1776.3597518126082,3.429455863528674,0.5743066644544164,0.5793548631349952
1776.546243034061,3.4285366974052924,0.5750511754086497,0.5800078167855836
1776.727570501468,3.427642751995559,0.5748850008976185,0.5746330982112002
1776.9088979688752,3.4267485800778315,0.5745335100549483,0.5734745099805015
1777.0970592375932,3.425820468432058,0.574408443784752,0.5791444142284349
1777.2836871650295,3.424899676364276,0.5739958045043823,0.5804858925008676
1777.4783372917796,3.423939043711094,0.5735075400021454,0.5748704682296427
1777.6729874185296,3.422978144761363,0.5741137174926149,0.5740870687406733
1777.9051883801467,3.4218315286154546,0.575399356896363,0.5801639375214634
1778.1221924927404,3.420759617351897,0.5747907789061336,0.5772698576016436
1778.3445535937885,3.4196609045573805,0.5734819218355467,0.5732911471437414
1778.5223059196385,3.4187823585944606,0.573570534981925,0.5778114683889525
1778.7000582454884,3.417903589022936,0.5741800720238315,0.5809591492151157
1778.9000787257846,3.416914463922383,0.5744185635389938,0.5759102139399098
1779.1000992060808,3.415925058280033,0.5745796989192619,0.5729629164529744
1779.2849319161621,3.415010530733784,0.5748437405120823,0.578197594707857
1779.4697646262434,3.4140957637409013,0.5743387819183106,0.5805219785326016
1779.6586188797119,3.4131608440123116,0.573247625310332,0.5754615938754821
1779.8474731331803,3.412225670228424,0.5732832146094339,0.5736833950250728
1780.031856991346,3.411312388220174,0.5745942508185484,0.5787498158229633
1780.216240849512,3.4103988661893947,0.5752645015984551,0.579826011403989
1780.3967995373237,3.4095040643769217,0.5745027818263712,0.5746075228216604
1780.5773582251354,3.4086090327386587,0.5736387445195535,0.5734950884299728
1780.7580727915208,3.40771299625408,0.5736241581907296,0.5790583308672916
1780.9387873579062,3.4068167259398368,0.573830088206442,0.5804782485036153
1781.1267717207422,3.4058841522225674,0.5738859296345515,0.5747350909068675
1781.3147560835782,3.4049513268252434,0.5744149658419034,0.5733127970462946
1781.511768775308,3.4039734320717114,0.5750257351152223,0.5792048622161966
1781.7032319950706,3.4030228191162184,0.5742649388634455,0.5793956609184324
1781.9299617746935,3.4018967688291806,0.5728309341512693,0.5733848373345675
1782.1344808715858,3.400880709598768,0.5735465272123993,0.5764518777694316
1782.33420943426,3.399888159471534,0.5749096543505409,0.5804656722628062
1782.5297892179324,3.3989159506666375,0.5747307191634838,0.5757689421566331
1782.7253690016048,3.397943469443818,0.5738374471853877,0.5728631390677813
1782.9040469506306,3.397054789637632,0.5736318849380455,0.578054668112454
1783.0827248996563,3.3961658790064533,0.5736292460764424,0.5808009199818849
1783.275962151953,3.3952042759814263,0.5735026425472826,0.5753749809300706
1783.4691994042498,3.3942424029959737,0.5740953830430388,0.5730173417682785
1783.6567204140567,3.3933087273693796,0.5750026379170788,0.5784863884913914
1783.8423880157004,3.3923840315632843,0.5745359497034092,0.5797800404374454
1784.0269211973975,3.3914647390405674,0.5730355857227106,0.5745199774369754
1784.2114543790947,3.3905451986161337,0.5727728553273398,0.5739665017413657
1784.4062525589852,3.389574237378482,0.5741874237662243,0.5796089445262849
1784.5919223843023,3.3886485193824893,0.5748914677766724,0.5788450376404578
1784.7914605156802,3.387653379050565,0.5741532746982368,0.5729244671367117
1784.984069159864,3.386692524921753,0.5735923856926896,0.5751988217521106
1785.1924886251845,3.3856524918851614,0.5735545617385068,0.5808413288027398
1785.3867748156472,3.384682697940645,0.5733457974764496,0.5768352807388539
1785.5810610061098,3.3837126273302993,0.5737386812008181,0.5725417693474363
1785.7577573893764,3.3828301441840534,0.5747434469745355,0.5767341913497178
1785.9344537726429,3.381947434580061,0.5748003771821225,0.5803111042775457
1786.1242705698292,3.3809989266174973,0.5732902667746296,0.5760079410389227
1786.3140873670154,3.3800501537442,0.5724882051035414,0.5731205700939926
1786.48789800064,3.3791811521357236,0.5735931012077428,0.577694628429938
1786.6617086342644,3.378311928047689,0.5747937510330101,0.5802082159814094
1786.8571868348265,3.377334080697296,0.5744346904411706,0.5748653861713767
1787.0526650353886,3.3763559544841177,0.5734844305361212,0.5730290079650919
1787.2327887900594,3.3754544098080292,0.5733755194894031,0.5787997974080517
1787.4129125447303,3.374552624484331,0.5734267571431044,0.5802165610861472
1787.6012322625395,3.3736095483396964,0.5734039406179987,0.5742474261491011
1787.7895519803487,3.3726662103403173,0.574106169586418,0.5732336330428016
1787.9926940303483,3.371648331997643,0.574802950046314,0.5794517945029527
1788.1919305707522,3.3706497276242358,0.5736460744329271,0.5783212514217896
1788.4083198276617,3.369564816915565,0.5723310782240508,0.5728932387257802
1788.5948149887972,3.368629505816687,0.5734372217389719,0.5764751709482733
1788.7813101499328,3.3676939358695064,0.5748848888283903,0.5801566048756853
1788.977014595551,3.366711889950329,0.5743656530264768,0.5753853104476047
1789.1727190411693,3.36572956101014,0.5731099356601627,0.5727819171877486
1789.3492094693768,3.3648434314697937,0.5730739939336197,0.5781502613919869
1789.5256998975842,3.3639570679546007,0.573502265019045,0.5804349274224708
1789.7149018129924,3.363006605262272,0.5736370800159689,0.5747051690816695
1789.9041037284005,3.362055875725896,0.5740363497110681,0.5727029545733362
1790.0902356418171,3.3611203137153938,0.5744551507355605,0.5785522730462535
1790.273318254851,3.3601998262912254,0.5736305113458133,0.5796899349056405
1790.4702606786145,3.359209373794109,0.5723542210443331,0.5738226621467208
1790.665219047615,3.3582286110477546,0.5731727517102683,0.5742984241399691
1790.878964119448,3.3571530112588386,0.5749779262090652,0.5798959184989027
1791.0854611064715,3.3561135604028376,0.5741806919324678,0.5761776192924519
1791.291958093495,3.3550737900335657,0.5725592367785599,0.5727390862292807
1791.4651768851684,3.354201336395485,0.5728385364560261,0.5776108244695654
1791.6383956768418,3.3533286546341214,0.5738067996953861,0.5803828840872276
1791.8326116064625,3.352349918041144,0.5740255019468175,0.5748540960654992
1792.0268275360831,3.351370897930432,0.573843731127272,0.5725363169788876
1792.206865617274,3.350463093830342,0.573832923979657,0.5783035855948206
1792.3868440912197,3.349555344607893,0.5732526323657549,0.5800604360932902
1792.5814199860017,3.348573692465008,0.5725537290785544,0.5741097902719929
1792.7759958807837,3.3475917518191434,0.5735383921903702,0.5735176191255397
1793.0001756059396,3.3464600582888417,0.5749579926778647,0.5797360878820901
1793.2193231938584,3.3453534000037743,0.5734057620504887,0.5761601394975515
1793.426951618514,3.34430457389784,0.5720644143962309,0.5728875094550033
1793.6046595952992,3.3434066272458227,0.5732039736029269,0.5777723259881543
1793.7823675720842,3.34250843837742,0.5745303674487645,0.5798488554560097
1793.9744688860067,3.3415372304007063,0.5741087298818864,0.5742205041356794
1794.166570199929,3.340565742345842,0.5731322004432137,0.5729379909734562
1794.3484351649365,3.339645761595698,0.5730879053354261,0.5789290541704178
1794.5260806608337,3.3387468788636405,0.5731963621704945,0.5797502080783594
1794.716090871515,3.337785160835627,0.5732210537547793,0.5735457913418798
1794.9061010821963,3.3368231662495558,0.5739515978518852,0.5733263355719788
1795.13104124671,3.3356839702789993,0.57431452776276,0.5799339591378873
1795.3518282353775,3.3345654290263393,0.5725783497145118,0.576204398715551
1795.554211200022,3.333539793429917,0.5722505422203894,0.5727039246263238
1795.7288089014364,3.332654713253884,0.573975980368592,0.5772402212477875
1795.9034066028507,3.331769398100765,0.5749442979665023,0.5796647315531728
1796.0922901071126,3.3308113812186653,0.5735560780633701,0.5746785542602845
1796.2811736113745,3.3298530892121705,0.5721900111800517,0.57294373151984
1796.4569409818994,3.328961092355023,0.5728405178380318,0.5782933560836753
1796.6327083524243,3.3280688540461503,0.5739223160516677,0.5797889527112775
1796.82031634753,3.3271162445475735,0.5739041540803351,0.573917075322638
1797.0079243426358,3.32616336359605,0.5735006239717297,0.5727254839670037
1797.1933702459169,3.3252211968975445,0.573407868152901,0.5788648844324946
1797.3704704859438,3.3243211796167014,0.5729593750485297,0.5795913466230863
1797.5906538445367,3.3232018715420995,0.5726852673237876,0.5728023420621472
1797.7944869074681,3.322165343688567,0.5740417177735028,0.5747498519714817
1797.9998075648425,3.32112092522841,0.5745378004750817,0.5798843938292023
1798.181456110887,3.3201966468271533,0.572862165356824,0.5763713292778148
1798.3631046569315,3.3192721090995954,0.571790884241914,0.5725560873519532
1798.536395709973,3.3183898665325158,0.5731128408113769,0.5762116679218762
1798.7096867630146,3.317507387955731,0.5747049003158627,0.5797850844564251
1798.9098280876674,3.316487882657968,0.5739815701482597,0.5752868642178437
1799.1099694123202,3.315468064297246,0.5723727581748949,0.5725422011997677
1799.2862940922248,3.314569342388431,0.5726071312974922,0.577777763816308
1799.4626187721294,3.313670373585645,0.5735208424776832,0.5800186951059401
1799.6534618529504,3.3126971066937023,0.5736733989287196,0.5742777200944281
1799.8443049337714,3.311723553962846,0.5735423262771239,0.5724036100291426
1800.027796364682,3.3107872353125103,0.5735664665882241,0.5783337469980787
1800.2077745992985,3.309868584394866,0.5729529545649849,0.5796849881090579
1800.4309727936486,3.3087289692527464,0.5723646688336907,0.5729571560255249
1800.6332124783755,3.3076960237160966,0.5737887770351413,0.5743824105170474
1800.8401052510678,3.306638978567984,0.5746277377149335,0.5797045377619527
1801.0258890619336,3.3056894929216694,0.5729416803442221,0.5764403928195976
1801.2116728727995,3.3047397319222465,0.5716465079331158,0.5725012195930753
1801.3855243876276,3.3038507211568158,0.5729070935670911,0.5760742455552003
1801.5593759024557,3.3029614688959996,0.5745948489016703,0.5797021153931301
1801.7613181875133,3.301928229870755,0.5739389113184724,0.5752725840563767
1801.963260472571,3.3008946670324475,0.572276838626957,0.5724552395356067
1802.1397690256754,3.2999910100744385,0.5725073155102421,0.577626855165397
1802.3162775787798,3.299087101733751,0.5734621408346857,0.5799560626627238
1802.5088241250558,3.2981007756682983,0.5736091634920157,0.5742702995626079
1802.7013706713317,3.2971141539861493,0.5734069890872938,0.5723212598081575
1802.8849472191084,3.2961732203608602,0.57341588900914,0.578198586969896
1803.0656653207268,3.2952466724719223,0.5728714743297562,0.5796607344025568
1803.268018315389,3.2942088869314614,0.5723195088272176,0.5734639475516207
1803.4699983794487,3.293172684875225,0.5735399866376066,0.5735093312319248
1803.6869815215316,3.2920591496708913,0.574511847995071,0.5795116529963655
1803.8851694955058,3.291041737642638,0.5727624791321774,0.5766417640923174
1804.08335746948,3.290024006847123,0.5715696292814713,0.5724405989950156
1804.2577078815605,3.2891284226020647,0.5730899963635794,0.5760408961965028
1804.432058293641,3.288232591938027,0.5747016498527193,0.5795484479302707
1804.6335904444657,3.2871967922767604,0.5736667654511843,0.5752190127552519
1804.8351225952904,3.286160664449866,0.571907393466753,0.5725018240432888
1805.0128554722003,3.2852466207281465,0.5724518186017168,0.5775246945378187
1805.1905883491102,3.284332318016103,0.5737140719794157,0.5797466400976837
1805.3866381373625,3.2833234888860092,0.5737006338418756,0.5740785989311171
1805.582687925615,3.2823143487224966,0.5730530742186863,0.5724369826345597
1805.7666467303732,3.2813671620231815,0.5729829561488773,0.5783382031788823
1805.946852407058,3.2804390301349526,0.5728105310041449,0.5795607145495526
1806.1450766723897,3.279417785567037,0.5726246098166746,0.5733908012733334
1806.3433009377213,3.278396220013567,0.5735492302373697,0.5731098079542487
1806.5667111281748,3.2772444737332163,0.5740670435635938,0.5795136756805244
1806.767937014011,3.276206743072729,0.5723841663473009,0.5768497385918898
1806.9691628998473,3.2751686775927813,0.5717251001990937,0.5722961728203204
1807.1474796764455,3.274248514896036,0.5735190623280092,0.5757492109857392
1807.3257964530437,3.273328091150513,0.574753617940437,0.5794130024056526
1807.52181144597,3.2723160122862964,0.5731330417663774,0.5755261578534184
1807.717826438896,3.271303616730311,0.5714635727343557,0.5724712356628424
1807.8961760685152,3.2703821844033873,0.5725590064603954,0.5768932252292391
1808.0745256981343,3.269460487597596,0.5742064531965303,0.5795528110526943
1808.2769547978692,3.268414030698909,0.5737105706190155,0.5743245521664624
1808.479383897604,3.2673672366829205,0.57232983070602,0.5725353910020453
1808.6633599487263,3.2664155724689565,0.572499693657926,0.5781879646571451
1808.8473359998486,3.2654636246965545,0.5731446799955064,0.5794265476590384
1809.030019038378,3.2645180868049626,0.5731945887840613,0.5737562068447507
1809.2127020769074,3.2635722727409133,0.5732582688070335,0.5722034240537776
1809.4034258872014,3.262584534909235,0.5734178148379161,0.5780830138139488
1809.591669768657,3.261609342037685,0.5727103862964025,0.5793106398658509
1809.8187322103404,3.2604326531237757,0.5720701528802752,0.5727296560600239
1810.0315523851025,3.259329379856351,0.5736309818813157,0.5744035785648017
1810.2378686799761,3.2582594636094835,0.5742886005317983,0.5794659725910632
1810.4232207305652,3.2572979595482345,0.5724864720269677,0.5764384411375714
1810.6085727811542,3.256336165928203,0.57132865093391,0.5723785038348138
1810.7879106964658,3.255405304473774,0.5728857339316057,0.5754297316102042
1810.9672486117774,3.25447417267605,0.574615556851923,0.5792788808805586
1811.1738985720779,3.2534009002598916,0.5734152051372868,0.5755284071342015
1811.3805485323783,3.2523272691641822,0.57148342820506,0.5723935024138253
1811.5596725273026,3.251396355063948,0.5722776466258446,0.5768777480204837
1811.738796522227,3.250465168152527,0.5738703735530459,0.5795543406381203
1811.9444216941404,3.2493958778457044,0.5736378614771438,0.5743155058503573
1812.1500468660538,3.2483262323289552,0.5724128835791847,0.5723903740433551
1812.3371002691592,3.247352886032745,0.5724707291672559,0.5780319190528551
1812.5241536722647,3.2463792404557443,0.5729365658603552,0.5793908590973595
1812.7095602091192,3.24541387129447,0.5729594010503325,0.57379152619352
1812.8949667459738,3.2444482113365507,0.5731544965663975,0.5721390881502512
1813.0918347027919,3.2434225393421525,0.5734160519079452,0.5780060307454942
1813.286034763095,3.2424104426155567,0.5726179734213223,0.5791107681654444
1813.5159499728763,3.2412117922849055,0.5719176285068773,0.5726392336980162
1813.7350655138628,3.240069025751167,0.5735723438124627,0.5745576244894994
1813.9413084566702,3.2389930218128065,0.5741777281056306,0.5793759622278416
1814.129012479973,3.238013421608763,0.5723244865291603,0.5763028774501532
1814.3167165032758,3.2370335179318896,0.5712265211173883,0.572346063195924
1814.4991537861506,3.2360808189327517,0.5728836319113371,0.5753950049824967
1814.6815910690254,3.2351278342443885,0.574565088192519,0.5791641761313793
1814.8903746180235,3.2340368757548945,0.5731839585264857,0.5754970480845167
1815.0991581670216,3.232945542836596,0.5712686258909954,0.5724054254782036
1815.2812537002785,3.231993403823929,0.5722672648572938,0.5767306197710648
1815.4633492335354,3.231040976891301,0.573969476325907,0.5793766848256168
1815.673011635944,3.229944009475933,0.5735050160191016,0.5743069374918122
1815.8826740383527,3.228846664593532,0.5720391191107812,0.5724606226725276
1816.07450619321,3.2278423085642634,0.572287455912657,0.5779977474715485
1816.2663383480674,3.2268376305669872,0.5730924373673466,0.5791580612096744
1816.4537739690306,3.2258556676272563,0.5730914136745081,0.5736413572000587
1816.6412095899939,3.2248734015135825,0.572905984561292,0.5721582720807251
1816.8347957387716,3.223858585438886,0.5729580518194252,0.5778371167598957
1817.028126723731,3.222844779709694,0.5725291624070451,0.5792620594016604
1817.2392064677688,3.221737525388763,0.5721259253618054,0.5732510898159224
1817.4502862118065,3.2206298829355307,0.5732041853428728,0.5731496050355644
1817.67551550961,3.219447564697471,0.5737988475869996,0.5791578296564227
1817.8818942762375,3.218363809565289,0.5721119945211747,0.576894882726848
1818.088273042865,3.2172796785462827,0.5714124721660283,0.572230561012489
1818.2791869339853,3.2162764537463926,0.5732703790125725,0.5751852060906886
1818.4701008251056,3.215272910129464,0.5744164135528187,0.5791014975667564
1818.672456897099,3.2142088707053387,0.572566443223894,0.5758081854965986
1818.8748129690923,3.2131444702067076,0.5710032781491325,0.5723780707357947
1819.0599974020765,3.212170076341182,0.572482365045267,0.5759902742253231
1819.2451818350607,3.2111953790839873,0.5742910110951746,0.5791350472519718
1819.4610378039974,3.210058863336582,0.5732016084045845,0.5748422312940317
1819.6768937729341,3.208921937399388,0.5713334985840168,0.5724951216718958
1819.8690220329759,3.20790963973198,0.5721612039512909,0.5773866219484018
1820.0611502930176,3.206897012097106,0.5736383529149262,0.5791082864714154
1820.2672858206179,3.2058101922903384,0.5732579643617729,0.5737153791655504
1820.4734213482182,3.2047229979442657,0.5721379470781627,0.572537480269287
1820.6766773810566,3.203650622119747,0.572287125915298,0.5783058156629094
1820.879933413895,3.202577874628158,0.5728021953342335,0.5786646282857086
1821.0733982478052,3.201556458218093,0.572780797298977,0.573047975255018
1821.265697754469,3.200540865519843,0.5728500309882782,0.5725662476913456
1821.5045461184193,3.1992789773448354,0.5728715939545652,0.5791172139303901
1821.7351086796364,3.1980603765281024,0.5720339334109138,0.5768434822931062
1821.96849930393,3.1968263396701597,0.5723120132124362,0.5718363238947668
1822.1690068874034,3.195765782000156,0.5736030907610402,0.5758229126879592
1822.3695144708768,3.194704864669519,0.5733236222011218,0.5793484760624853
1822.570503325898,3.1936410352978064,0.5715523064588625,0.5753255277088041
1822.7714921809193,3.1925768397606396,0.5715437367036852,0.5722239714493242
1822.9721251896083,3.1915141658538473,0.5736118987891508,0.576374870256145
1823.1727581982973,3.1904511296002704,0.5740009353188277,0.5789219684367468
1823.361508038634,3.1894507224908506,0.5719699853466521,0.5750100318902989
1823.5502578789706,3.1884499920295744,0.5709028806884913,0.5724090163624022
1823.7430104253053,3.1874277059311904,0.5726260704604635,0.576181294617392
1823.93576297164,3.1864050820641427,0.5742333470884582,0.5789670675683763
1824.1517342774769,3.1852588730821267,0.572799032401311,0.5747002375435671
1824.3677055833136,3.184112241246738,0.5710482549524911,0.5725615396426637
1824.5670521886927,3.1830534957420418,0.572171974798005,0.5772716144742213
1824.7663987940718,3.1819943850677093,0.5737408596289472,0.5788652845422102
1824.976965950919,3.180875265555944,0.5730406834932856,0.5737308653151973
1825.1875331077663,3.179755743858181,0.5716618455969518,0.5726470357977456
1825.4014092572913,3.1786182148297684,0.5720817464241246,0.5782596816132681
1825.6152854068164,3.1774802619928306,0.5730168648678037,0.5782904744934678
1825.8161676788184,3.1764110600784745,0.5728377900064252,0.5728257657028056
1826.0170499508204,3.1753414908949047,0.5723853667593921,0.5729000920419457
1826.2555547332827,3.1740711264858805,0.5723615146381058,0.579131692080478
1826.5072257220993,3.1727300592930887,0.5722336283926498,0.5762242331115472
1826.7585888356955,3.1713900470211684,0.5725953191541296,0.5718408211938114
1826.9676690642439,3.1702750038623333,0.5730997884913693,0.5766647132967352
1827.1767492927922,3.1691595561088692,0.5724521084931062,0.5792725496082698
1827.3968246224779,3.1679850065311244,0.5714782904610893,0.5741587742684369
1827.6168999521635,3.1668100064668225,0.5724119306067207,0.5725151331084015
1827.8661236315602,3.16547884178743,0.5736846356676766,0.5784177495417554
1828.1201914391668,3.164121207530065,0.5718873506441079,0.5766362832246534
1828.3650876861495,3.1628120089842464,0.5711542312406429,0.572246177991949
1828.570568333926,3.161713092075252,0.5730851498892168,0.5758237170047665
1828.7760489817026,3.1606137815789457,0.5739068411187705,0.5789150337687666
1828.9856403111185,3.1594920713920063,0.5720047156347169,0.5752504927000851
1829.1952316405343,3.1583699486649324,0.5707739126647111,0.5724138969959415
1829.3961864765643,3.157293677061981,0.572373179154523,0.5761331047163559
1829.5971413125942,3.156217025107584,0.5739298962058224,0.5788826224233794
1829.8233972785706,3.1550043626397617,0.5725743736770356,0.5747002442919548
1830.049653244547,3.1537912194742344,0.5708903158654562,0.5725851188840807
1830.2626419471505,3.1526487714703393,0.5720450777681321,0.5772718823174985
1830.475630649754,3.151505891575605,0.5735579474302477,0.578614004490818
1830.6883514830047,3.1503640196777623,0.5727743847560246,0.5737358881611199
1830.9010723162553,3.1492217225424,0.5713696796597209,0.5726471316590649
1831.1289090191635,3.1479977791102933,0.5718386232183635,0.5780826933721785
1831.3567457220718,3.14677333704417,0.572966481356476,0.5780582053476803
1831.5666519461367,3.145644818055237,0.5727062523665503,0.5728389948173993
1831.7765581702017,3.1445158838555027,0.5719474753854753,0.5730683251113728
1832.0183251248268,3.1432150750808234,0.5719339573076799,0.5789180564095022
1832.2993991175015,3.141702066827305,0.5723571914859324,0.5757602840362851
1832.5793282297477,3.1401944694202837,0.5724813619814186,0.5721913509298397
1832.8199149297247,3.13889816231578,0.5723394196289313,0.5779239871252417
1833.046658274461,3.1376759323487415,0.5718287147334703,0.5784059786292932
1833.2662911248697,3.136491553306001,0.5718061364978568,0.5730358135650592
1833.4859239752784,3.1353067119354288,0.5726337275442243,0.573056204679938
1833.7278680189713,3.1340009762256797,0.5728117243575284,0.5786800868853971
1833.985171718174,3.132611722131208,0.5714621965023534,0.5765597406534756
1834.2424754173765,3.131221822251099,0.5715999196742579,0.5720905797246317
1834.4632750602334,3.13002860115793,0.5730541430107844,0.5758965885603424
1834.6840747030903,3.1288349088120984,0.5729545302346901,0.5789964252013675
1834.9065632756908,3.127631603199887,0.5712709931842421,0.5750663239221421
1835.1290518482913,3.126427813450684,0.5710960376271849,0.5723350838967984
1835.352090715343,3.125220563476733,0.5728604521296425,0.5764784431236665
1835.5751295823945,3.1240128284725595,0.5732855341079328,0.5787252014907251
1835.784070212453,3.1228809914669675,0.5716405187751953,0.5747966536853331
1835.9930108425112,3.1217487265809507,0.570717662710779,0.5723892548151078
1836.2109175376509,3.120567418353679,0.5720987079159593,0.5762486376510167
1836.4288242327905,3.119385642663521,0.5733843252415607,0.5788110118498949
1836.6622612876542,3.118119121785859,0.5722237201662219,0.5746565493497467
1836.895698342518,3.1168520662391517,0.5707790875932642,0.5725335570957777
1837.1288623935136,3.1155859565596753,0.571737181943282,0.5771716423077307
1837.3620264445092,3.114319305636934,0.5731116719982914,0.5784325427987415
1837.5770561508843,3.1131506903883346,0.5724846284283579,0.5739269529041664
1837.7920858572595,3.1119816209802806,0.5711539107905497,0.57253263186847
1838.0376431596753,3.110646020478828,0.5713645662707383,0.5776244497353891
1838.2817486932258,3.109317715454472,0.5726298826627213,0.5781229156214195
1838.4967541628823,3.1081472650987902,0.5725930324232963,0.5733806319807608
1838.7117596325388,3.1069763593798294,0.5716255047858375,0.5727147727293341
1838.9742588260017,3.1055461837869416,0.5712788477781917,0.5783083291009413
1839.2525255454889,3.1040293390383424,0.5722000316240606,0.5768239696911581
1839.5016595997374,3.1026706372736963,0.5724086283635236,0.5721034823064411
1839.7469604332546,3.1013322410977513,0.5717263717980903,0.5753044320638661
1839.9739456254822,3.10009323872534,0.5713128057071017,0.5791301045179218
1840.2651900042345,3.0985027041410453,0.5718707387353925,0.5744781515646139
1840.5428048922768,3.096985808031745,0.5723674116353661,0.5727703272299897
1840.85956121015,3.0952541007846976,0.5715815664886998,0.5789075895026068
1841.1655213164372,3.093580439796869,0.571260426762113,0.5750032430023151
1841.4714814227243,3.091905826298744,0.5722627415760747,0.5728744825919735
1841.8225806039661,3.089982990927966,0.5718637635872185,0.5790018470657723
1842.0890049686388,3.08852304036657,0.5709879223973955,0.5751548819635559
1842.3554293333116,3.0870623612898904,0.5716083714572406,0.572378287085401
1842.6284475261148,3.0855647847881342,0.5724565203617825,0.5775246944056859
1842.885402477167,3.084154620166847,0.5717327708307376,0.5780272275628154
1843.1090357441872,3.0829267672127307,0.5708937129402313,0.5734868048193241
1843.3326690112074,3.081698400231303,0.5712053471921359,0.5727905409657118
1843.5961601210392,3.080250445568481,0.5722814991565978,0.5779040136821769
1843.9080957686094,3.078535344576164,0.5718370142515671,0.5765985680932212
1844.174487522934,3.0770698561362098,0.5708195799915389,0.5722704984464014
1844.433005180107,3.0756469853411823,0.5712426985783751,0.575577163236699
1844.6667704647386,3.074359751296954,0.5721744581798638,0.5788624744258649
1844.9638311087706,3.07272315374657,0.571881916704771,0.5745253674521299
1845.2505890459518,3.0711424491534864,0.5707589365949922,0.572887374980131
1845.5691694383593,3.069385323299552,0.5713175221588709,0.5784843103021595
1845.9006877144188,3.06755569779304,0.5722578139251642,0.5752089819840981
1846.2461595122422,3.0656478446234026,0.5709797038615747,0.5732366364479514
1846.554073536305,3.0639463488337735,0.570708421898515,0.5784759908352989
1846.8619875603677,3.0622438371226686,0.5720506046481488,0.5755683121256777
1847.239444268005,3.060155452892023,0.5714284160290231,0.5734523413400259
1847.5288582791943,3.0585531760832043,0.5703540227713049,0.578301091401266
1847.8182722903837,3.0569499928383004,0.5713006517761248,0.5761577245179078
1848.1007972859402,3.0553841082619506,0.5721867253986738,0.5724801555246669
1848.3458523313438,3.0540252236858776,0.5713294910962347,0.575519533252506
1848.5909073767475,3.052665697554924,0.57031752391292,0.5785625592726072
1848.8916487446916,3.050996335684165,0.5710089163137421,0.5746993525790652
1849.1830547237691,3.0493778677785994,0.5719765645831039,0.5728813652203021
1849.5064854405932,3.0475804824397192,0.5710167253248973,0.5780570268469455
1849.8299161574173,3.045781957548955,0.5704067996323654,0.5760578994999941
1850.1072573900967,3.0442388164518337,0.5712131623245515,0.5723829970241974
1850.3795824980546,3.0427227855238046,0.5715501843244561,0.575692468583464
1850.625035246814,3.0413556664008263,0.5710486499017334,0.5786650773612662
1850.9271460364482,3.0396720627518166,0.5705999601086224,0.5747575243380684
1851.247374539072,3.0378864053232175,0.570839923666846,0.5728386283035443
1851.5424095299193,3.036240248737073,0.5710649945313678,0.5777595587368384
1851.8374445207664,3.0345931313632435,0.5711107774170506,0.5772407630427416
1852.0572531845191,3.0333653612543285,0.5709265952454711,0.573409146751485
1852.272563620195,3.032162206377863,0.5705505546766835,0.5726168970519
1852.5487417891077,3.030618180260494,0.5703410295949826,0.5768949995287761
1852.846768794083,3.028951048068266,0.5710038631854728,0.5777715222147262
1853.0696309986665,3.0277037316987694,0.5713969826538569,0.5742543653841471
1853.2924932032502,3.0264558720108163,0.5709698015867399,0.5726053179721706
1853.5521487735557,3.025001311545408,0.569977549947519,0.575784327793167
1853.8118043438612,3.0235459922833425,0.5699872875981761,0.5780965291355143
1854.1267401064613,3.0217798096805746,0.5712720927460837,0.5744308797582566
1854.4145237138155,3.020164939267202,0.5712261035299797,0.5731666247298668
1854.674940882952,3.018702847570745,0.5700098652756859,0.5765747954330208
1854.9353580520883,3.0172399837841994,0.5695912350536884,0.5776233568480904
1855.1657094302773,3.015945359273692,0.5703984669769667,0.5747659317974232
1855.3960608084662,3.0146501370548213,0.571181279866276,0.5727992883114207
1855.6625634266004,3.0131509117927555,0.5708316723200897,0.5753411538397135
1855.9235989502745,3.0116816664702224,0.5698905250474581,0.5779878593879897
1856.2226955920205,3.009997222544957,0.5698327758380868,0.5751582862821997
1856.5578268332247,3.008108622600125,0.5705278704409872,0.572664038113224
1856.9030798954723,3.0061616592169393,0.5703419690423316,0.577190806414892
1857.222120530453,3.0043612924494782,0.57008977801833,0.5770440160220165
1857.4465409937197,3.0030941643871634,0.5701416363215132,0.573696723403044
1857.664202346919,3.0018646497593755,0.5700647913141168,0.572399268395024
1857.9378185316837,3.0003182938596984,0.5697629818762041,0.5754816469368335
1858.20913186836,2.9987840909055046,0.5698434756318954,0.5778731919937936
1858.5247725745896,2.9969981371784566,0.5704167123620157,0.5747804772668792
1858.8582145625844,2.99511021424607,0.5701444244564099,0.5729229526017989
1859.1136751466604,2.993662952173008,0.5693898568573726,0.5756565759787762
1859.3691357307364,2.992214915055898,0.5692212887679443,0.5772052519740658
1859.66038138483,2.990563078804771,0.5699644094452847,0.5746903374462534
1859.9516270389238,2.9889102502389204,0.5703711228234041,0.573015854288065
1860.2454254458064,2.9872419454683463,0.5697420001144046,0.5756235501537118
1860.5309091609709,2.985619872884395,0.5691616303797354,0.5770159844461892
1860.8017598097156,2.9840800256557647,0.5693609034867237,0.5744616524169242
1861.0726104584603,2.982539300061003,0.5697596286591644,0.5724701092616161
1861.3358482773515,2.981041055748862,0.5697262895857429,0.5744539474780519
1861.598866201845,2.97954324036425,0.5694674753148844,0.5771427266045502
1861.8773456725635,2.9779564560050296,0.5694260570629511,0.576068654174242
1862.0992583893178,2.976691314248648,0.5695118957325389,0.5733610326703871
1862.3076119155105,2.9755029384968488,0.5694752361036022,0.572213085939813
1862.5729206720798,2.9739889607236614,0.5692410549193632,0.5741398723507406
1862.838129359209,2.9724746947132656,0.5691292908539111,0.5765049957669398
1863.120257070303,2.9708628629836236,0.5693387143549218,0.5755483536674783
1863.358238320886,2.969502484639322,0.5695213529704982,0.5733277810524808
1863.5914564231987,2.968168675658284,0.5694682378993158,0.5728311801437339
1863.8672267812874,2.9665906591646105,0.5692098938456429,0.5747565345757636
1864.158032099306,2.9649255808982264,0.5690788628819266,0.5757332630117541
1864.4202530061239,2.9634232454721237,0.5691554789646788,0.5739620041601012
1864.6824739129418,2.9619200511008263,0.5692312502589457,0.572358203986162
1864.9260923552324,2.9605227453395946,0.569230903339253,0.5732529325542156
1865.169710797523,2.9591247098362605,0.5692241956488162,0.5753170370635503
1865.414061860913,2.9577217143853605,0.569235751746941,0.5758186252748816
1865.635269837098,2.9564509375222396,0.5692249265839433,0.5742264943704505
1865.8564778132827,2.955179538720843,0.5691951413412845,0.5722426700667442
1866.0765377601886,2.953914132723407,0.5692149623804625,0.571763802412241
1866.3193561576438,2.9525171574301035,0.5693361827787631,0.5732444437881605
1866.5793646920417,2.9510204458820315,0.569435303697197,0.5748880913865121
1866.84229585452,2.949506009221461,0.5692927037876944,0.5744522801957367
1867.044824529413,2.9483388678650786,0.5690800089072396,0.5731186292294389
1867.2473532043061,2.947171207209272,0.5689990554550965,0.5721943231877678
1867.5106075382319,2.9456526702168064,0.5693206501313927,0.5726179785668236
1867.721628584954,2.9444347922373026,0.569776692910454,0.5735814435612371
1867.9326496316762,2.9432163252995016,0.570043730143121,0.5738748865607947
1868.1915151551827,2.9417207804901158,0.56981845255478,0.5728131324955568
1868.4503806786893,2.9402243503524863,0.5693258580566556,0.5715472670968116
1868.6929963247048,2.9388210741655247,0.5692687749883582,0.5716817934198077
1868.9516237987727,2.937324352289292,0.5697826477506419,0.5729933340563785
1869.2102512728407,2.935826743204987,0.5702254386417088,0.5737283467649361
1869.476819002022,2.934282206480141,0.5700042903316426,0.572839559691897
1869.7433867312034,2.932736718808067,0.5695685219553769,0.57138064060634
1869.990485299473,2.931303279124619,0.5698391794989359,0.5709924481710386
1870.2341093928624,2.929889211599236,0.5707639053419505,0.5716314276217528
1870.4777334862517,2.9284743414997756,0.5714042590551626,0.5722498126201053
1870.7443290488948,2.9269251213466716,0.5708808843366399,0.5720143838427074
1871.0109246115378,2.925374929735087,0.5697339516906439,0.57130288301775
1871.2583823132932,2.923935176884135,0.5695800965854017,0.571138836812715
1871.5592531673904,2.922183565699001,0.5710327700890878,0.5716474060359722
1871.8601240214875,2.9204307145084982,0.5721657543674793,0.5717359852222375
1872.1467656429675,2.918759582090096,0.5714817839793468,0.5710151315345028
1872.4334072644474,2.9170873223169735,0.5706081669530538,0.5704299696316532
1872.7483489513834,2.9152486899287657,0.5715633912264889,0.5706841035252345
1873.0132624899375,2.9137010710561055,0.572793353628277,0.5710946062063232
1873.2720949766249,2.912188019765312,0.5724699796449882,0.5710909074586945
1873.5659570052928,2.910469054370739,0.5708218384699925,0.5707485768662397
1873.88681814866,2.908590810656989,0.5710263225128931,0.5705971360726194
1874.1260975352125,2.907189215196904,0.5729400690667743,0.5706653075611409
1874.365376921765,2.9057868146540775,0.5743096903406141,0.5706870578020717
1874.6437478692103,2.9041542668281775,0.5734618203502867,0.5706059729421333
1874.9221188166557,2.9025206251878255,0.5716958055281725,0.5705550179089671
1875.2088605166873,2.900836747505458,0.572094614354739,0.570549764715155
1875.4461133038885,2.8994426308519285,0.5737511611220912,0.5705079431211707
1875.6833660910897,2.8980477091708368,0.574404941024233,0.5704907645807367
1876.000234026261,2.8961834242652427,0.5727209411530123,0.5706717411869483
1876.312649253186,2.894343955077457,0.5721604366790483,0.57087062270549
1876.5874699428573,2.892724720995322,0.5743861470264834,0.5707797995890732
1876.8622906325286,2.8911044088300257,0.575970008990669,0.5706452757172626
1877.1490062219282,2.889412789882449,0.5743101782879525,0.5708068999342384
1877.4357218113278,2.8877199937202493,0.5721668420140129,0.5710072340653624
1877.7410871042018,2.885915825716944,0.5735073313124724,0.5707450559051307
1878.0127853191332,2.884309454015226,0.5757893858255572,0.5705037451696443
1878.2817241847986,2.882718328443685,0.5754775021061673,0.5709247805996751
1878.545591378956,2.8811561838025948,0.5736300226554347,0.5716521452828559
1878.8094585731135,2.879593053023944,0.5737290909118186,0.5717305972710913
1879.057550012759,2.87812247636167,0.5757111129453374,0.5710910212065102
1879.3056414524046,2.8766509992471425,0.5765136752431121,0.5706388114029969
1879.6210407502117,2.8747789879357835,0.5741056493599511,0.5711977811966347
1879.9286072225527,2.8729520826610813,0.5731221405801612,0.5717971422857235
1880.2039147505031,2.871315648782279,0.5757772351874467,0.5714768827559783
1880.4792222784536,2.8696781018176525,0.5776082254006928,0.5712776466420193
1880.7663143031589,2.867969249514382,0.5756182270801882,0.5719583380904862
1881.0534063278642,2.8662591890794205,0.5735481135355973,0.5722818115534308
1881.3900623208513,2.8642523915054507,0.5756403737456641,0.5711178818672773
1881.7508378793398,2.8620999522091948,0.576967092089033,0.5711578181939215
1882.0142202629038,2.8605273374676994,0.5751564169059328,0.5726598372781464
1882.2776026464678,2.8589537064316093,0.5746905734397626,0.5731877931059449
1882.5454310576415,2.8573524762640305,0.5766860212428739,0.5719332302240203
1882.8132594688152,2.8557501705875428,0.577520979461984,0.5709703627775937
1883.1333630261515,2.8538336923849243,0.5749426868578968,0.572161661556724
1883.449417783472,2.851939965223463,0.5745631143355595,0.5730397864488174
1883.6972148694304,2.850454196737776,0.5771901381265757,0.5722333981027451
1883.9450119553887,2.848967497458344,0.5785651458989133,0.5717314940830938
1884.2315887970144,2.8472469526003468,0.5762707347879277,0.5727415146610266
1884.51816563864,2.8455251720695474,0.5743443102427074,0.5732090239711382
1884.8732098217997,2.8433903462220886,0.5770568128598855,0.5714534797031295
1885.2059417869666,2.8413879298756366,0.5779834238863975,0.5721538407953357
1885.4555079685458,2.839884891252839,0.5762081092243337,0.5740698476309393
1885.705074150125,2.838380914604873,0.575664977325678,0.5740130004956272
1885.9863676405507,2.8366846150860354,0.5772942928355858,0.5715946547678068
1886.2676611309764,2.8349870918934292,0.5775808014876271,0.5712179752835362
1886.511193777062,2.8335164485474373,0.5761318284965361,0.5734272678009271
1886.7547264231478,2.832044901921059,0.5758926448509489,0.5746777773024635
1887.0124593681744,2.830486572370961,0.5778053977154044,0.5730828455767588
1887.270192313201,2.828927210259085,0.5787141268501971,0.5714938649247941
1887.5804914330754,2.8270484146341412,0.5762901810696925,0.5731367052391286
1887.8907905529497,2.825168135331693,0.5755563573751321,0.5742052630418089
1888.1382871215717,2.823667360009249,0.5779075565844939,0.5725834467006569
1888.3857836901936,2.822165621364707,0.5792791759870053,0.5719389733226735
1888.6471285228422,2.820578792320456,0.577617530552717,0.5738908558541104
1888.9084733554907,2.8189908938922223,0.5759129265012639,0.5747979358397394
1889.2098105724508,2.81715870091148,0.5772696400814933,0.5721022623064251
1889.50724053054,2.8153488594379663,0.5785964311676933,0.5717162521802441
1889.740753263961,2.8139269555821715,0.5778046985238762,0.574495419219279
1889.9742659973822,2.8125041914184616,0.5771503574195557,0.5757552752058287
1890.2494593343008,2.810826377715548,0.5779676329482878,0.5728794187866499
1890.5246526712194,2.8091473551283697,0.578257267040238,0.5711260787729341
1890.7977889710185,2.8074796744021246,0.577041343687364,0.5740756372902008
1891.0709252708175,2.8058108124648804,0.5772258638547421,0.5756362197870329
1891.3232139811182,2.8042682825501957,0.5790012517796406,0.5731147523653138
1891.575502691419,2.802724719276468,0.5793140380695952,0.571809538135913
1891.8324532461613,2.8011515616621674,0.577404652564109,0.574232952943413
1892.0894038009037,2.7995773476792842,0.5765722082865493,0.5753370291630423
1892.3524697148728,2.7979645837514147,0.578340581260068,0.5726841817049347
1892.6155356288418,2.7963506926291766,0.5795974241598262,0.5720557085850941
1892.842460028563,2.794957606973176,0.5787382005863922,0.5748705564852421
1893.0693844282841,2.793563682508916,0.5776839666657047,0.5762245466707691
1893.3394810425775,2.7919034852431523,0.5780461202156566,0.572956050045171
1893.6057734288934,2.790265503656871,0.5786542341811904,0.5712721501614672
1893.8516092159873,2.788752308876073,0.5782835437167028,0.5746285647823794
1894.0974450030812,2.787238124942006,0.5783549543000043,0.5766324289028383
1894.353881898283,2.785657595078647,0.5793730677767868,0.5735494339494379
1894.6103187934846,2.7840759697224935,0.5793324355122499,0.5716381449172984
1894.8599172065215,2.7825354619603626,0.5778919738282225,0.57457836184774
1895.1095156195584,2.7809939301234943,0.5775858447980279,0.5760870107714954
1895.3588376913187,2.7794530884857287,0.5791779674906735,0.5731509152876847
1895.6081597630791,2.777911203592613,0.580133509728757,0.5721633952820528
1895.8306607476284,2.776534294739642,0.5793178151324998,0.5751836872179089
1896.0531617321776,2.775156555913167,0.5783560104075866,0.5767124989034595
1896.3126892165797,2.773548511222693,0.5786083054767646,0.5731986741082952
1896.5693557786444,2.7719570794484594,0.5791545741900391,0.5714631297741884
1896.8001840058778,2.770524897507078,0.5789960904169136,0.5750013299155781
1897.0310122331111,2.769091817581499,0.5791264664849874,0.577179352606936
1897.2793416032582,2.7675490833274843,0.5799414585237571,0.573934387853689
1897.5276709734053,2.7660052924019487,0.579903778374496,0.5718036160838832
1897.7681574856363,2.76450924336933,0.5786994954347673,0.574945072176311
1898.0086439978672,2.763012214986745,0.5783067826419925,0.5765930526458107
1898.2572797177672,2.76146343499209,0.5795403231970625,0.5732297420090018
1898.5059154376672,2.7599135896382205,0.580432906285833,0.5723066552117195
1898.7172163244752,2.7585956176595925,0.5800179631497138,0.5757178241544214
1898.9285172112832,2.7572768747584475,0.5794442165387649,0.5773840406789514
1899.1768971601748,2.7557257421862693,0.5795164782205446,0.5736346620028077
1899.424573491865,2.754177938787083,0.5795802951063153,0.571565775726774
1899.6506044443013,2.752764467939922,0.5792322943427364,0.5751590129385747
1899.8766353967376,2.751350114451142,0.5794538530755505,0.5773689449008713
1900.1177587237073,2.749840351011553,0.5805068271450998,0.5740701368528917
1900.358882050677,2.7483295616984225,0.580830524392358,0.5722867561316414
1900.5787025850716,2.746951344382613,0.5799599882611374,0.5755246602034806
1900.7985231194662,2.745572279918794,0.5792487742045005,0.5772333267625115
1901.0445286530835,2.7440279478619427,0.5796463251251922,0.5734567050537746
1901.2901449339288,2.7424849950706336,0.5802448004066967,0.5719788269883495
1901.4990174179582,2.7411720177905448,0.5802559064093297,0.5757293288770695
1901.7078899019875,2.739858267424052,0.5803332387074487,0.5779589839415074
1901.944873031966,2.738366775299166,0.5808002645976793,0.5744853271701089
1902.1818561619443,2.7368742744036263,0.580744832325841,0.5720633463204026
1902.4098064831803,2.7354377025830914,0.5799254681263967,0.575430681575141
1902.6377568044163,2.7340002063588345,0.5795766932453877,0.5773405016151157
1902.877274948192,2.7324887725739044,0.5803237343597722,0.5736296556755885
1903.1167930919678,2.7309763043098045,0.5810013208567143,0.5724558354249806
1903.32024695861,2.729690744649905,0.5809245225304218,0.576228566553518
1903.523700825252,2.7284044347517193,0.580765672065669,0.5782169535237723
1903.757926398957,2.7269226506829893,0.5809063297480533,0.5744177161146496
1903.9921519726618,2.725439864397323,0.5807766102185608,0.5720262379458386
1904.2114388625162,2.7240507349201026,0.5802335522337584,0.5755541292663015
1904.4307257523706,2.7226607344662095,0.5801471757992162,0.577689760556602
1904.6634345311584,2.721184707896936,0.5808948813428114,0.5741347370900935
1904.8961433099462,2.7197076837725227,0.5814729971586725,0.572623483131259
1905.1014302034496,2.718403868946457,0.5813230865972062,0.5763379862503897
1905.306717096953,2.717099274197596,0.5810648654640286,0.5784185083079363
1905.5378846708736,2.7156292812566942,0.5811091013086366,0.5745484950294919
1905.7690522447942,2.7141582947286,0.5810336409504016,0.5720982059364332
1905.9851098832441,2.7127825528876257,0.5806693542860238,0.5757221296265911
1906.201167521694,2.71140594848202,0.5806676615997687,0.5780079036756637
1906.429554516519,2.7099498533827524,0.5813021676388999,0.5744794365678624
1906.6579415113438,2.70849277756946,0.5817657622496836,0.572787635604177
1906.8633810281178,2.707181253816039,0.5816203504371845,0.5765085837684636
1907.0688205448919,2.705868933124824,0.5813875914076613,0.5786579752098855
1907.2966637010945,2.7044125758263715,0.5814204906220628,0.5747608622135273
1907.5245068572972,2.702955234217242,0.5813708465073645,0.5722684352465854
1907.7379638087166,2.7015890112292364,0.581085219597528,0.5759116461232073
1907.951420760136,2.700221929042658,0.581075351729617,0.5782563532387214
1908.176509844267,2.698779421715208,0.5815658956335518,0.574724610610068
1908.401598928398,2.6973359432573765,0.5819437613242294,0.5729315493349267
1908.6064651804656,2.6960212962566965,0.5818596090108836,0.5767013357732148
1908.8113314325333,2.6947058406363427,0.5817092030540781,0.5789630944863815
1909.0358899185105,2.6932630176089285,0.5817554143928668,0.5751027828616674
1909.2604484044878,2.69181921812373,0.581712212340218,0.5725127846310029
1909.4732290778113,2.690450237013541,0.5814602402918241,0.5761061743137615
1909.6860097511349,2.6890803843433844,0.5814065467734856,0.5784488569253078
1909.9087541196598,2.6876454575154325,0.5817401703813389,0.5748723518359189
1910.1314984881847,2.6862095620314146,0.5820282219977566,0.5730467540857028
1910.335056145556,2.6848964924866827,0.5820092906521097,0.5768935768331946
1910.5386138029276,2.683582608793985,0.581952169189317,0.5792916316404477
1910.7600625851028,2.6821523253322495,0.5820228642324212,0.5755374139484912
1910.981511367278,2.6807210713018135,0.5819981192504232,0.5728523635935757
1911.1944820270385,2.6793436905060783,0.5817923067959128,0.576347598404942
1911.407452686799,2.6779654176232617,0.581703743121443,0.5786446982271319
1911.6288156672388,2.6765318932384567,0.5818784221210269,0.5749770248747262
1911.8501786476786,2.675097394842698,0.582052393447255,0.5731060115410432
1912.0525463814295,2.6737851276265303,0.582063320239833,0.5770207212911089
1912.2549141151803,2.672472040840757,0.5820673968503566,0.5795617862546973
1912.4734004824804,2.671053449731424,0.5821458976975853,0.5759831610871246
1912.6918868497805,2.6696338933153854,0.5821519861534643,0.5732745579963889
1912.9048843446908,2.66824906250254,0.582034854864338,0.5766695134618428
1913.117881839601,2.6668633190078617,0.581962457719738,0.5789235220406586
1913.3387195956955,2.665425611860004,0.5820129234580536,0.5751378026483654
1913.5595573517899,2.663986917319997,0.5820703220275247,0.573125923962286
1913.7617004102704,2.6626691373258633,0.5820747580892917,0.577045208993774
1913.9638434687508,2.66135052552339,0.5820849119061067,0.5796997806879162
1914.1794812824885,2.659942970665731,0.5821153605312163,0.5763284869816299
1914.3951190962262,2.6585344566607554,0.5821239463455578,0.5736927501940695
1914.6073797287438,2.657147055688681,0.5821149261626573,0.5770389207816635
1914.8196403612615,2.6557587274158423,0.5821161545379541,0.5793232200516938
1915.0400370746918,2.654316211653561,0.582110017237111,0.5754649396921244
1915.260433788122,2.6528726930603503,0.5820963538244209,0.573172225641058
1915.4643669398636,2.651536102310099,0.5821013236627274,0.5769926898367803
1915.668300091605,2.650198650698423,0.5820868177128317,0.5797050563235757
1915.8814563869362,2.6487997933860568,0.5820091881847441,0.576499161172672
1916.0946126822673,2.6473999821070193,0.5819555869155368,0.5739951749785672
1916.3054147597018,2.646014681568954,0.582018772483545,0.5773653915329253
1916.5162168371362,2.6446284464800613,0.5821053511230228,0.5797809185486255
1916.735713411034,2.643184052461883,0.5820935759811423,0.5759636379699066
1916.955209984932,2.6417386433132015,0.5820726822693393,0.5733221262696118
1917.1627288244165,2.6403711668817755,0.582132583052419,0.5769477717550577
1917.370247663901,2.639002783342478,0.5821180365201708,0.5796537369736535
1917.5819181615761,2.6376060927932174,0.5819163384113807,0.5765163790520084
1917.7935886592513,2.6362084460097557,0.5817497458976482,0.5741396689928936
1918.0024724003194,2.6348282500572773,0.5818237745334025,0.5775773163436576
1918.2113561413876,2.633447118463679,0.5819551911839241,0.580176635767429
1918.429375068046,2.632004595821588,0.5819333786873009,0.5765199946691247
1918.6473939947045,2.63056105126048,0.5819338947669936,0.5735832520006391
1918.8583406343512,2.6291633524990874,0.5821071729811655,0.5769524194909992
1919.0692872739978,2.6277646988862435,0.5821542191276359,0.5796299394647921
1919.281291835688,2.626358074283384,0.5818610550038287,0.5764913248075008
1919.4932963973783,2.6249504749671386,0.5815750719218703,0.574170827202499
1919.6996892446812,2.6235791852261103,0.5816221417890717,0.5776485887033712
1919.906082091984,2.6222069657223788,0.5817495427384338,0.5804383592626333
1920.1220033039037,2.6207704083651553,0.5816790665434788,0.5770453286608015
1920.3379245158235,2.619332829457737,0.581680600917444,0.5738844368187491
1920.5501109608713,2.6179191118152008,0.5819855372887052,0.5769319649574135
1920.762297405919,2.6165044093255396,0.5821538152321147,0.5796662313135238
1920.9774993851906,2.615068603239415,0.5818207699724357,0.5765555462060196
1921.1927013644622,2.6136317766676194,0.5814335685857136,0.574155059378189
1921.396428540951,2.6122706098009583,0.5814499588544171,0.5775934862742359
1921.60015571744,2.610908521614097,0.5815531820731276,0.5805677595139952
1921.8134715076726,2.6094813449231644,0.5814061055795613,0.5775109767829634
1922.0267872979052,2.6080531535670106,0.5813685180563936,0.5741588352848177
1922.2367468855555,2.606646431496477,0.5817772297701445,0.5767881888205052
1922.4467064732057,2.605238726243425,0.5821005625128891,0.5797186553159517
1922.668576464168,2.6037501077620804,0.5817761993669612,0.5767801671069012
1922.8904464551301,2.6022603873259156,0.5812975205383584,0.5741354281869666
1923.09137105803,2.6009103377680525,0.5812920135294816,0.5774327702174992
1923.29229566093,2.599559376835826,0.5813819428828363,0.5806010653811077
1923.5026561701338,2.5981440018648763,0.5811644977300228,0.5779509948535102
1923.7130166793377,2.5967276239700943,0.5810581493925572,0.5743884805489238
1923.9169521513802,2.5953535377411603,0.5815166966608847,0.5764484004835216
1924.1208876234227,2.5939785057665046,0.5820001954663558,0.5796673242468424
1924.355396376682,2.592396178238037,0.5817247229772747,0.5771347181938777
1924.5899051299411,2.590812600327831,0.5811384369996256,0.5741443075139611
1924.7820324856054,2.5895142671716065,0.5811164567476608,0.577150509993595
1924.9741598412697,2.5882150861469166,0.5812225866662833,0.5805222560112802
1925.182477928783,2.5868054715854534,0.5809832558169028,0.5785353056940354
1925.3907960162965,2.5853948587600177,0.580788347449985,0.5746415741637578
1925.5781633479608,2.5841252484792814,0.5811974935109065,0.5756944831588885
1925.765530679625,2.5828548235549915,0.5818166662466399,0.5791188392302037
1926.0273914677387,2.5810779569531754,0.5817090250375551,0.5778004322059384
1926.2156382384792,2.5797996259139153,0.5811054604477205,0.5744508695863635
1926.4013078971516,2.5785379821802077,0.5808645675171236,0.5753838180707324
1926.5543820897608,2.57749721925758,0.580982691141589,0.5787253909701775
1926.70745628237,2.5764559113109216,0.5810438063493663,0.5806419317658839
1926.8984236002077,2.5751560692896303,0.5807820434283807,0.5782841420084203
1927.0893909180454,2.5738553736811283,0.5806022494390988,0.5746874276057183
1927.2701957830357,2.5726230988780494,0.5810282244709846,0.5754517632522935
1927.451000648026,2.5713900521995066,0.5817074479136921,0.57879619962533
1927.7204036830856,2.569551374307436,0.5816257144434568,0.5780207324683401
1927.9108628641306,2.5682504644094934,0.5809079880713794,0.5746074719227536
1928.0931246944551,2.567004736752059,0.5806035368389025,0.5752444331664366
1928.2742317785871,2.565766115962795,0.5807838276638538,0.579080119661047
1928.4553388627191,2.5645267198077475,0.5808627078983407,0.580523684064716
1928.6460520356995,2.563220749027817,0.5805893948784479,0.5772346452277894
1928.83676520868,2.5619139099620973,0.5805632272300351,0.5743151200006603
1929.0314974310888,2.560578626396734,0.5812165002938869,0.5763728193523179
1929.2262296534977,2.5592424365585753,0.5818120690616994,0.5794929626164765
1929.4640423988164,2.5576094256799613,0.5812942885260909,0.5772747776252343
1929.7018551441352,2.555975061686647,0.5803730658369314,0.5743852357155479
1929.9032782634335,2.5545897101754433,0.5804255178548002,0.57751710231117
1930.104701382732,2.5532033788601805,0.5807552525345361,0.5805591816596504
1930.3193675048653,2.5517248303731543,0.5806146029807118,0.5777599053608383
1930.5340336269987,2.5502451668169948,0.5805639571082115,0.5741380115522411
1930.7394931023434,2.548827907128543,0.5812320579660882,0.5763311209450286
1930.9449525776881,2.5474096224193907,0.5817214204241635,0.5795528444972453
1931.1713786276823,2.545845429452143,0.5809921845457405,0.5772778973056035
1931.3978046776765,2.5442799877319726,0.5800346170647076,0.5744954613472664
1931.6044624003537,2.5428501122130696,0.5802033847439394,0.5775207367759156
1931.8111201230308,2.541419187830042,0.5807417234275124,0.5804191214999794
1932.029696069086,2.5399046086941635,0.5807012530234069,0.5772747980663673
1932.248272015141,2.538388854387899,0.5806527888472139,0.5738609691749134
1932.4546465459962,2.536956622711953,0.5812298954843167,0.5765502792758702
1932.6610210768513,2.5355233406071185,0.5814813282193408,0.5796938557609018
1932.876288120859,2.5340271885776096,0.5805915300690284,0.5773285571150101
1933.0915551648668,2.532529887178795,0.5797169422215934,0.5745730916899653
1933.301009264259,2.5310718995765438,0.5801015465988067,0.5773863902404478
1933.510463363651,2.5296128166294265,0.5808818129287217,0.5801454662673633
1933.7324682842452,2.528065118426373,0.5808786719912931,0.5768060301773589
1933.9544732048394,2.526516188236196,0.5806813208121071,0.5736682493084719
1934.1596943867514,2.52508325057717,0.5810455352170973,0.5767901771043514
1934.3649155686635,2.523649256815437,0.581087922938468,0.5799063705224763
1934.5745524053143,2.5221833247045367,0.5801840170744077,0.5774099087403286
1934.7841892419651,2.5207162828678604,0.5795277329999834,0.574530239242097
1934.9946919000972,2.519242051357726,0.5802055319408276,0.5771384863758231
1935.2051945582293,2.517766695844238,0.5811515138010217,0.5797770826336148
1935.4286094434192,2.516199624065849,0.581019461314459,0.5764042668321325
1935.652024328609,2.514631284037172,0.5805259890160077,0.5736413155434795
1935.8550601656937,2.5132048894699914,0.5806621372433591,0.5770945089563869
1936.0580960027783,2.5117774430612365,0.5806411858251055,0.5801312742851609
1936.2668574734234,2.5103086518133573,0.5799088255567867,0.5773559266132787
1936.4756189440686,2.5088387407131383,0.5795818071177886,0.5742855909962019
1936.6866781541491,2.5073514999376827,0.5805173605589146,0.5768606956902385
1936.8977373642297,2.505863111943099,0.5814154904064042,0.5794299223140816
1937.11877232798,2.50430315570174,0.5809550149182744,0.5761488077049152
1937.3398072917303,2.5027419366115495,0.5801474182707396,0.5737885266987776
1937.5401701133278,2.501325625525146,0.5801896150457432,0.5773848521228869
1937.7405329349253,2.499908271834788,0.5803206504579652,0.5802367009585196
1937.9511606727506,2.4984171870537017,0.579907469158902,0.5770765322757252
1938.1617884105758,2.4969249431244975,0.5798794499704207,0.5738626076232023
1938.374700898297,2.4954153226673474,0.5808691746945112,0.5766857691255391
1938.5876133860183,2.49390451708161,0.581450764549678,0.5792590271096234
1938.8009377201647,2.492389608582927,0.580603243051772,0.5760990531035626
1939.014262054311,2.4908735024214366,0.5796653461493555,0.573982333955201
1939.2129579591146,2.4894602716642518,0.5798333926594104,0.5774925292803613
1939.4116538639182,2.4880459975015055,0.5802802757951637,0.5801229577192089
1939.6246858286581,2.4865285307000535,0.580177734903576,0.5766138266333511
1939.837717793398,2.485009859044703,0.5802316067366426,0.5734197333036052
1940.0468115764825,2.4835180795507967,0.5809715742847544,0.576587851226527
1940.255905359567,2.482025138537378,0.5811613835934281,0.5793628822953134
1940.4629039400725,2.4805460194007747,0.5801345312351722,0.5763661656399991
1940.669902520578,2.4790657525199555,0.5792987164430716,0.5740372023915509
1940.8705305925696,2.477629934313512,0.5797517410279397,0.5772880039714331
1941.0711586645612,2.4761930341078053,0.5805232038546725,0.5798077767554746
1941.2858262747336,2.47465439298991,0.580532681560804,0.5761133967211762
1941.500493884906,2.4731145089694078,0.5803881341832937,0.5731449034120617
1941.7022565225884,2.4716660529074845,0.5807410527953211,0.5766403562889414
1941.9040191602708,2.4702164966310267,0.5806841765374983,0.5796254778227519
1942.1095146617838,2.4687389959986312,0.5797348003716839,0.5766393892504147
1942.3150101632968,2.4672603445728276,0.5791948671284212,0.5739043656896197
1942.5171315376112,2.465804837468216,0.5799665439161075,0.5769292376637022
1942.7192529119257,2.464348214360098,0.5808795116005062,0.5794270248284142
1942.9334364805927,2.4628034540667585,0.5807287833775066,0.5757430463224277
1943.1476200492598,2.461257436218433,0.5802348993802726,0.5731079959131014
1943.3432033851511,2.4598445689280863,0.5802940647216912,0.5768332821880517
1943.5387867210425,2.458430649291842,0.5802172245126056,0.5798601931957843
1943.7443489789327,2.4569434603325457,0.5795537881497522,0.5766804082312432
1943.949911236823,2.4554551002688996,0.579378284636331,0.5735834939630036
1944.1525366326612,2.4539868473780144,0.580327200807262,0.576580765016516
1944.3551620284993,2.4525174553385933,0.5811137537622686,0.5791504797662612
1944.5660077770024,2.4509872499663135,0.5806396694177021,0.5755848628758059
1944.7768535255054,2.4494558050880055,0.5798661047515411,0.5732153802190385
1944.968608628887,2.448061934733269,0.5798419742311486,0.577019070824695
1945.1603637322687,2.4466670347130717,0.5799381816955994,0.5799471775681718
1945.3658737139128,2.445170938670688,0.5796321091953475,0.5764685005640621
1945.571383695557,2.4436736528229814,0.5797134110219277,0.5731765954908562
1945.771270394256,2.442216185376652,0.5805979837323627,0.5763150378056198
1945.9711570929549,2.4407575918055233,0.5810892212113584,0.5790801837690562
1946.1772457646048,2.439252569453975,0.5803472779963207,0.5756936420965874
1946.3833344362547,2.4377463423970798,0.5794819579342028,0.5732932295010953
1946.5733499784199,2.4363565093311204,0.5795470864667674,0.5769968761677968
1946.763365520585,2.4349656473378456,0.5798935976888911,0.5798778337520132
1946.9685346077247,2.433462716399236,0.5798657393074056,0.5761922054280159
1947.1737036948643,2.431958580705463,0.5800039001543982,0.5728123432071456
1947.3676795270965,2.430535387915126,0.5806517173618114,0.5761031587429153
1947.5616553593286,2.429111117095637,0.5808637093800607,0.5791741096781851
1947.7645261990076,2.4276203869213586,0.5800171033094998,0.5759822535467601
1947.9673970386866,2.4261284694759317,0.5792146432535576,0.5732711392431293
1948.1554896189596,2.4247441597804094,0.5794325779012456,0.576747434640634
1948.3435821992325,2.42335882441572,0.5799856666257653,0.579727392894492
1948.5482971133094,2.421849904102655,0.5801005807629076,0.5760357404436584
1948.7530120273864,2.4203397656712005,0.5801465361605592,0.5725500586672921
1948.9403020958114,2.418957090542461,0.5805291978094516,0.5758978496408242
1949.1275921642364,2.4175733932135124,0.580566068925507,0.5793106077529696
1949.3294470835533,2.4160809516410704,0.5797485018632504,0.5763106430453862
1949.5313020028702,2.414587315017199,0.5790831310524409,0.5731700889820006
1949.7167599349928,2.413213944257253,0.5794328960272898,0.5764024308165628
1949.9022178671153,2.411839559461347,0.5800951583283871,0.5795684771956655
1950.1063371083874,2.410325715749567,0.5802476948251504,0.5759961981174176
1950.3104563496595,2.408810642067274,0.5801596493982865,0.5723823632781639
1950.4933703641184,2.4074519097709746,0.5803368111552554,0.5757673741935003
1950.6762843785773,2.4060921857120166,0.5802774465635924,0.5794287414718935
1950.8770964074806,2.404598276424513,0.5795494684505063,0.5765016530025289
1951.077908436384,2.4031031645966547,0.5790430695267563,0.573031051786867
1951.2621110820164,2.4017306468269357,0.5794830443961837,0.5761812060825604
1951.4463137276489,2.400357112244833,0.5801671989977722,0.579460647337224
1951.648054516894,2.398851643079491,0.5802898712128658,0.575895208354821
1951.8497953061392,2.3973449530540387,0.5801022827325861,0.5722768709660511
1952.0296763777194,2.3960004822837937,0.580151466016995,0.5757718655154809
1952.2095574492996,2.394655036145193,0.5800408251561103,0.579530021486728
1952.407597733778,2.393172641942775,0.5794112557639829,0.5765282746355627
1952.6056380182563,2.391689058489358,0.5790381184951087,0.5728844961815462
1952.7894554513482,2.39031094852481,0.5795153737989996,0.5761004246092243
1952.9732728844401,2.3889318095727403,0.580167794900142,0.5794265068418659
1953.1709023897884,2.387447901370425,0.5802502289000743,0.5757587912677732
1953.3685318951366,2.385962802273478,0.5800258340696384,0.5721940923181253
1953.544905994198,2.384636413806971,0.5800122541439803,0.575787881651454
1953.7212800932593,2.3833090720193306,0.5798805236453867,0.5795922251696475
1953.9159064434696,2.381843266384512,0.5793269727329791,0.5765248234901774
1954.1105327936798,2.380376293065167,0.5790232325416669,0.5727565152717111
1954.295052043051,2.3789844126204334,0.5794842755870764,0.5760994756275446
1954.4795712924224,2.377591478414124,0.5800863372943159,0.5794560642668869
1954.6721036851827,2.3761369363664717,0.5801570054425428,0.5756302195884653
1954.864636077943,2.3746812453200787,0.579960249281242,0.57211164079387
1955.037141503065,2.373375989400528,0.5799337971528664,0.5757649808134004
1955.2096469281869,2.3720698066045336,0.5797958878184479,0.5796138887955044
1955.4005678782248,2.37062310728279,0.5792840145043353,0.5765345505299762
1955.5914888282628,2.3691752659438405,0.5789848164416054,0.5726563297108584
1955.7761560500992,2.367773753201157,0.5793767055128523,0.5761115226024573
1955.9608232719356,2.3663711675087056,0.5799200555865647,0.5795428887021131
1956.1481872484153,2.3649470089706015,0.580018796354287,0.5756044050157825
1956.335551224895,2.363521744314385,0.5799024817495041,0.5720243400889202
1956.506188414022,2.362222749458504,0.579906984431103,0.575709467698425
1956.6768256031492,2.360922833150194,0.5797777018189524,0.5796116447869346
1956.86320766295,2.3595019222808147,0.5792859498618382,0.5764991372646356
1957.0495897227506,2.3580799054909645,0.5789463477315219,0.5725696391341997
1957.2315146493695,2.3566908186045734,0.5792132555809638,0.5760829412343681
1957.4134395759884,2.355300672813165,0.5796704294692477,0.5796921405766259
1957.596590588642,2.35390009408231,0.5798150334954233,0.5757858491635797
1957.7797416012954,2.3524984409850975,0.579811165692598,0.5719569425936772
1957.9521231076699,2.3511782185419112,0.5798950214588056,0.5756445031273113
1958.1245046140443,2.349857040846906,0.5798089536100091,0.5795997468326236
1958.304888384084,2.34847351161567,0.5793514264716542,0.5763691520330011
1958.4852721541238,2.3470889301327307,0.5789599495770098,0.5724621469574958
1958.6617033089585,2.3457336608532784,0.5790573833672383,0.575983546218536
1958.8381344637933,2.3443773787641566,0.5793716802708548,0.5798769198467487
1959.0183216024272,2.342991182747547,0.5795228908062481,0.5761781005057726
1959.1985087410612,2.341603929401906,0.5796203371474331,0.5719690796764575
1959.3702735839402,2.340280528310436,0.5798197619083637,0.575449701013879
1959.542038426819,2.3389561635283607,0.5798528897593883,0.5795583320635248
1959.7190502818464,2.3375903374064912,0.5794951426938247,0.5763636641106893
1959.8960621368738,2.336223482930021,0.5790815345578348,0.5723019598226438
1960.0662737827859,2.3349081597103303,0.5790068655293433,0.575717307619618
1960.236485428698,2.333591878248981,0.5791240652812998,0.5800082240157842
1960.4150705646753,2.33220981661468,0.5791863112770271,0.5767215565785416
1960.5936557006526,2.330826698538754,0.5793011782265024,0.5721053305996708
1960.759550392472,2.3295409138366554,0.5795808011370089,0.575131996266832
1960.9254450842914,2.328254214802282,0.5797800612259791,0.5795060117721487
1961.1030341087878,2.326875804216495,0.5796261089058174,0.5766570030572649
1961.2806231332843,2.325496343917984,0.5792939909426387,0.5721125042219256
1961.4487480428807,2.324189422093605,0.5791307681491977,0.5753305226572408
1961.6099108785675,2.322935728963493,0.5790709135012835,0.5799502994648676
1961.7862829490923,2.321562725488183,0.5789611985776445,0.5773511619637639
1961.9365358189857,2.3203922260819563,0.5789364757912019,0.5726936094959882
1962.0722672853042,2.3193341932120215,0.5790900552894038,0.5733049892330702
1962.2172813795592,2.3182031118438844,0.5793632393830572,0.5779818277515357
1962.3622954738141,2.3170713215444025,0.5795395233542467,0.5796445117323297
1962.514972108214,2.315878962519188,0.5795161718439392,0.5753101436273569
1962.6676487426137,2.3146858138470474,0.5794024074226065,0.5718955286058452
1962.8073152441893,2.3135936419327936,0.579330179873038,0.5747867667067849
1962.946981745765,2.3125008055770255,0.5792469577237508,0.5793857965199883
1963.130409632202,2.311064546152936,0.5790147610565769,0.577995770227724
1963.2432526663367,2.3101804029616892,0.5788636977209279,0.5740531338961005
1963.3560957004715,2.3092958217416446,0.5788025164072558,0.5723222807579922
1963.4846955932574,2.308287185891552,0.5788778881711517,0.5751254903331985
1963.6130322047104,2.307280047026197,0.5790338204707222,0.5793320557035675
1963.7808273560315,2.3059623997503027,0.5791844235354388,0.5786177408959496
1963.9002030290599,2.3050243883488934,0.5792294003795131,0.5742868593241646
1964.0195787020882,2.3040858850158092,0.5792716146629473,0.5719046177359611
1964.151196985846,2.303050561142664,0.5793368765208532,0.5745757981552337
1964.2828152696036,2.302014638381109,0.5793622542542047,0.5790794300854001
1964.4442561282924,2.3007431768538673,0.5792406107690281,0.5787535893577719
1964.57480990432,2.2997143140539666,0.5790557010568071,0.5741971392561224
1964.7053636803478,2.2986848571739786,0.5789073622459664,0.5722482036530023
1964.8441235657479,2.2975900381172547,0.5788538940280185,0.5759773381661342
1964.982883451148,2.296494545386028,0.5788621816419853,0.5801778974744104
1965.1451448446,2.29521265833672,0.5788691090585344,0.577884018014058
1965.2634341914204,2.294277575280825,0.5788891099922686,0.5735123549893603
1965.3817235382407,2.2933419994669437,0.5789608901613026,0.5722884605560683
1965.526946038353,2.292192728864396,0.5791040635092916,0.5765671947392642
1965.672168538465,2.291042717340737,0.5792079953552616,0.5801152561026994
1965.8351853554334,2.2897509128454683,0.5791911024075787,0.5763934789400692
1965.9982021724018,2.288458172404285,0.5790981069793475,0.571973987404401
1966.1620670101267,2.2871577576571664,0.5790233460948303,0.5758415777599005
1966.3133030689298,2.2859567187226943,0.578949807421993,0.5803334641925405
1966.4749840754823,2.28467183476887,0.5788367261612368,0.5773339208224384
1966.6366650820348,2.2833860188452175,0.5787626245939407,0.5723966942734061
1966.783528444282,2.282217231566507,0.5787925955764863,0.5748915215332479
1966.9395638162896,2.2809746028110895,0.5788810125488288,0.5800955957769083
1967.1393944769277,2.2793819277114302,0.5789575883518334,0.5765901913639447
1967.3289918995588,2.277869489000964,0.5789996267117455,0.5720635050003937
1967.4821127158507,2.276647083152359,0.5790337003008658,0.5766500795933182
1967.6352335321426,2.2754238345053572,0.5790240952870853,0.5803671534000889
1967.802471473706,2.2740868445645357,0.578944166065539,0.5758658468936497
1967.9697094152693,2.27274884277709,0.5788584090115358,0.5722475992606558
1968.1207127808746,2.2715398523062436,0.5788220212724186,0.5768351286649035
1968.2717161464798,2.270330031499138,0.5788070608565871,0.5807389230662485
1968.44339423013,2.268953558692076,0.5787959211296662,0.5760852023464945
1968.6150723137803,2.2675760072481186,0.5788149349940519,0.5723450827340675
1968.7666096280354,2.2663591667455214,0.5788584480698643,0.5770654051440015
1968.9181469422906,2.265141485206694,0.5788936268977355,0.5805504923689038
1969.0873890049745,2.2637805443579513,0.5789009740890002,0.5755015149343522
1969.2566310676584,2.2624185517793336,0.578892415141336,0.5722421150222998
1969.4056720810854,2.2612182545683592,0.5788838975358696,0.5772786878367375
1969.5547130945124,2.260017138370675,0.578869820474862,0.5806857317196883
1969.7233319556194,2.258657256064701,0.5788498454793041,0.5755621592764572
1969.8919508167264,2.2572963167382514,0.5788402221779645,0.5725943476851498
1970.039658505959,2.2561032805759003,0.5788399149429274,0.5777418276879179
1970.1873661951918,2.2549094296908887,0.5788398736892152,0.5808617976477015
1970.3554549464031,2.253549857626643,0.578837916417935,0.5753847922885887
1970.5235436976145,2.2521892270310304,0.5788305329582641,0.5725380296982361
1970.6741577122427,2.250969148482906,0.5788177173288336,0.5779404606691062
1970.824771726871,2.24974822023375,0.5788110553730241,0.5805828578472052
1970.9855364505015,2.248444069332482,0.5788229839189043,0.574990311552371
1971.146301174132,2.2471389452568427,0.5788480514537454,0.5725628948503463
1971.2990795226428,2.245897750410339,0.5788747630083565,0.5782627673793771
1971.4518578711536,2.244655671822672,0.5789082974264053,0.5807567173736853
1971.6104839400216,2.2433651141940816,0.5789459227447381,0.5750156322201221
1971.7691100088896,2.242073596057006,0.5789570475528172,0.5728387198778127
1971.9232715163541,2.240817504661187,0.5789269052392408,0.578657255492522
1972.0774330238187,2.239560504354889,0.5788814674423736,0.5806277397583632
1972.2328677486655,2.2382922025929837,0.5788432373872355,0.5746345680384872
1972.3883024735123,2.2370229744723953,0.5788066570584769,0.5727734628451405
1972.5662286982335,2.235568949440168,0.5787806907336609,0.5796237146296808
1972.7422654186057,2.2341291699961867,0.5788242124135033,0.5790784928439225
1972.9026862635978,2.2328160717391783,0.5789177728100152,0.5728188721498315
1973.06310710859,2.2315019767491564,0.5790081222301806,0.575060681635113
1973.2167171470837,2.230242735672518,0.5790728024281445,0.5809119678826797
1973.3900848207231,2.228820425472126,0.5791258923518297,0.5776574241809758
1973.5634524943625,2.2273969410561363,0.579118056723292,0.5724303214311676
1973.7349903661573,2.2259873211656203,0.5790216670289173,0.5780084797407589
1973.8900445123766,2.2247121653470523,0.5789180473750578,0.5810487912180206
1974.0532608299366,2.2233688677110637,0.5788547947277785,0.574913943718106
1974.2164771474966,2.222024524774652,0.5788363192899082,0.5730278084492536
1974.3827017577662,2.2206543270765433,0.578871325131104,0.5797851864534654
1974.5489263680358,2.2192830416709244,0.5789974259332018,0.5796733171821323
1974.6901137097516,2.218117446254939,0.5791499697713037,0.5736664236546791
1974.8313010514673,2.2169510591092507,0.579277026801496,0.5735958781102081
1975.0066371599066,2.215501453631441,0.5793518912091908,0.5807249465486328
1975.1755934185446,2.214103432959845,0.5793523928989395,0.5786886443622241
1975.3249087714578,2.2128669792288984,0.5792867419323285,0.5727801636235983
1975.4707955785893,2.21165805307564,0.5791546982346046,0.5752083082154689
1975.630744850376,2.210331614110707,0.5790004182603727,0.5812574787331597
1975.8444041901207,2.208558164761791,0.5789353737698334,0.5751922969461308
1976.0580635298654,2.2067828808825687,0.5790402535862942,0.5749386240509274
1976.2737209304044,2.20498912772405,0.5792797739110175,0.5814411069842684
1976.4285913345584,2.203699814954112,0.5794953707835924,0.5756623370168076
1976.5834617387125,2.202409525869393,0.5796453076603496,0.5729229755558862
1976.7353992990472,2.201142719258411,0.5796680213544003,0.5790987861431935
1976.887336859382,2.19987496805797,0.5795889856318515,0.5811392289941526
1977.034766964457,2.198643922758429,0.5794525788111442,0.5749162121506599
1977.182197069532,2.1974119861898815,0.579281599747125,0.5731374001438099
1977.3390988604167,2.1960999240516075,0.5791266535313558,0.579772432874992
1977.4960006513013,2.1947868517643596,0.5790963646385934,0.5805405610823464
1977.6316000165211,2.193651239238948,0.5791956203388232,0.5744682706256714
1977.767199381741,2.1925148688272382,0.5793760674735774,0.5731714056417289
1977.9247199433337,2.1911938361985466,0.5796289540577833,0.5799189177815034
1978.0822405049264,2.1898717735696582,0.5798682238189488,0.5805740160778827
1978.2181284680619,2.1887304417350464,0.5800011402186105,0.5744185231340864
1978.3540164311974,2.1875883381813392,0.5800135315507532,0.5733527525239422
1978.5116015442682,2.186262907405943,0.5798758637544784,0.5801911827380517
1978.669186657339,2.1849364359301973,0.5796518219193532,0.5804208191741476
1978.8038059794876,2.183802454314227,0.5794657433870903,0.5742301882821449
1978.9384253016362,2.1826677127659417,0.5793395836296564,0.5734925229977026
1979.1004844481495,2.1813006647648425,0.5793330395889035,0.5805993559113497
1979.2625435946627,2.1799325121055135,0.5795151031094907,0.5798977010569905
1979.3998066351398,2.178772828973893,0.5797750891940167,0.5736433072755722
1979.5368698032262,2.1776140385063347,0.5800550885554683,0.5742667420610259
1979.7033085688283,2.1762058205587564,0.5803122698187674,0.5814632830436353
1979.8840300426648,2.174675419495606,0.5803792358942197,0.5777989502595993
1980.0524170897718,2.1732482123931676,0.5802199708025298,0.5728170368956453
1980.213912664547,2.171878275128184,0.5799441899128431,0.5791960579147376
1980.3674744140776,2.170574602358223,0.5796898170857907,0.5815504924852359
1980.5107552848453,2.169357297917239,0.5795613497354565,0.5752017505388066
1980.654036155613,2.168139112815868,0.5796065192937697,0.573397173941977
1980.8102814893764,2.1668096969627,0.5798568207986963,0.5803463981956919
1980.9665268231397,2.165479227207527,0.5802181055129488,0.5807700906255052
1981.0998932602995,2.16434274010693,0.5805100282058415,0.5744466692276712
1981.2332596974593,2.163205479851385,0.580712784532361,0.5736712482474191
1981.3922629302328,2.161848592607344,0.5807630524159869,0.5808721319315782
1981.5512661630064,2.1604905995397745,0.5805718145772522,0.5802054766174216
1981.6870097490598,2.1593303834779043,0.5802863305517433,0.5738361310733218
1981.8227044340324,2.1581697798643753,0.5800160015295283,0.574505017559184
1981.9868997679644,2.1567643313221376,0.5798478372754995,0.5818197022711139
1982.177870095421,2.155128211425937,0.5799463491512059,0.5773440012774006
1982.3837528543265,2.1533625344703498,0.5804065305720331,0.574358129703423
1982.5700734522447,2.1517630114477226,0.5809166575695077,0.5821989988594333
1982.760752500261,2.150124473935233,0.5811485860127055,0.5763957763750441
1982.9969103612698,2.1480928823258503,0.5809316500645029,0.5766558782316107
1983.229781753672,2.14608712356292,0.5804078767513401,0.5811321092238048
1983.3610437796071,2.1449554734378333,0.5801524492044626,0.5747681854416521
1983.4923058055424,2.143823053460636,0.5800966557440025,0.5739069747311025
1983.6532912818934,2.1424331514649078,0.58034950955672,0.5813368361748996
1983.8142767582444,2.141042083741656,0.5807817261760242,0.580226043051129
1983.9507653177343,2.139861776017216,0.5811499920314664,0.5737538034381513
1984.0803621778603,2.138740285393337,0.5814361479716001,0.5748926396965917
1984.238661425029,2.137369378435112,0.5815599134064187,0.5821070264109113
1984.4480264693536,2.135554474370369,0.5811761363103349,0.5764107945815098
1984.6205312532404,2.1340575958637205,0.5807046313355603,0.5743040896285107
1984.7930360371272,2.132559361454104,0.580454216022239,0.5822026943400611
1984.9607406341288,2.1311015132073017,0.5804828663425583,0.5789944305235305
1985.1143488080595,2.129765074617334,0.5807985629199401,0.5732329552591051
1985.2606222572133,2.1284914446307575,0.5813191231477737,0.5783075824567128
1985.4095486280319,2.12719370085609,0.5817794069757849,0.582753182587023
1985.583675726753,2.1256750528345902,0.5818994711041774,0.5754583546804659
1985.757802825474,2.1241549974252067,0.5816568909382929,0.5753510611059669
1985.9413680480263,2.1225510252573856,0.5811976751468908,0.5829462822705765
1986.148915822368,2.1207356043371632,0.58068458446944,0.5752204483265243
1986.3090266956249,2.1193337446433085,0.5807398574536647,0.5753833255427894
1986.4691375688817,2.1179306894793566,0.5812246865723683,0.5826870567393849
1986.6991593733508,2.11591289477711,0.581944414809845,0.575343025940324
1986.8431097059213,2.1146488671452794,0.582226340660617,0.5745357119507453
1986.9870600384918,2.113383860377522,0.5822721569524336,0.5815909385172288
1987.1554614338766,2.1119027331260427,0.581854920836437,0.5805157941742051
1987.2924190860526,2.1106971670153993,0.5813391170344054,0.5740672280762648
1987.4199833485368,2.1095734871186256,0.5810428221638285,0.5757861472548595
1987.5737348566854,2.108218105061877,0.5810541859216803,0.5829365959799427
1987.8157255761905,2.1060825748087066,0.5815782856354729,0.5750926137694017
1987.9577824355426,2.104827642480971,0.5821237793969327,0.5751601664641963
1988.0998392948948,2.1035717423067624,0.582611199564882,0.5821288672636342
1988.2783674454067,2.1019920226400273,0.5826148194479128,0.579641489773265
1988.4285321523218,2.10066208508762,0.5821698944268371,0.573679029704855
1988.569856426613,2.0994094493642943,0.58174594813189,0.5784167211518502
1988.7173106020439,2.0981014508900646,0.5814221128958339,0.5835831356707506
1988.914736732233,2.096348521681639,0.5813134931794268,0.575465725175662
1989.0723213883196,2.0949479859002667,0.5818053361595575,0.5760269388699406
1989.229906044406,2.0935462416062407,0.5825608406524152,0.5832307877301746
1989.4642350711224,2.0914595864690733,0.5829528433935263,0.5753817450683603
1989.6055430996923,2.0901999611351365,0.5827774976284555,0.575310544600217
1989.7468511282623,2.0889393536284193,0.5824327096294776,0.5824329797999881
1989.9235618402508,2.087361530128597,0.581778627928333,0.5804170099499706
1990.0688699892494,2.086062940178158,0.5814646292322787,0.5742262095402503
1990.205669503169,2.084839440415518,0.5817236997544565,0.5780753549127225
1990.353483416052,2.083516389550453,0.5823734759929163,0.5838757003462831
1990.5519972346592,2.0817378193715337,0.5830366652621412,0.5761273057918816
1990.7105978002955,2.08031543541488,0.5832899378128316,0.5757716963582835
1990.8691983659319,2.0788917921912953,0.5831790078652018,0.5833840189481643
1991.0784543217796,2.077011512702956,0.5822686455805067,0.5775209013474395
1991.239048487215,2.0755669947040527,0.5817920027715744,0.57534387182494
1991.3996426526505,2.0741211833372026,0.5820270668353527,0.5831451061737416
1991.565225213087,2.0726290966017955,0.5825710640753127,0.5811038933913383
1991.7054676994092,2.071364265160503,0.5830684304080487,0.5745892813705853
1991.8366531064291,2.0701802164026706,0.583547984155572,0.5773545685678481
1991.9858781092948,2.068832279938436,0.5837426088063136,0.5839945194906324
1992.192889208231,2.0669604739259477,0.5829388606979534,0.5769390704762016
1992.3452351264607,2.065581553919837,0.5823094004837777,0.575844916991597
1992.4975810446904,2.0642014490295435,0.5822050476932038,0.5834271581271716
1992.6702955666563,2.062635380634657,0.5824610293062493,0.5811743971802618
1992.8148896670616,2.0613231089240625,0.5829479669633416,0.5747961599137668
1992.9507780648696,2.060088865649042,0.5836414970758768,0.5784402240014616
1993.0986899709483,2.058744327328772,0.584116543206184,0.5844350284657484
1993.2971066475009,2.0569388984185677,0.5835814596141645,0.5770147722538278
1993.4573416095327,2.055479395952053,0.5828888492841012,0.5765525501541986
1993.6175765715645,2.054018558073485,0.5825708710091464,0.5843396390783264
1993.8223843493959,2.052149397987867,0.5825685110706776,0.5787483029127052
1993.995457219278,2.050568152408842,0.5832615734305897,0.5761402105688409
1994.1685300891602,2.048985334967591,0.5842393200161444,0.5842166756466615
1994.3349341573637,2.047462006503146,0.584321492265277,0.5808633384973915
1994.489647202373,2.0460443828142862,0.5837341304884485,0.575127769653641
1994.6356876025125,2.0447050646775504,0.5832356308540168,0.5807354447695801
1994.7840058251775,2.0433436964907945,0.5828689060966451,0.5852279810591773
1994.9571433337408,2.041753033394865,0.5827082820102703,0.577693249101167
1995.130280842304,2.0401607759728195,0.5834403351349348,0.5776938231790488
1995.309275489451,2.0385129686348766,0.5845217717754861,0.5851803969194321
1995.5310806062278,2.0364686474917106,0.5844306439065797,0.5767937035588965
1995.6790024624001,2.035103814528225,0.5839172411104666,0.5775144145977418
1995.8269243185725,2.0337378011219474,0.583461230295616,0.5848607928661029
1996.0476412055787,2.031697336034747,0.5828881911968806,0.5792332019555229
1996.2217586445659,2.030085806903161,0.5834068737424807,0.5772225090909371
1996.395876083553,2.028472631629888,0.5845947597224224,0.5851737024533177
1996.5735844885648,2.026824466226627,0.5849387625211855,0.5808981856969557
1996.737698418607,2.0253008398760812,0.5844728756185212,0.5760919964091638
1996.9001035807225,2.023791623768772,0.5839674067431215,0.5834300869006458
1997.053165185162,2.0223679022767707,0.58342468635156,0.5852935296569727
1997.1879516110448,2.021113094467511,0.5831145359149713,0.5787468955577204
1997.3227380369276,2.019857285839251,0.5834950323531685,0.5770392780640862
1997.4803794542786,2.018387264227122,0.5846322084249822,0.5843519986529072
1997.6380208716296,2.016915852585046,0.5852763436280974,0.5844232152803338
1997.7715973521326,2.0156679678906215,0.5850541268505797,0.5777977885806126
1997.9051738326357,2.0144190864797005,0.5845959413301559,0.577661722174853
1998.077282255473,2.012808476993342,0.5840536478005078,0.5858815880034063
1998.2494453600927,2.0111956833160556,0.583470065734693,0.5829657275041304
1998.4037214971763,2.009749033171659,0.5835483145483953,0.5769974249433532
1998.5503157679184,2.0083731790761505,0.5845283057663399,0.5816655812727419
1998.7023324733589,2.0069451460711925,0.585510403699228,0.5866176964755447
1998.907684527073,2.0050139827328692,0.5852852271819176,0.5784740126574022
1999.0712083034907,2.0034744608448682,0.5846225493733872,0.5793386547323026
1999.2347320799086,2.001933414307268,0.5841439700898929,0.5868628781768227
1999.4767466845065,1.9996498466304147,0.5837302177785592,0.5794255734228938
1999.628090151459,1.9982201156220856,0.5844721302081293,0.5789068394733317
1999.7794336184115,1.9967890689066972,0.5856499644911816,0.5859168717070512
1999.955427091619,1.9951232616910637,0.5859032236138701,0.5843230073359855
2000.1003088749899,1.9937505745252126,0.5851564131765088,0.5780700377111732
2000.2350999529415,1.9924724004907928,0.58453948952223,0.5803936704266904
2000.3941436232672,1.9909628897387224,0.5842342815126775,0.5875568338479844
2000.6357307174742,1.988667103633217,0.5842378356875937,0.5803043135709363
2000.79198500482,1.9871804116954344,0.5851150681008273,0.579439965382165
2000.9482392921657,1.9856922879694578,0.5862013323893445,0.5865169133948773
2001.1222905568375,1.98403295922685,0.5860504705436478,0.5853356639356597
2001.2665654978675,1.9826561364711612,0.585012444803965,0.5791498826831332
2001.401019570076,1.9813719287478684,0.5843703521218536,0.5807418877237682
2001.5659553164373,1.9797951202513975,0.5844253466495831,0.5881272868715852
2001.7897190403144,1.977653300976762,0.5849205009170249,0.5825245916811855
2001.9944536409575,1.9756910007431134,0.5859432011504854,0.5806074120022313
2002.1991882416007,1.973726183856587,0.5865091100448866,0.5885949383639848
2002.4276501664772,1.971530645050952,0.584872108376265,0.5814622620569007
2002.6060102169436,1.9698143986781202,0.5842442168211328,0.5818014916587955
2002.78437026741,1.968096230482058,0.5850890585224297,0.5891468403665219
2003.009103199381,1.9659285660051642,0.5859610500984312,0.5830425909538882
2003.229006446286,1.963804493146057,0.5863770304119236,0.5821509047422152
2003.448909693191,1.9616774486354078,0.5859569836486445,0.5898377928041787
2003.6253856829067,1.9599682838963373,0.5846502625203461,0.5841707646635033
2003.8018616726224,1.958257197736402,0.5844738636348737,0.5815706953366506
2003.9687670480284,1.9566371420425765,0.5858543300714049,0.588259192577867
2004.1356724234345,1.9550153407220427,0.5868512457952688,0.5892219822279835
2004.2789126250962,1.953622088989885,0.5866058351876805,0.5832653639559616
2004.4221528267578,1.9522275528759134,0.5860157281049515,0.5815195167640187
2004.5840160622347,1.9506501667205582,0.5856298837157362,0.588088227327555
2004.7458792977116,1.949071122965345,0.5852398974829359,0.5910334844806931
2004.9102379567832,1.947466028091754,0.5849323059919675,0.584996633473415
2005.074596615855,1.945859227357443,0.5856645168574792,0.58252531388389
2005.2379770187856,1.9442602986127522,0.5870838956710832,0.5885653837214925
2005.4013574217163,1.9426596537287577,0.58735042684501,0.5910322979531737
2005.5616598428007,1.941087482825927,0.5860358609131059,0.585611160555588
2005.7219622638852,1.9395136646305289,0.5848930137808682,0.5834081000351796
2005.8825629588528,1.9379352736535032,0.5851893733234406,0.5892147123387437
2006.0431636538203,1.9363552127810926,0.5860915155526123,0.5925977290190786
2006.2195217780484,1.9346181773537974,0.5865120452589874,0.586953037430528
2006.3958799022764,1.9328791180274403,0.5866971222841942,0.5837274571122107
2006.5538581572384,1.9313195882333454,0.5869240534233512,0.5891660953326372
2006.7118364122005,1.9297584158835954,0.5864656513470756,0.5934106601740776
2006.8936593002659,1.9279595532386415,0.5851153727001854,0.5890933824159508
2007.0754821883313,1.9261585135564332,0.5849798728605023,0.5853215747957058
2007.2334751340625,1.9245917618821424,0.5865157731818041,0.5895666081618961
2007.3914680797936,1.9230233484054495,0.5878524282841718,0.5938243051092499
2007.5593088878154,1.9213553252273383,0.5873424366843056,0.5910753424691934
2007.682896967513,1.920125877548462,0.586133029588195,0.5871818356529482
2007.794550180791,1.9190142821591223,0.5853215162130475,0.5864882275309626
2007.953930635287,1.9174260873788491,0.5853873394076553,0.5912425331193246
2008.1045169676638,1.9159239504690608,0.5861757627483242,0.5956229696799965
2008.2990103949644,1.9139815305735544,0.5865911872570204,0.5925854930614441
2008.462198315882,1.9123497669228673,0.5865179395284226,0.587700558163998
2008.6137313984673,1.9108329291602606,0.5868089247676006,0.5888783525747984
2008.8004985701866,1.9089612452255473,0.5871161174263766,0.5953645951849846
2008.968694540962,1.907273599177956,0.5862566410888876,0.59678953916515
2009.150173036527,1.9054504654483595,0.5848858804404465,0.592170303644726
2009.3316515320919,1.903625060509766,0.5853168751831264,0.5902125352012577
2009.5134953029687,1.9017937041396968,0.587459846093302,0.594606137259599
2009.6953390738456,1.89996002171148,0.588325669324539,0.5980236353343896
2009.8970399621355,1.8979233436870935,0.5861704237698726,0.5951802368762656
2010.0987408504254,1.8958837897491245,0.584210917988532,0.5926947340107145
2010.3087960193373,1.8937567249849017,0.5857137376946477,0.5969594951371439
2010.518851188249,1.8916265046962555,0.5878368880302078,0.6006153251844648
2010.7365058378518,1.8894158233253877,0.5868011304235374,0.597458178142039
2010.9541604874546,1.8872017131107586,0.5848708526130687,0.5950477418635349
2011.1735821998454,1.884966181732944,0.5856187472462462,0.5997297318996353
2011.3930039122363,1.8827271215519807,0.5868355015295759,0.6042188226004156
2011.6256590012113,1.8803490883385703,0.5854795966816274,0.6019876764476043
2011.8583140901862,1.8779670276070368,0.5844289860658297,0.5992070134328692
2012.0897055990833,1.8755939352867421,0.5863351056529659,0.6026381139126443
2012.3210971079804,1.8732168021895887,0.5870794938353535,0.6073934164718104
2012.5672138865089,1.8706838568842323,0.5837758873049336,0.6077947142507925
2012.8133306650373,1.8681462414601149,0.5822761758714214,0.6066744851479928
2013.0477691853887,1.865724703622365,0.5856328399694254,0.608389702836443
2013.2822077057401,1.863298854521568,0.5873989492112653,0.6112489262672309
2013.5305045015464,1.8607248068005673,0.5832380977293838,0.6131773907778901
2013.7788012973526,1.8581458012800318,0.5799212283880151,0.6151625580601766
2014.0456406481628,1.8553686284912982,0.5832123214548487,0.6181543016258432
2014.312479998973,1.8525855281638959,0.5849522708734651,0.6200490525986794
2014.5667493194467,1.8499279089575515,0.5805678434220581,0.6209417172720603
2014.8210186399203,1.847264792940065,0.5784843185917339,0.6230259637449773
2015.04369555756,1.8449279889578842,0.5811878868696198,0.6257803609610786
2015.2663724752,1.8425867790834851,0.5820405135575827,0.628039577410175
2015.5144467890386,1.8399732261273758,0.5775334801220979,0.6293769671246989
2015.7625211028774,1.8373540279590685,0.5751070101063415,0.6301728099052586
2015.9984494197229,1.8348577830231882,0.5787398312761779,0.6308248947692057
2016.2343777365684,1.8323562675567098,0.5805295612413379,0.6312231628501618
2016.473091861776,1.829819750917261,0.5761317703796591,0.6313294530348706
2016.7118059869838,1.8272777070632318,0.5734684410474027,0.6311266972344696
2016.9350175249665,1.8248956988692664,0.5770296468786588,0.6306245229786326
2017.1582290629492,1.8225087046443282,0.5794810715303682,0.6300998879902945
2017.3722757906964,1.820214962637229,0.576244705672078,0.6298694208847361
2017.5863225184437,1.8179165624235754,0.5733685371613709,0.6296609271753596
2017.8412552757886,1.8151730491938294,0.5774514192378496,0.6287152794108305
2018.0961880331336,1.8124228127325572,0.5801048497767429,0.6270588077839746
2018.3470136186565,1.8097102200491337,0.5752280403218114,0.6256849712339243
2018.59720203649,1.8069979193636765,0.5751364888522947,0.6251880315155669
2018.8137106892502,1.804645392893169,0.5804770055006002,0.6251349530396949
2019.0284574895345,1.8023070422277565,0.5808785945031042,0.6245774594231958
2019.2682047980159,1.799690583892053,0.5756617179481957,0.6228703294133102
2019.5079521064972,1.7970679205747633,0.5775800478507476,0.6211657651095532
2019.7519360735027,1.7943924757112757,0.5832874384511545,0.6208136806882887
2019.9959200405083,1.7917104539036153,0.5797977157518724,0.6209536489946529
2020.2398772388551,1.7890221494329073,0.5767263564538706,0.6200636921553644
2020.4562297406396,1.7866325271543626,0.5823816089303374,0.6185698111777443
2020.6725822424241,1.7842376552136028,0.5850276257191661,0.617213354438158
2020.909075343184,1.7816137817843978,0.5794504174997194,0.6169510089408872
2021.1455684439438,1.7789835926153077,0.5799401777921406,0.6178208626170002
2021.395191174495,1.776200495120015,0.5863778682858406,0.6165819097457923
2021.6057600865004,1.7738472491997692,0.5841295694296311,0.6136590283886793
2021.8163289985057,1.7714888885298155,0.5804547706928243,0.6134576659382827
2022.0165605799632,1.769241561813073,0.583950747795474,0.6160437460095455
2022.2167921614207,1.7669895786441197,0.5874378896537968,0.6157046392216278
2022.4027669790219,1.7648937349040787,0.5849333347588231,0.6117450345349033
2022.588741796623,1.7627938317547835,0.5828118409306114,0.6099944065907597
2022.7698191342827,1.7607453201943983,0.5859013366379746,0.6130019657842926
2022.9508964719423,1.758692929004103,0.588540828589495,0.6150376735693237
2023.1427210674544,1.7565144671841326,0.5859018185223466,0.6115040050059111
2023.3345456629665,1.7543316176312542,0.5844051757416577,0.6079766856984236
2023.5139718791097,1.7522858713884117,0.5883349267650755,0.6101795476748958
2023.6933980952529,1.75023624594501,0.5905614799965234,0.6129499870933766
2023.8783840840524,1.7481190261094197,0.5868017604812038,0.6105482622175955
2024.063370072852,1.7459976598865499,0.5851147180275073,0.6072294315665808
2024.239138996851,1.7439781420248563,0.5899376212627282,0.6086055052375895
2024.4149079208498,1.7419548400864735,0.592942014188826,0.6105842415657052
2024.5969709605706,1.7398550699196764,0.5887321220378983,0.6084508143559402
2024.7790340002914,1.737751215257972,0.5859041274205191,0.6064942611125799
2024.9487997830981,1.7357857802220824,0.5903941802229462,0.6084369588676216
2025.1185655659049,1.7338167624425938,0.5944040686734184,0.6092535832117371
2025.3046030602488,1.7316548731190928,0.5911886937668345,0.6056737727867427
2025.4906405545928,1.7294886466838608,0.5879027598006902,0.6049059186990953
2025.6589566107023,1.7275250299989962,0.5911551469870959,0.6087928097334504
2025.8272726668117,1.7255578368369064,0.5944788288635416,0.6090037400312577
2026.010631192982,1.7234107375562855,0.5926449320788463,0.6032937741103146
2026.1939897191521,1.7212593589695084,0.5909929793758059,0.6028430350899381
2026.3578502007108,1.7193331258428302,0.5930237146023706,0.6083392646692002
2026.5217106822695,1.717403447349297,0.5940988409586403,0.6088929922271541
2026.6933751196598,1.7153781548982694,0.5927460241822167,0.6025663694654565
2026.86503955705,1.7133490585555498,0.5935029779860133,0.600942773351466
2027.0182506846174,1.711534858104381,0.5959058897906359,0.6060493417980415
2027.1714618121848,1.7097175967000646,0.5955669656027851,0.6081197148821752
2027.332181521194,1.7078079743787253,0.5925977083371391,0.6034375820864645
2027.492901230203,1.7058949727958064,0.5930697161266085,0.6004787100309283
2027.641125488117,1.7041276966346925,0.5971601522480092,0.6037321179026653
2027.7893497460311,1.702357516106253,0.5989522635016221,0.606211010767577
2027.9466315031007,1.7004759730982582,0.5955547296652821,0.6029889403437401
2028.1039132601702,1.6985911436259025,0.5927732417153783,0.6002402355700741
2028.2568167527372,1.696755630423268,0.5955676206686092,0.6034350401572665
2028.4097202453042,1.6949169901909644,0.5994548996062963,0.6059052450498241
2028.5867761966738,1.6927839856678588,0.5984707490413688,0.6010081036778443
2028.7638321480433,1.6906467517657076,0.595623346336868,0.598526839383586
2028.9257015575497,1.6886891294457858,0.5968130055224468,0.6042938369847887
2029.087570967056,1.6867279472530423,0.5986643349658838,0.6061420306978483
2029.2592587470153,1.6846438959708576,0.5982582293155699,0.5992126255574024
2029.4309465269746,1.682555812662592,0.5986829189652451,0.597390601055049
2029.579318083676,1.680748045230703,0.6001517942382089,0.6033679852959319
2029.7276896403775,1.6789372373042928,0.5995235893576076,0.6054025921524538
2029.890943446806,1.6769412727795856,0.5972008679691944,0.5995829481719981
2030.0541972532344,1.674941614341651,0.5985364614335016,0.5974243580694943
2030.2008010264406,1.6731427392850708,0.6022259268127005,0.6020375348950066
2030.3474047996467,1.6713408521565363,0.6029263531789124,0.6034627197502659
2030.516823700704,1.669254779886165,0.5991856102881302,0.5981920221112467
2030.6862426017613,1.6671646704056986,0.5981630982407534,0.5981309871124012
2030.8415243798613,1.6652454134378711,0.6014638176708563,0.6034670219118116
2030.9968061579614,1.6633227288524377,0.603382053683159,0.6022449450069736
2031.1818159525062,1.6610274612219913,0.6017845397164462,0.5951113805895596
2031.360932724828,1.6588006459501436,0.6014440502369205,0.5991277093628343
2031.5611818039347,1.6563056539416707,0.6020818193596409,0.6043651095896856
2031.7257126558357,1.6542513537775567,0.6014787677587834,0.5977525155620116
2031.8902435077366,1.652193136853222,0.6028376966964948,0.5948808607808254
2032.0335777222317,1.6503968796155675,0.6051933063481965,0.6003029108015902
2032.1769119367268,1.6485976193022571,0.6050613545807251,0.6027331379548135
2032.343382068068,1.6465041506627227,0.6018513609116677,0.5971656336039445
2032.5098521994091,1.6444066153861319,0.6015859647875771,0.5960016725502139
2032.6571290265474,1.6425475169323354,0.60480666614496,0.6013232865877302
2032.8044058536857,1.6406852016358158,0.6066967667125539,0.6014160595784788
2032.9905111331639,1.638327279503502,0.6049438958240393,0.5940596570109421
2033.1653726915258,1.636107111427306,0.6040581621291353,0.5970607270171023
2033.3584098556757,1.633650854484092,0.604903217144402,0.6033423967363382
2033.528036046088,1.63148784538434,0.6048523044239716,0.5969247823349177
2033.6976622365,1.6293204905398302,0.606062652296942,0.5933071792681264
2033.838573199368,1.627516724569746,0.6079506580436159,0.5988772515056862
2033.979484162236,1.625709930541176,0.6078796677697249,0.6017962056982717
2034.1440047061699,1.6235965587856633,0.6051687811879681,0.5961409216615132
2034.3085252501037,1.6214790399215462,0.6046155965066538,0.5944203441812139
2034.4502640675885,1.6196514074224397,0.6071026142396255,0.5999409780507345
2034.5920028850733,1.6178206659535412,0.6090916122230569,0.6010917338775554
2034.7614203182518,1.6156283205660047,0.6085244482782078,0.5938675949624251
2034.9308377514303,1.6134315116424855,0.6076072101174785,0.5939778052579207
2035.0786846397775,1.6115107446154955,0.6077568497355071,0.6010450347327985
2035.2229770402832,1.609632841969541,0.607500791956961,0.6010598817161131
2035.3690404133993,1.607728545041679,0.6072702247065107,0.5942285422831615
2035.5151037865153,1.6058208827942546,0.6087359612359929,0.593015382413104
2035.6500274801324,1.6040557108089328,0.6108136778907286,0.5986294007522438
2035.7849511737495,1.602287637117352,0.6111881017028903,0.6005456954771057
2035.937894623136,1.6002799032537913,0.609167305446239,0.5947987498307477
2036.0908380725223,1.5982684243771441,0.6078195396706367,0.5929845615168007
2036.2229556865077,1.5965278212516734,0.6087245306341871,0.5985788719359946
2036.3550733004931,1.594784398190259,0.6101889804111048,0.6015187442671884
2036.493090140919,1.5929601010504342,0.6108775598445432,0.5963744241426631
2036.631106981345,1.59113270831157,0.6111445791437219,0.5911653424308932
2036.790342433363,1.5890205248320983,0.6118065588083237,0.5958232445320226
2036.9459855138923,1.5869519812886077,0.6115964269872526,0.6011348535754183
2037.0961455635036,1.5849525244980083,0.6101013069613138,0.5965835877397476
2037.2463056131148,1.5829493477839283,0.6095759139774986,0.592006294193163
2037.3950512347137,1.5809613687010167,0.6113150067634356,0.596608844573089
2037.5437968563126,1.578969711097313,0.6132864961606258,0.6005656991607217
2037.709104745372,1.5767519463308628,0.613407787745091,0.5945446415143539
2037.8744126344316,1.5745296062153686,0.6125970332317819,0.5912974928582713
2038.0123277279383,1.5726720175658266,0.6124288983930096,0.5974705480147199
2038.150242821445,1.5708112141548383,0.6122303384175267,0.601224924140224
2038.3164823129257,1.5685639487618899,0.6117786102783697,0.5949648526175643
2038.4827218044063,1.5663119833419847,0.612705907148664,0.5916925506070414
2038.623058727417,1.5644072414411347,0.6145209904628735,0.5974015627677858
2038.7633956504276,1.5624991182081296,0.6154756800561585,0.5998851321679753
2038.9386150638238,1.5601119356542117,0.6145267057307551,0.5928960907773511
2039.11383447722,1.5577194526273894,0.613525946234071,0.5927426974793117
2039.2685036395533,1.5556031441907012,0.6136547231958656,0.6000472391912137
2039.4165417642196,1.5535736485291067,0.6138769512656647,0.5992747428529509
2039.5893889197016,1.5511991723534932,0.61438597664222,0.5914056715044775
2039.7878297761113,1.5484666394978952,0.61616349301632,0.5955670754596676
2040.010551162951,1.5453914700584148,0.6167356360318322,0.5985349917350731
2040.2229790435092,1.5424501963144732,0.6152664264110073,0.5908366280728209
2040.3866476218586,1.5401785549936255,0.615074253077334,0.5963111115519973
2040.550316200208,1.5379020987728393,0.6155416790405945,0.6007974341849929
2040.7248377526862,1.535469347201812,0.6160214827217986,0.5936237278493072
2040.8993593051644,1.5330310814590054,0.617058503971562,0.5915510563414302
2041.0470638520355,1.5309631600853337,0.618077809161156,0.5982255929682897
2041.1860743600669,1.5290133115890308,0.6181981573776298,0.5993134820221234
2041.3654413387924,1.5264921479681002,0.6172357091898306,0.5917771243707641
2041.551413125894,1.5238718978031007,0.6167357835813958,0.5942581211305833
2041.7755905299077,1.5207048272871888,0.6171475085556528,0.6003651278993545
2041.9582856783056,1.518116850173993,0.6176010718750837,0.5922705404267002
2042.1409808267035,1.5155226309499261,0.6186345659757553,0.5930731403489014
2042.3276445752228,1.5128655794841466,0.6195140178742372,0.6000651103697106
2042.5014971050455,1.5103849473818995,0.6192103808230728,0.5946346842098095
2042.6744103308881,1.5079120231812486,0.618602710482678,0.5909864910986479
2042.8155640494176,1.5058890874387028,0.618477566757099,0.5971868065163232
2042.956717767947,1.5038623246231655,0.6185158220469011,0.6008019982721724
2043.134158989429,1.5013090610297064,0.6186451712391081,0.5938273091702156
2043.3116002109107,1.4987497089366077,0.6193062476563151,0.5918490784890812
2043.4609416580786,1.4965909271862934,0.6201194607266812,0.5985812462947944
2043.6012499445876,1.4945587512307936,0.6205249460061664,0.5994846383979905
2043.7811264265993,1.4919478305439926,0.6203879701579168,0.5916645548928156
2043.9710807376448,1.4891837312371283,0.6201327159178459,0.5941841084042839
2044.2429922807958,1.4852145971864288,0.6198217600268384,0.5989625257149485
2044.4922553021734,1.4815630789596428,0.6199100635673095,0.5913805473914181
2044.6335599264921,1.4794875408880028,0.6204011371003411,0.5971821134834745
2044.774864550811,1.4774079698997131,0.6208865764113171,0.600632291123007
2044.9528843327457,1.474782291153347,0.6211745706966125,0.5936911169365056
2045.1309041146806,1.472150175489076,0.6212641418762946,0.5917830910251857
2045.279682090465,1.4699454608533198,0.6212570055770741,0.5987984339614955
2045.4200947809973,1.4678605331902512,0.6210982933660448,0.6002806279915609
2045.6017125725873,1.4651577166902143,0.6208158624122051,0.5926294150433605
2045.7911888925642,1.4623306648746386,0.6208169245513667,0.594497254305573
2045.9880573752848,1.459385383464991,0.6210868667385596,0.601212062068901
2046.1815175306192,1.4564831449332434,0.6213327292953258,0.5938742477886434
2046.3591025910464,1.4538121212238555,0.6215459733153433,0.5923635130111257
2046.5110479289076,1.451521451120773,0.6216762563511881,0.5993672384540075
2046.6534104258942,1.4493707841024326,0.6216745313505714,0.6001778681704755
2046.8332733424288,1.4466473914149522,0.6215564699463246,0.592508849751961
2047.0262171163147,1.4437182179088333,0.6214690583964629,0.5951710729712668
2047.295147776311,1.4396219927168266,0.6214585655802242,0.5998394421790011
2047.5592783130944,1.4355834855325247,0.621513303367419,0.5921686249127293
2047.702173741177,1.4333922669867822,0.6215513778060675,0.5982390442213092
2047.8450691692594,1.4311965373125504,0.6215669422676242,0.601407382673536
2048.0461692319996,1.4280987502867486,0.6215674823586572,0.5935009846519724
2048.2279774703266,1.4252903970419502,0.6215771201161202,0.5939162158520308
2048.399144322443,1.4226396581084246,0.6216056787922275,0.6014010357345668
2048.5630108442065,1.4200957633555156,0.62165920662036,0.5987601794986342
2048.7374219923786,1.4173814651637044,0.6216982825845853,0.5922749756629374
2048.8937306714583,1.4149430008080297,0.6216544137317146,0.5965498867854698
2049.050039350538,1.4124989291015044,0.6215421155423317,0.602100610621238
2049.221758508159,1.4098073834179727,0.6214029801786377,0.5970339016420055
2049.3934776657798,1.4071090109369497,0.6212823265960751,0.5922916002429324
2049.5383954695767,1.404826471855109,0.621221091540078,0.5976627307001936
2049.6833132733736,1.4025390244936558,0.6212557424413963,0.602194969266129
2049.858408131153,1.3997686470099078,0.6214506004548036,0.5966029288021898
2050.033502988932,1.3969910209531349,0.6216742899059523,0.5929148199616462
2050.1779385756768,1.3946942796183608,0.6217607690896781,0.5988546263148592
2050.3223741624215,1.39239253684879,0.6217416930484103,0.6025793726579631
2050.5027914056836,1.3895103089929104,0.6215854663990061,0.5960449835619795
2050.6832086489458,1.3866202105771537,0.6212845439806288,0.5935878182468556
2050.8320385675765,1.3842301671438633,0.62102099961501,0.6001116667084153
2050.9799232030473,1.3818499396942865,0.6209054094998827,0.6021977684022632
2051.170148364575,1.3787803236826985,0.6210737630853731,0.594511846093023
2051.3597108613035,1.3757125221691455,0.6214375759077405,0.5955036254303325
2051.5468443910586,1.3726752623487672,0.6217861098429214,0.6027993899920665
2051.725762508623,1.369763100612346,0.6219678191043856,0.598219178024981
2051.9031786840646,1.3668673930613155,0.62183247141291,0.5932836798406455
2052.0505809657116,1.3644554896159944,0.6214852884698802,0.5984288347730514
2052.1979832473585,1.362038037401089,0.621106258535287,0.6029687585113621
2052.374209529175,1.3591405283691196,0.6208774332006796,0.5975925454283285
2052.5504358109915,1.3562350152003333,0.6209973212645322,0.5934536790993267
2052.6968751556537,1.3538144981347495,0.6213211601872783,0.5989733683212562
2052.843314500316,1.3513883778835794,0.6217715062369367,0.6031073060721333
2053.022722263527,1.3484083471607482,0.6222729939875256,0.5973541787714911
2053.2021300267384,1.3454197900263896,0.6223826212878643,0.5938831348921719
2053.349578069497,1.3429572023786487,0.6221030439180245,0.5996829061298085
2053.4970261122558,1.340488781590006,0.6216577902391451,0.6031139689919609
2053.680604466429,1.3374073009684346,0.6212142313779597,0.5966810719238699
2053.8641828206023,1.3343167022197584,0.6211647696641412,0.5942680218156102
2054.0159950378747,1.3317539746421625,0.6214964462113833,0.6005776066472974
2054.167807255147,1.329184916202574,0.6220947434351561,0.6028047556538608
2054.3629085603866,1.3258739152033308,0.6228569413324905,0.5953732586333754
2054.552647211094,1.3226437539235492,0.623054583517249,0.5956541681334275
2054.731860893728,1.319583494453655,0.6226519018583128,0.6026524884033629
2054.9066071986244,1.3165907594990771,0.6220569684740496,0.5999870475618857
2055.0880146648456,1.3134747548900227,0.621685926821776,0.5936332122785947
2055.246033251585,1.3107528463769877,0.6218169081415893,0.5971457076103313
2055.404051838324,1.308023755309145,0.6224053899614069,0.6027388091190301
2055.5803476095143,1.3049704391680954,0.6233178416236239,0.5991749033717315
2055.7566433807046,1.3019080274246833,0.6239365684862516,0.5935455098263392
2055.914520999884,1.2991577934297431,0.6239077068710702,0.5974095577871232
2056.0723986190637,1.2964001657214268,0.6234123904299542,0.602623194126706
2056.249011609629,1.2933064592893893,0.6227556880212475,0.5987593502827154
2056.4256246001946,1.290203392186589,0.6225070986334058,0.5933171307807361
2056.5841310316187,1.2874104527990478,0.6228650914171886,0.597201833132915
2056.7426374630427,1.2846098757493551,0.6236912727233118,0.6022695681582052
2056.9206692801163,1.2814551107142091,0.6247078024002262,0.5984603271526064
2057.09870109719,1.2782905383623042,0.6251588573724352,0.5931193102836171
2057.2584012813277,1.2754434243712713,0.624846802037391,0.5968595539865608
2057.4181014654655,1.2725883125579642,0.624154395031047,0.6018123241723861
2057.597893924068,1.269364349578371,0.6236002198034835,0.5981027054007689
2057.7776863826707,1.2661301241912528,0.6238084598958408,0.5926963446266169
2057.9395968197314,1.2632087414211837,0.6246351920331621,0.5962020588418685
2058.101507256792,1.2602789079269683,0.6256807321669876,0.6011670128137804
2058.2831008382823,1.2569827372399554,0.6264553380727571,0.5977504919488741
2058.4646944197725,1.2536757412409087,0.6263083449149401,0.5922840844535819
2058.6293181286155,1.2506683771144746,0.6255474764184024,0.5953900415850045
2058.7939418374585,1.2476520057088638,0.6248898462676045,0.6002773396531197
2058.978189339335,1.2442653050610952,0.6250617090001478,0.5971243435762862
2059.1624368412117,1.240867152930549,0.6261914773724514,0.5915896104248097
2059.332627052391,1.2377180102387515,0.6273619157564254,0.5944206606104138
2059.5028172635707,1.234558917449432,0.6279599047390486,0.5993047703342101
2059.6903749320986,1.231065806716721,0.6276994001455707,0.5963001857968852
2059.8779326006265,1.2275604064998118,0.6268618815818268,0.5907311929888578
2060.053771067269,1.2242628116432872,0.6263547793843941,0.5932182244177556
2060.229609533911,1.220954270940569,0.6268316291113999,0.597859346692497
2060.423163396309,1.2172996181591615,0.6283834089381021,0.5948833906496205
2060.616717258707,1.2136314335589073,0.629682936642573,0.589595613480239
2060.7942641823447,1.2102545970657625,0.6296324375956218,0.5919505857159095
2060.9718111059824,1.2068661671242678,0.6287112902873998,0.5961972606319828
2061.173931055417,1.202994545586031,0.6280468681684257,0.5931502320181273
2061.376051004852,1.199107663527812,0.6286819857151447,0.587859788470488
2061.5557668475676,1.195638689941782,0.6299206494872743,0.5899641480739392
2061.7354826902833,1.1921574091115839,0.6310333881299589,0.5939834930485484
2061.947571049001,1.18803303339513,0.631456142499731,0.5912520650437725
2062.1596594077187,1.1838911567186554,0.6306797804015645,0.5859403760708334
2062.3405541882166,1.180344512790565,0.6298048262111648,0.5872836446160283
2062.5214489687146,1.1767849268310677,0.6299869515762898,0.5906761863510841
2062.752434762477,1.172220665213797,0.6321759473261708,0.5883214296335033
2062.9709728235803,1.1678824909199463,0.6337580726061061,0.5834977137888655
2063.1465366221505,1.164383214299849,0.6331109426851932,0.5840473577164333
2063.3221004207207,1.160871195959202,0.6316095009615291,0.5865966071006057
2063.5351417439797,1.1565922382140896,0.63125197890661,0.5855728731819209
2063.682766005813,1.1536160109149705,0.6324321784957332,0.5822290834295436
2063.830390267646,1.150630529825773,0.6338788618232271,0.5795983532122011
2064.016380852218,1.1468558276306555,0.6345859726142107,0.5797591755943888
2064.2023714367897,1.1430661342646018,0.6338897174452284,0.5816485140605421
2064.4229273519413,1.1385525542788741,0.6331532984430976,0.580584969578316
2064.602349188925,1.1348649271257185,0.6334582229013718,0.577037013002241
2064.7817710259087,1.131162905578885,0.6337802647410767,0.5742182781435611
2064.990408230687,1.1268397521183695,0.6332480848348163,0.5738638517397955
2065.1990454354655,1.1224966885475158,0.6327277890487051,0.5744381644975869
2065.414109153316,1.1179987956492357,0.6335571538205336,0.5731201178400104
2065.5868416644635,1.1143705417841223,0.6342596570132327,0.570997221282725
2065.759574175611,1.1107280970614675,0.6332990837092769,0.5691938585608902
2065.95892400997,1.1065064948828718,0.6298691555958352,0.5681396354935846
2066.155857877534,1.1023170671933484,0.6265727997358578,0.5676795137331443
2066.4131177820327,1.0968155632374101,0.6263045976403308,0.5673888152834059
2066.627877853602,1.0921975403184445,0.6271509995350276,0.567867429978959
2066.8323945081875,1.0877778538979668,0.6245865142649607,0.5689790374423792
2067.0481005154243,1.0830928171658467,0.6185278526751636,0.5707307581233536
2067.263806522661,1.078383347470384,0.6132742066079359,0.5738624486504184
2067.4409476235714,1.0744973583283917,0.6112297741018408,0.5777341377031536
2067.618088724482,1.070594409527697,0.6099844403758539,0.5816182287034536
2067.822649387236,1.0660658851314433,0.6076575548849987,0.584194336540381
2068.0272100499906,1.0615141147265152,0.6049168065510685,0.5853223245203979
2068.275395737195,1.055960104367726,0.6032675972464461,0.5895972757395415
2068.472778926371,1.051517938294635,0.6025114871526995,0.5957693449197253
2068.667692179788,1.0471091886090278,0.6007391459704111,0.6006341188496397
2068.896451536429,1.0419063990924402,0.5980569946958414,0.6028717263949087
2069.1252108930703,1.0366725959210699,0.5968717364688745,0.6056434752351275
2069.338827217854,1.0317568983426197,0.5970635659227778,0.6105243097787906
2069.552443542638,1.0268133129850554,0.597077127729499,0.6135074862266521
2069.8253313234313,1.0204568017981714,0.5965730694925324,0.6135532579423477
2070.0711255591077,1.014691337211889,0.5964801655033389,0.618412685527528
2070.3228421717017,1.0087469863352017,0.5965428109630895,0.6261369671843148
2070.567008944284,1.0029415053743167,0.5966025160559453,0.6258791947899282
2070.824946349566,0.9967657666141377,0.5970717318242448,0.6227612325276893
2071.062594066938,0.9910363530132755,0.5978800058491374,0.6289914522303187
2071.30024178431,0.9852683820601901,0.5988400336784017,0.6365959951820401
2071.5612232517433,0.9788887705252136,0.5995751558042656,0.6338446080949534
2071.8222047191766,0.9724610300772722,0.5997653869954948,0.6312135269890741
2072.044736156944,0.9669416789521538,0.6005566651225552,0.6385714221821069
2072.2672675947115,0.961386070118421,0.6023750682519663,0.6443458709261382
2072.530849092268,0.9547578228827479,0.6038071735227657,0.6394570785461706
2072.7944305898245,0.948076969979634,0.603806745466508,0.6386839414063076
2073.0455848788497,0.9416612529736785,0.6052249298596503,0.648282903032482
2073.2890347455577,0.935394818825891,0.607530575275639,0.6497177617054131
2073.498247963701,0.9299715786344311,0.6084370075144702,0.6436559542732732
2073.7074611818443,0.9245126893729122,0.6091523873305086,0.6440981292651048
2073.937653584217,0.9184645111122526,0.6109027365081475,0.653447891664123
2074.16784598659,0.9123714678323464,0.6121801007495193,0.6559153258359264
2074.374736144542,0.9068562131933178,0.6130987412811699,0.6497086602465832
2074.5816263024944,0.9013035165936063,0.6157462905703127,0.6484411993074072
2074.8116311589247,0.8950857408919246,0.6186034624500005,0.6569159653615595
2075.041636015355,0.8888198223018611,0.6177617341849801,0.660821121256439
2075.3075149777173,0.8815153102450959,0.6193551944424281,0.6548548955974376
2075.5586550069183,0.8745542218808546,0.6267493524745676,0.6557653596442753
2075.797065246413,0.8678893926159327,0.6274135334961101,0.6620914414411608
2076.0231014865417,0.8615183743269776,0.6239681888321915,0.6634796721114566
2076.2459770063974,0.8551857912770484,0.6293064549956954,0.661863081875712
2076.4776801136295,0.8485479326203432,0.6384624929684701,0.661386869075627
2076.721414355794,0.8415040690761059,0.6373159979181885,0.6630241068834997
2076.9651485979584,0.8343959049627491,0.6349590400120197,0.667592518503157
2077.140843093031,0.8292312816926932,0.6407677205052577,0.6701642270948983
2077.3165375881035,0.824031762077821,0.6482111272974932,0.6686908084663584
2077.547891949629,0.817130702558285,0.6513188969633873,0.6638089982358364
2077.77654307806,0.8102483939237511,0.6509487835508971,0.6670141181579825
2078.0131467347856,0.8030603742406113,0.655464341981211,0.6759276493682552
2078.249750391511,0.7958029286129031,0.66152726271772,0.6750772334547543
2078.4583025957413,0.789346890024573,0.6662705446548106,0.6682338527654357
2078.6593872040517,0.7830685216647152,0.6724778097257369,0.6684496086384368
2078.9166090952895,0.7749587946047629,0.6791726924187269,0.6778568558043062
2079.176477426643,0.7666731950974979,0.6803597181907909,0.6794398233946991
2079.4557028375875,0.7576637322613312,0.6884340577699104,0.6745385286859635
2079.701355257381,0.749643335839638,0.7040574514228057,0.6769768704042355
2079.947007677174,0.741531533735617,0.7135615656195387,0.6800782843402098
2080.1771315906617,0.7338468654435322,0.7141745469835453,0.6793782549828778
2080.4072555041494,0.7260770509126878,0.7178838569912491,0.6811884517494727
2080.661388312309,0.7173946106050334,0.7322695039744714,0.6863561195970203
2080.915521120469,0.708601111750337,0.7489100013915488,0.6852844020404183
2081.152746050607,0.7002887449417573,0.7602254835070326,0.6808073604642672
2081.3899709807456,0.6918726722044926,0.7688086889173926,0.6836526416773939
2081.6734427995893,0.6816748416223168,0.7777449291739299,0.6931921608891265
2081.9349080076063,0.6721270790823997,0.7859130045639324,0.6944558832242382
2082.244624672546,0.6606341358129949,0.801057303878201,0.691379788484942
2082.5267806046777,0.6499835013405281,0.8202109604347936,0.6965358270551064
2082.8049232621343,0.6393078333375637,0.8354742958755028,0.7018843927524567
2083.0623211811067,0.6292651617082943,0.842244396059744,0.7018377803234536
2083.319719100079,0.6190591026284141,0.8458309273992903,0.7043972811227035
2083.5879404537095,0.6082427935840823,0.8515824786069393,0.7135975211002192
2083.85616180734,0.5972332310866131,0.8600745171804822,0.7209800694979209
2084.142009941749,0.5852771146612032,0.8703058121471748,0.7213388129507846
2084.4278580761584,0.5730795436676189,0.8808520819609711,0.7226198090240439
2084.709507337631,0.5608127505389673,0.8895497103920765,0.7312154881178381
2084.9911565991033,0.5482859415035802,0.8932001055507182,0.7406465092649364
2085.284001717586,0.534969984630001,0.8920222619390764,0.7454672247936539
2085.5768468360684,0.5213402180415722,0.8920308846398737,0.7500153608864256
2085.8889009450368,0.5064496955038276,0.8983441487516005,0.7596616036073062
2086.200955054005,0.4911551378814307,0.9072296949736642,0.7687930191970278
2086.5203221672555,0.47505315559286226,0.9121034392319378,0.7728950263142136
2086.839689280506,0.4584623556014843,0.9120489126928235,0.7782202979458904
2087.172142643014,0.44062979813505604,0.911163408887309,0.7912851243069227
2087.504596005522,0.42217264765470613,0.9119154162590251,0.8056244027512645
2087.8495848701564,0.4022940470756883,0.914639600828039,0.8139682995103735
2088.1945737347905,0.3815974712261487,0.9203744270145728,0.8201822899443049
2088.5894067342488,0.3567820254023635,0.9292603072655272,0.8358432558121278
2088.984239733707,0.33058715690970525,0.9336165889418507,0.8584271035777036
2089.3109026443376,0.30770699753025654,0.9330749021465821,0.8772002855147863
2089.637565554968,0.28355064186877005,0.9363406280405917,0.8979825942423598
2090.0786359916465,0.24849557257159213,0.9567370689349955,0.9368467307170335
2090.507370685629,0.2110078423671577,0.9869121793973673,0.9899708930724802
2090.927932993587,0.16974553172443693,1.016595076836022,1.063062188493465
2091.3506180278996,0.1214892304901238,1.0531709173230595,1.1742959227006184
2091.557398367837,0.09397159748677096,1.078855913643992,1.2478678746881509
2091.7274982983217,0.06825844061737148,1.106418341469233,1.3185255142729941
2091.8269137967845,0.051410034373684514,1.126160022217716,1.363789389362966
2091.9138301895723,0.03541166391128882,1.1462765144822813,1.4054951095721206
2091.9642492706776,0.026051160992702656,1.1594534871396414,1.430496274176507
2092.006910433539,0.019590659008629475,1.1716465658568023,1.4520589306528644
2092.0435583140943,0.017827379982569606,1.1830075460771758,1.4708440561658347
2092.0802061946497,0.02103529178270187,1.1952812937588837,1.4898302373600354
2092.1132682780963,0.02639114543513659,1.2071641737054444,1.5070926680643641
2092.147963911089,0.03280304732627701,1.2204322157555734,1.5253062357521125
2092.195689127068,0.041766144155984404,1.2398971812297157,1.550461357408857
2092.287631035417,0.058174261505462316,1.2805992874991552,1.5990066352436294
2092.396073853237,0.07581601427390881,1.3322136524794388,1.655970625037229
2092.5411286535264,0.09710395318601776,1.403896089170234,1.7309964838948015
2092.734551068969,0.12251114523377311,1.4988788588665907,1.8280792130709338
2092.982688315515,0.1515956541877381,1.6129864438196755,1.9467481242918443
2093.3223723724636,0.18695434178687403,1.745583200929792,2.0977175613168275
2093.83111658752,0.23330423158531396,1.8664369110939902,2.2987490143616
2094.3503232701964,0.2748800711575663,1.8264827825186845,2.4735560057079535
2094.8044213141525,0.30772578682889884,1.5609383628523938,2.60448889076218
2095.1008865171484,0.32773278636823305,1.2352293213220915,2.684237160629854
2095.2884527101673,0.33987921120814574,0.9855893906106173,2.7354887097656704
2095.439471746341,0.3493955350836045,0.8106196391532183,2.7783507412395196
2095.5904907825147,0.3586931420870462,0.7321375693313862,2.8228490976333576
2095.728392213695,0.36700332252751855,0.7581132814760506,2.864677238480534
2095.966032018242,0.3809429996002006,0.8907378462961695,2.9384760571212993
2096.1987911986803,0.3941538172455507,1.0271570903376936,3.0117032852007037
2096.486631727402,0.409923408229322,1.1704064617974805,3.102200234469003
2096.8763964439863,0.4303489248333054,1.3173259668782553,3.223015360180823
2097.434061265293,0.4578840910754971,1.4474553813166564,3.3902671014352324
2098.053145298737,0.4863643367443526,1.5051719682103817,3.5668242477505725
2098.672229332181,0.5128834233188463,1.4826744098885418,3.733650601733902
2099.4374900938465,0.5432444292074479,1.3215870013654145,3.9274964736661517
2099.950684825885,0.5622495316833319,1.1120056012324468,4.0510769827952435
2100.463879557924,0.5802673557640031,0.793392530925553,4.171118340484618
2100.623193423616,0.5856757080968085,0.6670567553752796,4.208014037547627
2100.7825072893083,0.591004649591835,0.5434158641355263,4.244902736658329
2100.8451777429327,0.5930808480544728,0.5132930191631199,4.259435455051192
2100.907848196557,0.5951463881842514,0.5111134721142492,4.273987151972935
2100.9685845764425,0.5971381133923902,0.5435907441124656,4.2881077702636174
2101.029320956328,0.5991196764621279,0.6057846331624308,4.302241045501982
2101.0817134288964,0.6008205194820805,0.6741066886546081,4.314435350271129
2101.134105901465,0.6025132046557538,0.7481136626785418,4.326623588967072
2101.1875441136845,0.6042310449723238,0.8239121499259868,4.339040300602371
2101.248252272296,0.6061718032426926,0.9059121157150201,4.3531182966636734
2101.3204327484814,0.6084641788534476,0.9936940764819603,4.369805780620618
2101.4393019851427,0.612203147914094,1.1089140032005222,4.397138855734905
2101.5644848309685,0.6160918457816659,1.1871248072889955,4.425694576730371
2101.7341303971825,0.6212820735334679,1.2256659720061605,4.463987421784498
2101.981242390001,0.6286807014919861,1.1728986779628892,4.518924570176621
2102.283524827199,0.6374782803482877,0.9984315394853438,4.584881030781744
2102.5558598891234,0.6451777132206814,0.764816361709645,4.643365331326031
2102.6838194479706,0.6487258011495038,0.6261578537709711,4.670637956828783
2102.792503392718,0.651706817353213,0.49319959209546177,4.69375067867434
2102.861808955904,0.6535929874149542,0.4112388780922336,4.708484121804431
2102.894993828835,0.6544922320312929,0.3830675462316595,4.715541414649407
2102.9281787017662,0.6553890201498853,0.3719710723027381,4.722601752122344
2102.9673411962467,0.6564442154046831,0.386000460202502,4.730938220843098
2103.007979339843,0.6575355751309064,0.4208589514501463,4.739592686892968
2103.0271918971794,0.6580502561165432,0.43920737075886424,4.7436848244970715
2103.0431851200847,0.658478065441684,0.45390831179610774,4.747091123963628
2103.05917834299,0.6589053033282379,0.467565616256954,4.750497027996155
2103.0767500207135,0.659374050771215,0.4810445225592877,4.7542383416093275
2103.096028233688,0.6598875354008549,0.4938211543571571,4.758341794572348
2103.1171746622704,0.6604498415212319,0.5054166071594309,4.762841085183011
2103.140384792294,0.6610659043745543,0.515429151425927,4.767776893560598
2103.1660789370117,0.6617465518480063,0.5236095881832284,4.773237430539243
2103.1952912440597,0.6625187018765798,0.5298456552321018,4.779440804328839
2103.2301118917007,0.663436775580641,0.5339748635134066,4.786828068333005
2103.278145476365,0.6646991453566441,0.5355411809091489,4.797005542465809
2103.3400158586883,0.6663182604479255,0.533566033475502,4.810092620562966
2103.4018862410117,0.6679295579668897,0.5304032350694415,4.823155268278007
2103.5392637286245,0.6714784173302246,0.5323881872382804,4.852079873072299
2103.675130462912,0.6749472086813809,0.5584528231378602,4.880603592943452
2103.8533184697008,0.6794318091136188,0.6275631423914358,4.917971258248903
2104.068393011036,0.684744332515735,0.7358318918579584,4.963211672670203
2104.306099148754,0.6904863907987032,0.8531609280814947,5.013704528534921
2104.5961624740685,0.697308471329165,0.9672988494444927,5.076432389186263
2104.9322476589946,0.7049602954068409,1.0441194180874318,5.150918682068182
2105.162577273614,0.7100493714284907,1.06054329705968,5.2030331558942455
2105.392906888233,0.7150142679795813,1.0607682643519205,5.255905284204115
2105.6409676196304,0.7202246053717271,1.06551950420782,5.313628625528637
2105.898117501418,0.7254783641844448,1.0682466531183166,5.374312789569011
2106.2315588778033,0.7320712821063018,0.9977138763103505,5.454223861385133
2106.565000254189,0.7384246475143866,0.8044142877038464,5.535191662612439
2106.7113805966305,0.7411423702160349,0.6797038731314298,5.570931845795336
2106.8577609390723,0.7438202545476409,0.5310459797228695,5.606722420933304
2106.9561002636315,0.7455990008737469,0.4351104236667469,5.630773538351881
2106.9991613020766,0.7463731918716388,0.411466945834353,5.6413036580845235
2107.040172960147,0.7471079877317008,0.41216589211982796,5.651331194906571
2107.078966768793,0.7478007633976167,0.43531098071936564,5.66081519853766
2107.117760577439,0.7484912812563438,0.473095517781375,5.670298431473837
2107.1492977839084,0.7490509275632279,0.5083361927415981,5.678007846122412
2107.1808349903777,0.7496090034746471,0.5439354578010633,5.685718115147576
2107.2124360766898,0.7501665978416427,0.5780542954867602,5.693445752089757
2107.2444716824666,0.7507301773070878,0.6100565764001759,5.701282427823948
2107.2810233724194,0.7513710966335575,0.6427837244697714,5.710228558079377
2107.31856662141,0.7520270227004138,0.671873872961231,5.719424025125312
2107.3696408001015,0.7529154155966683,0.7038038306743374,5.73194680151323
2107.453773427276,0.7543687905391587,0.736782780171101,5.752614308903709
2107.5493116305533,0.7560038898146821,0.7450096410525315,5.776149523127289
2107.7256605827884,0.758979517490052,0.6903813803646202,5.819775137909388
2107.9020095350234,0.7619016624578796,0.5767995305981768,5.863593815096219
2108.0152799255584,0.7637515160195018,0.4915679259343478,5.8918025938467835
2108.1267033963327,0.7655511193774449,0.42017766950137103,5.919572003255023
2108.188324390751,0.766537895947702,0.396430760685147,5.934930475836918
2108.24317262775,0.7674111621504737,0.38725371991102403,5.948598618785063
2108.288735689795,0.7681329760125595,0.38788092690322773,5.959950161719742
2108.33429875184,0.7688515020290684,0.3962929406704867,5.971298478378611
2108.4005051569675,0.7698896945760664,0.4234399811778787,5.987781454338066
2108.473354160009,0.771023961322707,0.47060164283840883,6.005907236769757
2108.5689585987498,0.7724995565152889,0.5459148480773418,6.029676066466173
2108.68761445552,0.7743101688007582,0.6405366589324035,6.059147159112277
2108.8355965832066,0.776535374402158,0.7430936598160175,6.09586551105916
2109.017843091201,0.7792242956977566,0.8272951966961779,6.141051600921856
2109.1363100404365,0.7809411180941073,0.84207394651241,6.170416405103058
2109.2405855184684,0.7824319533706451,0.818913590094104,6.196261565688877
2109.307089242723,0.7833729274193384,0.7843889913586203,6.212742337034824
2109.3643276229313,0.7841767764008175,0.7421011256184032,6.226923487833238
2109.4215660031396,0.7849751627265724,0.6881965594802243,6.241099372086915
2109.4824048068695,0.7858179376996383,0.618233954200794,6.256158912637986
2109.5177665350557,0.7863051080751425,0.5719009383033801,6.264907482923876
2109.5490204222065,0.7867340939300289,0.5282670796678383,6.272636742044995
2109.5764582672496,0.7871095028828831,0.48918161370663704,6.2794199410193245
2109.6038961122927,0.7874838220430328,0.45167383388613386,6.286201064751168
2109.629269152038,0.7878290287896229,0.4216463594559951,6.2924701861111645
2109.653870114407,0.7881628873886755,0.4006530734788112,6.298547142173564
2109.68628110605,0.7886014929082306,0.3905629177702,6.306551431561451
2109.72426341068,0.7891137094492502,0.4050470510379979,6.315928974101878
2109.788953954173,0.7899815925745337,0.46814882932506774,6.331893399109877
2109.8491901811967,0.7907843729104664,0.5389362607623126,6.346748965624198
2109.9407105340465,0.7919935990892233,0.642503245417606,6.369298750066104
2110.0437358747795,0.7933388351081834,0.7460370507672702,6.3946487364943385
2110.212917481016,0.7955091346063013,0.8867885166583054,6.43619011603653
2110.523932545783,0.7993674339036972,1.0603150626426436,6.512266059041333
2110.748271248635,0.8020421434044956,1.1114971755134346,6.566913380031367
2110.972609951487,0.8046255760875451,1.1013180800630082,6.621381627288718
2111.2357712264297,0.8075407325284604,1.0595925187293314,6.685047612772754
2111.435051378128,0.809666491671164,1.0449371109331407,6.733084841590503
2111.634331529826,0.8117225432644354,1.0438196063626155,6.780964233717733
2111.858393253028,0.8139515460443115,1.0307055186471843,6.834611295382378
2112.1831152299596,0.8170278255802215,0.9580588868369034,6.912051570508577
2112.545837330941,0.820252115962286,0.8081055913415883,6.998272101855792
2112.8108667223714,0.8224702744393706,0.6670176699089818,7.06123833478772
2113.0448416594054,0.8243354442398511,0.5491105777957415,7.116924815371874
2113.270523806646,0.8260566487755645,0.4934525624403094,7.170788555044942
2113.3717580194075,0.8268060417805296,0.49437107541035663,7.194995581588488
2113.472992232169,0.8275428882697401,0.5035185433562327,7.219222032454046
2113.5859215962582,0.8283513305727438,0.5110064566964629,7.2462622731429756
2113.632508328704,0.828680872249831,0.5104999102975378,7.257420571819004
2113.6790950611494,0.8290081113381474,0.5068753829017999,7.268580787901439
2113.7242507282976,0.8293230714979126,0.4996368425035011,7.279400291902346
2113.7689071924915,0.8296323452827877,0.48789397275436036,7.290102732599598
2113.804704836484,0.8298786417166275,0.47439734654156523,7.298684346164636
2113.8343906342416,0.8300817639118234,0.4600548514815084,7.305802653549159
2113.8605018056683,0.8302595692401145,0.4450859359078886,7.3120653902504165
2113.886612977095,0.8304365603330794,0.428380663092978,7.3183297370202185
2113.912891673033,0.8306138567870704,0.41100710274290153,7.324635980181761
2113.9394312746854,0.8307920634297683,0.39513156767331226,7.331006602102684
2113.967484566314,0.8309795036849412,0.38372020756982933,7.337742494895985
2114.0051544884845,0.8312296952549462,0.38315941899168293,7.3467905043009525
2114.045289724714,0.8314943648358376,0.40312310257826467,7.356434517548134
2114.1040933139216,0.8318785840718157,0.4567196187764256,7.370571680661612
2114.173505535504,0.8323265668380943,0.5309189202954014,7.387270919121182
2114.2782325856956,0.8329906458409518,0.6362967052891383,7.412489800362136
2114.3911178624894,0.833689728609383,0.7300562886826032,7.439702374999662
2114.5707824082365,0.834764569631162,0.827999643157299,7.4830638714055056
2114.7391258311686,0.8357279627958689,0.8536485965103566,7.523736310846605
2114.9185303603513,0.8367076542047001,0.8154360434660205,7.567121230588616
2115.1373929117913,0.8378388951411267,0.7319784530101161,7.620119381393787
2115.261409208463,0.8384502623592069,0.6980099834579993,7.650197667634098
2115.3800238792514,0.8390159412083587,0.6847662227817686,7.679004035235377
2115.4870549390344,0.8395107463770655,0.6869860968054697,7.705030639256679
2115.5940859988173,0.8399906830528581,0.6962520619224087,7.731088238421715
2115.7519647684812,0.8406707231047567,0.7106384488253252,7.769576040532892
2115.920121413714,0.8413569451238002,0.7206299792896367,7.810620823299659
2116.1824425291347,0.8423455352733041,0.7304676984104357,7.874700126800682
2116.5283543947444,0.8434915390001708,0.749770704403568,7.9591610480625725
2116.8978008474273,0.8445142216672132,0.7825064316961022,8.049184226435354
2117.286981862322,0.8453671146441105,0.8083761569040326,8.143767764252372
2117.5898295117818,0.8458746836665721,0.8006001015208666,8.217243305422791
2117.726404320902,0.8460602348787915,0.7883331621240789,8.25036368187553
2117.8629791300223,0.8462195903895834,0.7779577663103273,8.283484033634348
2117.9972835092176,0.8463510933240088,0.7785798118582566,8.316057143285848
2118.1296536326277,0.8464562387968325,0.7925180653803939,8.348164402440785
2118.2949070457707,0.846552971575359,0.8150805394896296,8.38824880182802
2118.4654017329317,0.8466120093685644,0.8135412277643908,8.429601502615432
2118.6790217513803,0.8466277575178921,0.7368886089641038,8.481411227793302
2118.817525431053,0.846604589840769,0.6382517939988945,8.51500863970675
2118.930897483599,0.8465673101505033,0.5331082216725196,8.54251948071383
2119.0160367306853,0.8465291181027214,0.4486036132707217,8.56318798992662
2119.0620068386897,0.8465050033258746,0.410306459629122,8.574351423212482
2119.0974718744756,0.8464847540356443,0.39146785106841797,8.582965665665066
2119.129722909003,0.8464651017780834,0.3863831463075627,8.590800686482757
2119.165505005725,0.8464419190190805,0.39423268453066207,8.599495145549813
2119.2012871024476,0.8464172873213783,0.41137051085724824,8.608191267093131
2119.2295523001944,0.8463968105604125,0.42720149711132127,8.615061678201098
2119.2578174979412,0.8463754425202434,0.4424940268491436,8.621932998078462
2119.2853031172936,0.8463538204281129,0.4556686710711107,8.628615575072484
2119.313565799944,0.8463307342198625,0.4670108688920535,8.635487759957266
2119.3434605832786,0.8463053915624202,0.47654982719460126,8.642757414993683
2119.3759535375716,0.8462767918822381,0.48430731572080643,8.650659448479614
2119.411926144388,0.8462438751107966,0.49017769569523517,8.65940822855797
2119.4504828508825,0.846207158403005,0.4938462180241563,8.668785926401469
2119.519584740814,0.8461376999115834,0.49517691403399267,8.685593612452537
2119.5821890728753,0.8460707331126748,0.49231162564808095,8.700821755936362
2119.6447934049365,0.845999838257105,0.48761274748475625,8.716051015362869
2119.7171061046415,0.8459128089546318,0.48302904605897723,8.73364414833044
2119.8130126833958,0.845788209929395,0.48459228097128393,8.756983277579483
2119.945820539377,0.8455966955103342,0.5110681431448938,8.789319032486434
2120.0683940329586,0.845398739838781,0.5602514998174792,8.819185342502433
2120.2324098020663,0.8451000643598314,0.6467244955151886,8.85918587214787
2120.4211854082578,0.8447065168524035,0.7513811135421294,8.90526900156494
2120.6572267091283,0.8441372784751499,0.8673926661193198,8.962929964926495
2120.930585275948,0.8433686148003265,0.9674649914911286,9.029713411047338
2121.275848302864,0.8422272633894434,1.0302812125998593,9.113998707815334
2121.59194997935,0.8410140453288704,1.0365164521887649,9.191052115094342
2121.919343437734,0.8395873102275211,1.052464724801185,9.270730519579162
2122.1811513107377,0.8383209749396389,1.059332428058736,9.334361348460252
2122.4429591837416,0.8369427483086492,0.9987265230242377,9.39791966138907
2122.754177330344,0.8351610152664091,0.8132675007934567,9.473374408607523
2122.9264394595198,0.834110732110756,0.6568087586899858,9.515092494469593
2123.0430692868304,0.8333756850328744,0.5277211310218437,9.543320276110949
2123.125791091969,0.8328436161914571,0.43470706393354086,9.563334121664012
2123.1642051246167,0.8325937251950203,0.40330178877052414,9.57262639283332
2123.2026191572645,0.8323421236558471,0.3934748317511707,9.581917746041459
2123.2459796442595,0.8320560838791582,0.4178199153273648,9.592404453809849
2123.2885688275737,0.8317729816673434,0.4693426037297,9.602703430113673
2123.314052612096,0.8316025283915668,0.5058507644269398,9.60886532480621
2123.3395363966183,0.8314312578665266,0.5431709677054368,9.615026718728704
2123.3652803227224,0.8312573866474502,0.5801038399975602,9.621250495775246
2123.3924491027624,0.83107293925434,0.6172794166876164,9.627818197012175
2123.421708605724,0.8308731772930453,0.6546560491837294,9.634890717576258
2123.4599501930543,0.830610297638893,0.6988437526315154,9.644133546212514
2123.5118873091337,0.8302499324009858,0.7498712594093925,9.656685323260653
2123.5945226231847,0.8296684105685452,0.8088750649698708,9.676654115630948
2123.702347650281,0.8288941628979579,0.8445483942737502,9.702708426252876
2123.837201465191,0.8279008200808013,0.8294926344841806,9.735293178935875
2124.042876940669,0.8263326886942746,0.7160315800407654,9.784986856739215
2124.1776986866016,0.8252710160620506,0.6037639378866924,9.817554755389304
2124.2809322930284,0.8244407286137511,0.5053749198000401,9.842486499877136
2124.3762550985016,0.8236610959728314,0.41844700842765015,9.865502719710959
2124.4194983010807,0.8233033847768256,0.38894216275273386,9.875942459397885
2124.46274150366,0.8229431826050624,0.3709078733078292,9.886381289168389
2124.507614510718,0.8225667798661566,0.36368511721755187,9.897212653718572
2124.5524875177766,0.8221877043696022,0.36242615216130447,9.908043147944003
2124.597793135395,0.8218022591573437,0.36269232601372725,9.91897719166508
2124.6430987530134,0.8214140790823117,0.36662811617820273,9.92991037715707
2124.702009435778,0.8209052078727787,0.3873538672482865,9.944125496141277
2124.756197139306,0.8204329463289405,0.42519535221318583,9.957199792324673
2124.818597977872,0.8198840036322351,0.48229332313557843,9.972254566813996
2124.904340393695,0.8191205473554313,0.5671610918902174,9.992939402412901
2125.0058914003516,0.8182021373217423,0.6636533186723876,10.017437758130084
2125.1581047250065,0.8167956469252835,0.7899956321642977,10.054162997215629
2125.363096092449,0.8148425294681365,0.9192563776986903,10.103645779652407
2125.5466284782724,0.8130344759735765,0.9808396042556341,10.147985845706735
2125.6984533669115,0.8114954967810002,0.9708048022297036,10.184698655418925
2125.794565365708,0.8105009151450179,0.9292782538577843,10.207954598706776
2125.8713612246165,0.8096949607873452,0.8771669081434736,10.22654342434984
2125.931280423767,0.8090592495711658,0.8261747458432706,10.241050024222838
2125.9911996229175,0.8084175925725781,0.7671900792742551,10.25555787578752
2126.0325161147366,0.8079717336677866,0.7222505683339753,10.26556164778646
2126.069521390552,0.807570072834438,0.6792325989044071,10.274521236728075
2126.1026387190764,0.8072087818410778,0.638699552009105,10.282539009984104
2126.135756047601,0.8068457983585989,0.5965834914770684,10.29055618014064
2126.1662464833153,0.806510148630086,0.5569897169568265,10.29793680523852
2126.1944887033496,0.8061980386595028,0.5204937017047633,10.304772660444257
2126.217759836338,0.8059400197488249,0.49148713957297463,10.310404893270759
2126.241030969326,0.8056812632234158,0.46458635929937975,10.316036780338449
2126.264223076223,0.8054226764393517,0.44128005413395505,10.321649222907972
2126.2874771541838,0.8051627113729561,0.423061144256689,10.327276370374506
2126.3184042963935,0.8048159318572491,0.40943171387171307,10.334759876796394
2126.3603531597882,0.8043437155732215,0.41276892037850355,10.34490963467435
2126.402302023183,0.803869349369364,0.43720297707047,10.355058573007517
2126.4530775149806,0.8032921718739042,0.48248049429726314,10.367341752656735
2126.546004884369,0.8022266803967782,0.5772514931868643,10.389817733097468
2126.6482580384595,0.8010393742237164,0.6771689568852007,10.414541809200614
2126.7647556864854,0.799666231374277,0.7786298237127035,10.442699334969504
2126.9481910665813,0.7974573954421501,0.9124764043814382,10.487011220869757
2127.2861834510813,0.7932300692350109,1.088290244521572,10.568583345112813
2127.5893912473207,0.7892575418479006,1.17720394772829,10.641690820066732
2127.8822715676897,0.7852542687627674,1.2125958448705074,10.712264537934928
2128.104886496286,0.7821006334750937,1.2191512638188127,10.765888533757744
2128.327501424882,0.7788502747197935,1.2126295148973412,10.819504010931679
2128.7155846748306,0.77295034706056,1.150066046296771,10.912974776426843
2129.192405347109,0.7652920513904723,0.9493273473818022,11.0278990789224
2129.480145268594,0.7604535185552675,0.7547570970557513,11.097339688450885
2129.654814042294,0.7574388492383451,0.6079962108171706,11.13953406029255
2129.7776904641246,0.7552847241237436,0.49788578233539443,11.16923498945139
2129.900566885955,0.7531052031899539,0.4141084276602334,11.198947954797589
2129.9500934144166,0.7522201334991694,0.4049351972494427,11.210926689916606
2129.98794808387,0.7515411918548751,0.4097080712152007,11.220083303386852
2130.0201537352104,0.750961872656801,0.4193228185947684,11.227874112896917
2130.052359386551,0.7503809497627663,0.4309034242603914,11.23566555563964
2130.0734543206318,0.7499995461876948,0.4380835571458059,11.24076938324359
2130.0902747880823,0.7496949068688422,0.4429685411087468,11.244839250772511
2130.107095255533,0.7493897990949915,0.44675507754000443,11.24890932906522
2130.1245064787936,0.7490734758677523,0.4492376016075818,11.253122579833438
2130.1410711153417,0.7487720566671535,0.4500423957788595,11.257131183013403
2130.155982780845,0.7485003155718334,0.44935961736361696,11.26073994536874
2130.170692331916,0.7482318845470963,0.447331518998851,11.264299949449335
2130.186288208249,0.7479468736992801,0.44371415170793727,11.26807462037813
2130.20260923104,0.7476481643209302,0.43838274162032803,11.272024958965273
2130.219392864286,0.7473405132803684,0.4314212453651721,11.276087420489135
2130.2362131126324,0.747031710765313,0.42323067632610906,11.280158879507441
2130.252692786853,0.7467286983685847,0.4144383084058617,11.284148011004227
2130.2688107642175,0.7464318981766953,0.4056219379740862,11.288049677065963
2130.28655188768,0.7461047135859771,0.3964197494007296,11.292344339463481
2130.3060943555893,0.745743714697476,0.3879980395413326,11.297075141620702
2130.3306270996654,0.7452896620554705,0.38187872655532623,11.303014078415805
2130.3704204693317,0.7445511175516936,0.3866855461359655,11.312647542903637
2130.4090158781173,0.7438323632461054,0.40886208040958344,11.321991261456997
2130.451625275071,0.7430359792300487,0.4467138111457139,11.33230715259096
2130.521808755348,0.7417173343267315,0.5208987733724019,11.349300218248201
2130.61680668412,0.7399180414886443,0.6223783855616329,11.372305529338394
2130.7169100718174,0.7380031611322901,0.7212003661282925,11.396554278689537
2130.907644863954,0.7342982086309884,0.8825043296125802,11.442784095003896
2131.181806301991,0.7288369836932965,1.058610686505971,11.509311856722185
2131.4724387455544,0.7228655055996646,1.1770077365422502,11.579950224452714
2131.7063143125374,0.7179199180514674,1.2130497448003241,11.636881527904208
2131.9401898795204,0.7128467178631739,1.2023373219015336,11.693889671369492
2132.198721089996,0.7070880737934367,1.1810523799092825,11.75699735700445
2132.404475361881,0.7023904903320644,1.184383522645769,11.807291912929864
2132.610229633766,0.697589869289941,1.1965572103074178,11.85765062053152
2132.827843067188,0.6923986818175336,1.1889101205691408,11.910982492335929
2133.082163873629,0.686181287959627,1.1289990872729365,11.973399691256628
2133.495566534058,0.6757243176666634,0.923600637367138,12.075036857572496
2133.80898121897,0.6675069591625988,0.6867069388454291,12.152193172147758
2133.9501116829797,0.6637266412212146,0.5594238442350769,12.18695094075024
2134.058817804442,0.6607822497564222,0.4633757907535524,12.213724920333371
2134.1169444289862,0.6591967010188009,0.4229957103010024,12.22804115886213
2134.159251211122,0.6580379882431141,0.4044530066342093,12.238460812861401
2134.2015579932577,0.6568754200081105,0.3972504348515296,12.248880191482085
2134.2362846860415,0.6559182925450282,0.3984059195564054,12.257432511190776
2134.2710113788253,0.6549585761041782,0.4026400894273164,12.265984634549405
2134.307048874284,0.6539598570864174,0.4063318219804344,12.274859389600103
2134.332077530562,0.6532645398053666,0.4066798164661304,12.281022981024192
2134.3571061868397,0.6525678207240807,0.4044471131395563,12.287186540368099
2134.379959434285,0.6519304252194383,0.4001097194550932,12.292814383408702
2134.398641696047,0.6514084843661045,0.3952527869415837,12.297415098338108
2134.417323957809,0.6508857533024478,0.38977207070735825,12.302015845516646
2134.437541134948,0.6503191853865873,0.384035486733918,12.306994635616496
2134.4595417367386,0.6497015890139772,0.3794163612186384,12.312412694038285
2134.49349026387,0.64874644783269,0.37919404002228935,12.320773318506767
2134.529584239541,0.6477280792188096,0.39160320932294973,12.329662529579853
2134.579594441143,0.6463121254067205,0.42831774053491634,12.341979315688175
2134.636418733686,0.6446960872920455,0.4849694826460128,12.355974486632595
2134.719997071089,0.6423048303144893,0.5747935448169224,12.376558480272598
2134.807364455967,0.63978613662709,0.6648129254586104,12.398074092253879
2134.9344638825546,0.6360857126765677,0.78245616690386,12.429369332938343
2135.191115459343,0.62847508620528,0.9709724153838541,12.492536331244404
2135.4513317132078,0.620559471202649,1.0890710713062202,12.556531641432318
2135.6060726038104,0.6157532688898677,1.108532217062831,12.594560556100124
2135.760813494413,0.6108713613324669,1.0747793306613471,12.632569047589104
2135.869895376849,0.6073839438067362,1.0153107669702313,12.659350669354925
2135.978977259285,0.6038583363931187,0.9276999813878011,12.686123450960169
2136.079933230415,0.6005614422114659,0.8256886635556321,12.710895248879709
2136.1440318915143,0.5984514221489341,0.7536681928991954,12.726620853644027
2136.198119656311,0.5966609609688863,0.6912002315864525,12.739889525897146
2136.244384823977,0.5951223241895844,0.6389981516492446,12.751238863111153
2136.2906499916426,0.5935772545438629,0.5909546326858328,12.762588200076605
2136.3323897265677,0.5921779270791828,0.554276024231956,12.772827604969276
2136.3720735150764,0.590842900468829,0.5280753549026748,12.782562969350545
2136.4192159308523,0.589251219993425,0.5107739716713847,12.794128622062578
2136.4810152349555,0.587155354690938,0.5121124083991294,12.809291049879365
2136.542814539059,0.5850488075181435,0.5357723556262843,12.824454526012548
2136.6207296781436,0.5823771291317656,0.5838441805909005,12.843573560771146
2136.7193754413875,0.5789679839403395,0.6549807855449885,12.867780889519468
2136.874884777432,0.5735295272799807,0.7662570201454147,12.905942869782567
2137.0421882404544,0.5675861422184357,0.8745199593649923,12.946995529284141
2137.300472834352,0.5582125290896999,1.015464085696339,13.01035542355755
2137.694852055056,0.543409581377886,1.174506148444773,13.107035210188675
2138.1876509413505,0.5240234523073751,1.2894025993782923,13.227697019648879
2138.755424520978,0.5003629130903514,1.3230913059371507,13.366497627491908
2139.330096955119,0.47483291980941034,1.2628998609363538,13.506763194186558
2139.9047693892603,0.4475405921535321,1.0964338294425071,13.646860719949505
2140.2432008927494,0.4305616312366226,0.9422213671100826,13.72932410346371
2140.5118412638453,0.41656693972294595,0.7933270946054737,13.794780534510682
2140.780481634941,0.4020878138781478,0.6621285662955109,13.860250193524315
2140.8942547973247,0.3958035211372694,0.6496194175429598,13.887984036913078
2141.008027959708,0.3894248533140799,0.682275195379974,13.915722088543605
2141.149725676239,0.3813423339553138,0.7699729937145311,13.9502732736307
2141.235076479587,0.3763961945107969,0.8326813049874031,13.971086816811477
2141.320427282935,0.3713890514871638,0.8948674206246727,13.991900897521166
2141.411488986475,0.36597722758122564,0.9566408631007679,14.014107428363372
2141.5138801235107,0.3598030900735213,1.0177547485003806,14.03907547716707
2141.648653579952,0.35152668947341953,1.0824763977652472,14.0719362406818
2141.8538557025186,0.33858036860265134,1.1450527112928484,14.121957645343839
2142.071820533012,0.32433990412851926,1.1660134477536819,14.17507193024805
2142.3736358441465,0.30370703082132383,1.1292919587645187,14.248586594527916
2142.87954136608,0.2663602125453492,0.9489236083048063,14.371741303943036
2143.2096358231365,0.23974738209116633,0.7864802880174037,14.452070160636515
2143.430660790852,0.220722876649437,0.6776897088827893,14.50585620672874
2143.6516857585675,0.20055447578976132,0.5939360414593563,14.559649222438596
2143.8157938625636,0.18471617220179304,0.5662725290625138,14.599597672781613
2143.9799019665597,0.1680103253437481,0.5798530241619582,14.639554477284728
2144.190038679965,0.14507996393883812,0.6590725880817428,14.690730796679672
2144.4085235551543,0.11886704444287836,0.7887103920158046,14.743952710476341
2144.6509385529407,0.08571004345641958,0.9518269102803057,14.803012833810087
2144.7684648392683,0.0673567063031716,1.0318577510698368,14.831647197937336
2144.8678049792147,0.050161143121615744,1.098801398960516,14.855850355005835
2144.9535079388947,0.03384477199328349,1.1557467823636063,14.876730332044898
2145.001771485417,0.02444044690961382,1.187432075918609,14.888488492600331
2145.0385368325137,0.01841879934749069,1.2113742877741664,14.897445189059217
2145.0708990435137,0.01631663638050378,1.2323106552074043,14.905329020812708
2145.0979399391144,0.018178314305850474,1.249708428751744,14.91191637285023
2145.1246529975106,0.022258259830835774,1.2668135036696364,14.91842372580573
2145.1553315149868,0.028021772510151963,1.2863622072835885,14.925896895781886
2145.191670182168,0.03516852951941336,1.3093911674582184,14.934748597080794
2145.260848983895,0.048356861074097625,1.3528701094102673,14.951598951288961
2145.3493100444134,0.063894398698574,1.4078055315034832,14.97314422868501
2145.4576902569925,0.08117132744998617,1.4741317264577845,14.99953785379904
2145.590485677774,0.10034384631996103,1.5539643813653294,15.031871986569115
2145.7902898660295,0.12620644555660374,1.6711664238561603,15.080509347199008
2146.0826406616875,0.15955876291543922,1.836522860151978,15.151642837784957
2146.514184778257,0.20226404517728125,2.0679391841869412,15.256561209047161
2147.149903740316,0.2558770112731171,2.3835953574047704,15.410902482968913
2148.0805590953782,0.3213686787342305,2.798253020637243,15.63629234747942
2149.4398609849122,0.39890135958906653,3.3196471727126764,15.964099740655914
2151.3894546753913,0.4851129346350933,3.927932801323195,16.430988128921957
2154.084970622856,0.5708016720874568,4.556029011701966,17.0696507117788
2157.852098372535,0.6428817895681405,5.103892969294518,17.94866380086632
2162.8066866268264,0.6696691880184518,5.330717227224333,19.082119932490496
2168.986504995813,0.6008261452000582,4.870045621791443,20.465381502682547
2172.459864161022,0.5036502570948759,4.215985778574826,21.2314799748242
2175.001427921805,0.39430891548420544,3.52584360733991,21.78852730440057
2176.489295023797,0.30711929603081656,3.031220341136495,22.113734105524433
2177.5073021921125,0.2311999748614559,2.6574974531407576,22.336023636264624
2178.106894943334,0.17621489672555807,2.428646824025934,22.466908072274308
2178.514121910981,0.1315572315881388,2.272751396966716,22.555795926090358
2178.758719362168,0.10006538347432173,2.1803157700527267,22.609186561950494
2178.925787916661,0.07531771685639232,2.1182614348910733,22.64565542898803
2179.0309213273254,0.05770532824310447,2.0798510833833825,22.66860538413846
2179.1135908936117,0.0422960769221854,2.0500775048333013,22.686652090381088
2179.1851949522975,0.027710417543291663,2.0246430873379064,22.702283575179585
2179.2222454787193,0.02024276507285158,2.011625188338849,22.710372015671375
2179.2507825009416,0.01581559863377345,2.001669533788111,22.716601957999664
2179.279319523164,0.014909675580071445,1.99177799873391,22.72283196434442
2179.306603490296,0.018049076684768663,1.9823820620489903,22.728788473998375
2179.3307064755545,0.022505670787810853,1.9741319319881525,22.734050577997458
2179.3541377498204,0.02730582096309067,1.9661572885380627,22.739166083380294
2179.3963392908254,0.036030175287454794,1.9519085262697855,22.748379627329925
2179.464527447615,0.04935958079034207,1.9292004464507686,22.763266980366645
2179.547766840019,0.06420073712942168,1.9020205002666257,22.78144105053464
2179.657528582306,0.08187617554742273,1.8671267829741145,22.80540699541577
2179.7982581610063,0.1022472658825617,1.8240602142189493,22.836136643172964
2179.981366105526,0.12601774032438426,1.7710831733713728,22.87612376382269
2180.2560054721907,0.15764167424989176,1.6989283351974969,22.936108408030165
2180.658860298292,0.19809846783567014,1.6117613637661008,23.024118705696626
2181.254410900685,0.24936799229410528,1.5323292447797163,23.154279766592115
2182.137492482989,0.31313701413875666,1.5383837714305746,23.347403379173482
2183.096645638829,0.37109722813789064,1.6959945211812322,23.55730291689087
2184.248873071169,0.42949721649377604,2.017963457574887,23.809567891122697
2185.327619278771,0.47557999267785067,2.3764803310066704,24.045764718539534
2187.0686648062297,0.5361770612647139,2.964781411961627,24.426799706759976
2188.855439679998,0.5839779257890994,3.521516790478488,24.81734901247468
2192.472204406828,0.6446754487187697,4.446656357204464,25.605426141928472
2197.3519426898947,0.6615035776496834,5.292288336379784,26.661804842969815
2203.197396546961,0.5861996232294594,5.779007661148473,27.91543484731785
2206.4022991324027,0.4922006514793874,5.82391025068528,28.597304536982385
2208.8114373810927,0.38619926061247917,5.757541847997545,29.107463533076256
2210.2432093937828,0.3011465805950429,5.677582258748681,29.40973318213679
2211.2222607105614,0.22751278077620396,5.605521163731556,29.616049967561384
2211.8080656577376,0.17356683637354067,5.555658605244151,29.739356405029046
2212.20318720941,0.13023554578879404,5.51917985822587,29.822467651996405
2212.4454722681708,0.09919322832808233,5.495679328116374,29.87340795597149
2212.60941960715,0.07516189979896905,5.479289746544953,29.907868079233047
2212.7191273742424,0.05707484800247773,5.468102891696677,29.930923227003028
2212.810984622106,0.040280988631857556,5.458600898039922,29.950224409333952
2212.87033630867,0.028723682279533928,5.452395742275321,29.962694185313755
2212.9152015179893,0.020543273602574772,5.447670886360277,29.972119685736143
2212.9479986425777,0.016780725794332464,5.444198244727726,29.979009500169422
2212.9803958254533,0.017386872234096927,5.440752378235877,29.98581499570778
2213.0102913843525,0.02140948368258535,5.437558790441219,29.99209472347095
2213.0507450098394,0.028900498001621516,5.433216114905108,30.00059182648832
2213.087560878483,0.036102321255638496,5.429242605786405,30.008324430804585
2213.15979348161,0.04973471364019559,5.421387054637893,30.023494657062074
2213.250362834287,0.06544562273098829,5.411424912349013,30.042513870216833
2213.369878315572,0.0841869138095128,5.398085441995428,30.067608134545775
2213.5328714448015,0.10706385906302364,5.37953432709768,30.101824839693144
2213.7472010052256,0.13383059236384418,5.354500854859108,30.146807306538246
2214.0081366906443,0.16285177947745139,5.323026849505126,30.201554355827295
2214.4032987602504,0.2016171216258294,5.273234438948553,30.284428829681897
2214.985053220754,0.2508976320734363,5.195134965130922,30.406361929448895
2215.8397201369576,0.3120202257737227,5.0696266626111335,30.585342799036713
2217.0841024255533,0.3850274671716681,4.862654364996152,30.8456309389604
2218.866903579669,0.46740036068607,4.5117808593048165,31.217977546198554
2221.4234520473647,0.5540122605247132,3.8824102997452674,31.750994029657335
2224.614108607281,0.6241118818388779,2.85612256304423,32.41528108374871
2226.148028931733,0.6455061645022452,2.274028417282393,32.73454787520393
2227.4193908011084,0.6578025359393098,1.7969973921302453,32.99924530585938
2228.420041062715,0.6641754538035921,1.5050582432659259,33.20766982335111
2229.4206913243215,0.6676960487980594,1.383655568443954,33.416175976956076
2230.0642317468587,0.6684128165450955,1.419792966792349,33.55030237086917
2230.494147524182,0.6681850987486241,1.492312345138967,33.63991304649094
2230.91766179946,0.6674041799409424,1.5969852285139476,33.72819223050994
2231.415923936979,0.6657904786240311,1.7464671062663752,33.832051991445645
2232.1655940959963,0.6619759397529419,1.994516678254886,33.9883064751567
2233.2353265768083,0.6536735430413753,2.353218939249077,34.21122684330352
2234.633069153866,0.6376845955031436,2.7883794605706593,34.502372017445865
2236.475299576514,0.6072738464669798,3.276881327660626,34.88580235919892
2238.912348389649,0.548933588907324,3.769908587140742,35.3924188670903
2241.7859421080634,0.44744548032123926,4.145170273903825,35.98885065822148
2243.661401497034,0.35460235301390247,4.28203870784548,36.37760397287527
2244.9745954572436,0.2700277724736274,4.331888398332302,36.649597355859036
2245.7569800872902,0.20731131807122752,4.344957002157206,36.81157448477114
2246.2895400146185,0.1560092288762622,4.347218191597775,36.92180216441523
2246.6156256701265,0.11911771423727684,4.34609260543974,36.989283917202606
2246.8374718092355,0.09035127965195285,4.344285212989401,37.035189514415876
2246.9927519472135,0.06767605553019249,4.342535581696798,37.06731890747535
2247.126486197022,0.04605872326732746,4.3407179858881015,37.09498889745966
2247.201385576578,0.03351504766434842,4.339577091091692,37.11048527666902
2247.261999100997,0.024767998921526892,4.338590124895817,37.12302570505991
2247.3114330559324,0.021649194574531818,4.337743238656468,37.1332530007868
2247.3520243876746,0.02367311711635937,4.337019550500694,37.14165074752794
2247.392520725992,0.02874870584933031,4.336271846478801,37.15002873840976
2247.4417203887497,0.036592283013995044,4.335328362573228,37.16020715896913
2247.4964894805094,0.0458115840459737,4.3342319969774215,37.171537606864085
2247.5981016620785,0.06243089961671904,4.332066317956201,37.192558315101834
2247.7308615919414,0.08243951595444025,4.328971606444265,37.22002169304224
2247.900636473055,0.10554977434277303,4.324561263141683,37.255140686198395
2248.1338961882357,0.13391396706795095,4.31764148771328,37.30338931361821
2248.435781204821,0.1664662311981039,4.3071463067505915,37.36582853409724
2248.8231781124814,0.20338952426926307,4.29101882866884,37.44594786378611
2249.408931933735,0.25199885237377,4.260664268913882,37.56707825711454
2250.267799993492,0.3124858477039968,4.202369976458765,37.74466609017726
2251.5210591349396,0.3851921682011743,4.085685882971236,38.00377418903077
2253.3218374659887,0.4677196186511846,3.846099113944079,38.37607464729881
2255.859565042292,0.5534968523694649,3.346080118059583,38.90087141649558
2258.1256140923956,0.6073783299953455,2.716468863361634,39.36977436910481
2259.836499006417,0.6362626041854728,2.1206742087786012,39.72404024338302
2260.910918491853,0.6496668905041809,1.7106985333547349,39.94662004650703
2261.379839780427,0.6544042694692236,1.5362815498742612,40.04378429098961
2261.8487610690013,0.658458988486453,1.3848092173061355,40.1409589236731
2262.092121422444,0.6602890980060473,1.3525033662290415,40.19139401986946
2262.335481775887,0.6619306621779744,1.3904068019771878,40.24183132100143
2262.510018439155,0.6629930180267091,1.4518902181451876,40.27800607286743
2262.684555102423,0.663960873741121,1.5308412713024946,40.31418206639504
2262.8040348638874,0.6645699469817067,1.5910595521442539,40.33894720229732
2262.923514625352,0.6651364753145764,1.6526946500030295,40.363712869810705
2263.0104511103045,0.6655224343488334,1.6958488653059374,40.381733267661495
2263.0966466865066,0.6658835887073866,1.7348813809197399,40.3996002465494
2263.1893975714484,0.6662485451246829,1.7702012045599338,40.41882612255944
2263.2737797564096,0.6665594424283866,1.7941670020475184,40.43631727806221
2263.358161941371,0.6668503344740956,1.8084916368270092,40.45380833394451
2263.43446577704,0.6670962290547892,1.8117958935460183,40.469624729764135
2263.51890856458,0.667349430376769,1.8034183716369403,40.48712795912949
2263.598252228807,0.6675692747606692,1.7828552938476372,40.50357399610523
2263.681952501287,0.6677822623718965,1.746653285946724,40.52092277263362
2263.7635374802203,0.6679712047033997,1.6959795951488914,40.53783283658771
2263.841408525526,0.6681343978318566,1.6326792445473006,40.55397289722486
2263.914294305724,0.6682720000718416,1.5599381198237983,40.569079529660634
2263.987453305685,0.6683954217122747,1.4742736597512724,40.58424270094152
2264.0515297939733,0.6684914439503611,1.3902506116143178,40.597523377246304
2264.103737868513,0.6685613487907346,1.3175072716004528,40.60834418727961
2264.1559459430523,0.6686237680042206,1.2436066596861106,40.619165034188086
2264.2118348647823,0.6686822734059218,1.16739916081179,40.63074884845952
2264.2665922809533,0.6687312194616365,1.1009037000314381,40.64209821637162
2264.3221656323935,0.668772367914662,1.0469634059941233,40.65361678416496
2264.392079809472,0.6688118549341837,1.0035880091121843,40.66810786794588
2264.488278403993,0.6688437064578762,0.9874808928609852,40.688047137959444
2264.5820258144668,0.6688496688599015,1.0041485942140465,40.70747859585155
2264.7172101853394,0.6688149551311737,1.0479659360549933,40.73549932331834
2264.9556377610324,0.6686307117742886,1.1382921072658825,40.784921389285294
2265.1756313765154,0.6683229715563198,1.2297639706122014,40.8305239235417
2265.7457637795524,0.6669123991238974,1.4904285454122905,40.948713527396905
2266.3461484290365,0.6644642058893806,1.7783196796334704,41.07318372433651
2267.035528113503,0.6604177213627408,2.1014843825661242,41.216112373514854
2268.130101177966,0.6512214140363797,2.5726292813174507,41.44305578370883
2269.7069343936278,0.6317725641951814,3.1468302045541714,41.769967158747825
2271.634256364785,0.5973794093244171,3.6944238174703843,42.16944321522013
2274.8065486008195,0.5113672924908494,4.288478712281507,42.826566695106045
2277.295836195728,0.41068931107914974,4.530798391774084,43.341765232692424
2279.084352799658,0.3113018803036156,4.598856727860198,43.71165952066139
2280.056388053755,0.24212780760359096,4.601423353501652,43.91259569078062
2280.7664412614213,0.180485249050792,4.588681878044573,44.05933279680619
2281.165176213335,0.13932563657238692,4.576265916170241,44.141718170644744
2281.45411409795,0.10488740473517713,4.564948389706665,44.201410564554166
2281.639195097082,0.07985426761957916,4.556685599841686,44.23964380886946
2281.795075326604,0.0563737491493738,4.549116753071054,44.27184301339061
2281.895999172215,0.04016033384119134,4.543919883414791,44.29268931266161
2281.9694787062203,0.029138522922618513,4.539989522468556,44.30786641108231
2282.02793220118,0.023758835725471543,4.5367742356627785,44.319939632432366
2282.0749986450137,0.0243584970630635,4.534127752513638,44.32966075330137
2282.122065088847,0.02914270932509439,4.531429380953313,44.33938172030322
2282.169311115174,0.03601351774577872,4.528667946608255,44.34913962335794
2282.2138362282453,0.04311108690062039,4.526016653411147,44.35833542449841
2282.294480924031,0.05606590125711827,4.5210924230502245,44.37499067900775
2282.4321367854527,0.07695036472341922,4.512317982827384,44.40341920954733
2282.592167649119,0.09902743910148352,4.501521770976856,44.43646697346358
2282.820907187279,0.12731813190655056,4.484955573407027,44.483700663435805
2283.161956657293,0.1643958271163739,4.457716684837956,44.55411934063176
2283.66428598076,0.21148798221504678,4.411896790236441,44.65782454848763
2284.3943420997034,0.269437386030037,4.3327373439334735,44.808514782303966
2285.4460157090866,0.33863931199931685,4.191196620021367,45.025532288295054
2286.95136032917,0.4183326071280039,3.9279466828148144,45.33605758961326
2289.0877055316346,0.5049732884332325,3.4174505533094783,45.77655750379761
2291.5775340076666,0.5778810060818874,2.5834905255004963,46.28974042817347
2292.751253407687,0.603787746997607,2.0890871625535863,46.53161619982964
2293.742596714872,0.6218830241261948,1.6320402385999293,46.735903906004395
2294.1883278280807,0.6289194693236747,1.4305909942910031,46.827757874236774
2294.5855448914526,0.6346136915889032,1.283539549146499,46.90961606684638
2294.868038900953,0.6383336014586549,1.20759887193339,46.96783353412245
2295.1414983703853,0.6416805366034363,1.1420729988075378,47.02419036697265
2295.3922531819494,0.6445410856818257,1.0994254191919623,47.07586927087382
2295.748134012808,0.6482792135268796,1.0800952247546192,47.149216261930135
2296.2155554764754,0.6526394068545611,1.1465892796790467,47.24555614246882
2296.663470077282,0.6562403830493875,1.301726201141633,47.33787972923911
2297.3454310376205,0.6606380149486852,1.6309651366583064,47.478449817950995
2298.027391997959,0.6637226184256988,1.9903418909696264,47.619021136345786
2298.83692820965,0.6656754964658019,2.403786537834205,47.78588333781935
2299.995636300014,0.6652299333457766,2.9416744347928763,48.024691227036264
2302.368150910167,0.6522302048630243,3.8440599919435665,48.513502776046394
2304.9683359188884,0.6184363445861695,4.5826773588056575,49.048880537488145
2308.526593166301,0.5344223053559388,5.266569661742528,49.780819557968584
2311.5019739243844,0.42059188100197453,5.599483026200503,50.39217650557535
2313.263976876197,0.3249844030030074,5.704694275023857,50.75391805961898
2314.3941785725265,0.24550453367198827,5.737609646722838,50.98583315023363
2315.067626529783,0.18696155106350712,5.744491448444657,51.12398043209871
2315.514088526545,0.14051592014248282,5.743806446586522,51.21554765065884
2315.7888334506038,0.10706124044539816,5.741296753520439,51.271889656846355
2315.974025970847,0.08124964236134584,5.738703393618444,51.30986419712927
2316.100937325078,0.06135083761366512,5.736505187272159,51.33588656935826
2316.204978340292,0.043293872153780756,5.734446810678242,51.35721870103149
2316.2791109981767,0.02972710441128477,5.732838809242204,51.372418098304
2316.3217162679375,0.022633826522592975,5.731861297268278,51.381153274946165
2316.358378157237,0.018814716242737103,5.730988898695428,51.38866980681185
2316.3902791819683,0.01904517605212118,5.730206234663471,51.39521017747054
2316.4221802066995,0.02251760764775394,5.729401629204166,51.40175047908487
2316.4574628454952,0.028277933923288995,5.728486164281226,51.408983993991725
2316.490412270699,0.034254219661657474,5.727606981406764,51.41573908610876
2316.554469890645,0.045951548030476276,5.725830692836196,51.4288715825771
2316.6471523980554,0.06191080134898581,5.7231039074918195,51.44787199749175
2316.763645547694,0.08020105120906564,5.719413732260375,51.471752904759
2316.928377049427,0.10342709536606037,5.713695878928252,51.50552104797687
2317.178469223922,0.1345182022837334,5.703896445501115,51.556783743078796
2317.5435257655713,0.17387246787877766,5.6871701185312356,51.631603891331075
2318.0713469673274,0.2225559980230055,5.657895601608603,51.73976815717937
2318.8318177417245,0.28166253049070505,5.605092910510851,51.89557717493682
2319.9244798410837,0.35175276799824395,5.507056168818423,52.11938472884258
2321.486670704653,0.43186854227047694,5.320522772100571,52.439243183022974
2323.7009265684333,0.5178872743597682,4.9583646859020005,52.89238698418637
2326.7909408404867,0.5995873517858639,4.242639091301543,53.52437794587939
2329.3857411339754,0.6411197996356861,3.423396692378634,54.05482683659747
2331.3334651016107,0.6580733915692856,2.661642938286308,54.45289559709128
2332.551035357659,0.6627247196907051,2.1353396170809726,54.701714824900165
2333.4388401309375,0.6632108541103524,1.7638017459305113,54.883139854819866
2334.211653440265,0.6616064112827666,1.5007150934524198,55.04106643414021
2334.9844667495922,0.658158595841663,1.3488015435981426,55.19899559827274
2335.6930817071693,0.6534563529005244,1.3600799534987549,55.34380919058941
2336.4016966647464,0.6472940619700984,1.5361353882908073,55.48862694009536
2337.1154494216726,0.6395758409536227,1.8234591769378747,55.634498338376495
2337.9687059744465,0.6282860794256885,2.221853897134435,55.808883409166675
2339.0577403143857,0.6104551401156659,2.7365698282112065,56.031456233254076
2340.6351541347576,0.5773128037494882,3.4313631222540812,56.35383238043152
2342.7357898446066,0.5179563803434466,4.242520890748621,56.783097969560494
2345.993196355584,0.38065109708220196,5.277199425780675,57.44859582218141
2347.107101709138,0.3150895989888714,5.57899436022383,57.676114535572566
2348.221007062692,0.23350315745129036,5.857789788878043,57.90360066336045
2348.7340793450717,0.18751733143365068,5.978949202840946,58.00837072646529
2349.2471516274513,0.13252170686082707,6.095749483998303,58.11313321260093
2349.455206235171,0.10611183509353954,6.141905158113613,58.15561297393006
2349.6632608428904,0.07573519165593459,6.187379251246832,58.198091446556674
2349.7620611776506,0.05921363880211401,6.208738326867085,58.21826303880917
2349.8455182715174,0.04371524675623366,6.226663589002418,58.235301845483725
2349.913490799641,0.029838772534478225,6.24118459920702,58.249179129153895
2349.9536686869706,0.021444822865550876,6.249734973636434,58.257381787995534
2349.981793005017,0.016425229205175283,6.2557057676248125,58.263123578533495
2350.0067543341684,0.0142879142690537,6.2609951665864925,58.26821960100469
2350.025814680513,0.015134398953199584,6.265027894423356,58.272110885560174
2350.043895642185,0.01760859715328274,6.268848443563332,58.27580221261358
2350.066179499785,0.021794262947447247,6.2735504526253125,58.280351570129845
2350.087703462479,0.026264715311631322,6.278085202996252,58.284745777065446
2350.130294050397,0.03520312418582164,6.2870384001222,58.29344078200321
2350.1931816997317,0.04769223850723033,6.300210124043728,58.30627939598642
2350.2723870519308,0.062066458597386395,6.316718209047835,58.32244912343377
2350.3837876845846,0.08027318830517273,6.339783983788676,58.34519117471604
2350.5525596052357,0.1047054293532592,6.374391694214861,58.3796446507264
2350.801263915408,0.13611518142000117,6.424657567656318,58.430414106986575
2351.163364088894,0.17555231763670123,6.49630184656169,58.50432829990868
2351.6882017489143,0.22427642405094395,6.596957796117818,58.611454243272824
2352.4473363348234,0.2834715941949428,6.736020965277161,58.7663877313139
2353.541783690126,0.3536616925451937,6.9233126851168825,58.98972338336188
2355.111091455099,0.43377344116961003,7.165679799254701,59.3098916994521
2357.341208520328,0.5194319839507878,7.459470723745956,59.76473532092863
2360.46172936874,0.5999214971430507,7.776138506637072,60.4008947015241
2364.6934555563253,0.6531584151138654,8.039165808881005,61.26304703311084
2370.2919084822656,0.6384727870688806,8.104096156663054,62.40270269094604
2374.3522689035553,0.564858987366646,7.949024828478061,63.22860598921858
2377.983418391145,0.44128960898797537,7.658957237271085,63.96677252631243
2379.7299108720135,0.3532520274909098,7.46480165635344,64.32167601611854
2381.1446817853184,0.25936782058655217,7.279491754128199,64.609109399999
2381.806620105504,0.20411568785533388,7.183694689365767,64.74357466097663
2382.369394143037,0.1473621520954884,7.097483624345937,64.85788699105625
2382.6328971996595,0.11577097892998657,7.055569501415082,64.91140776887012
2382.8564850068847,0.08480357744478108,7.019213158771996,64.95681990257857
2382.9745059382535,0.06610786119107222,6.999725563245006,64.98079022071212
2383.067097692662,0.04976737860042303,6.984291786309316,64.99959557562904
2383.144153459564,0.03472712516195572,6.971349754507269,65.01524541635966
2383.192667290383,0.02475171127983584,6.963155680155502,65.02509838412823
2383.227277396254,0.018239937717174408,6.957288241875819,65.03212752508536
2383.256699555565,0.015027474341097432,6.95228606006725,65.03810299686899
2383.278719874869,0.015535463956951517,6.948533721155009,65.04257518363292
2383.3007401941727,0.01835976124855971,6.944774046147564,65.04704735862333
2383.3222400023074,0.022278180376049044,6.941096170960084,65.05141381004185
2383.3436526351875,0.026601075200185023,6.937426273112227,65.05576254568992
2383.3831793045056,0.034737779092532596,6.930633666972791,65.0637900691433
2383.451704169439,0.048180126942610035,6.918802056188917,65.07770678519093
2383.532012940057,0.06258965099102318,6.904846085366895,65.09401655133877
2383.6443920026086,0.08079223108288708,6.8851547471667045,65.11683915762853
2383.813348366436,0.10508802693504103,6.855194328062689,65.15115125357755
2384.0638128356936,0.13655876768420702,6.809995780945049,65.2020149919021
2384.4305279948107,0.17630645325777108,6.742128390217927,65.27648402511838
2384.9633008401343,0.2255033910444575,6.6399409747074385,65.38466903582146
2385.7348151609012,0.2852829526097826,6.484375654036585,65.5413218790898
2386.847866419635,0.35610564347673107,6.243896143961288,65.76730034909454
2388.444378508619,0.4367661952237408,5.864945351815738,66.09139165654493
2390.7129949877594,0.522604632486694,5.25419291957986,66.55184356957065
2393.890040829504,0.6023870646422456,4.247199268395434,67.19655328042418
2396.2519312947443,0.6373941500288551,3.387335533129147,67.67577823277406
2398.1966339604924,0.6524123204618427,2.6493406810689337,68.07032937829229
2399.6526915214627,0.6557891866516885,2.1633586087013668,68.36573323417198
2400.836718352662,0.6536366137013987,1.909115294284418,68.60594575761732
2402.0139143400925,0.6472285820492873,1.8731480399821157,68.84477292305701
2403.0906924719925,0.6376533700039664,2.0578948636918963,69.06322934139358
2404.1497086004138,0.624681803350547,2.3883392012001763,69.2780847526961
2405.580585483168,0.6012589510436946,2.941898549413082,69.5683885550778
2406.971609748246,0.5714809019640891,3.5093612561333667,69.85061151070883
2409.3534657409814,0.5020496402010164,4.450599435342228,70.33387072890528
2412.397223356631,0.3682270745677387,5.548202633024478,70.95142912787534
2413.543029384128,0.2978874723068047,5.930710517870459,71.18390401359126
2414.6888354116254,0.20821713028614655,6.297915765633811,71.41637663868731
2415.098691368594,0.16842164450145944,6.425767789454018,71.49953160864666
2415.508547325562,0.12148066957714836,6.551866323113883,71.58268613358564
2415.6930731438265,0.09665725250430396,6.608082406635301,71.62012390263344
2415.877598962091,0.06799787950547208,6.663961879343519,71.65756156917311
2415.9594952188263,0.05339119135159479,6.688656302162927,71.67417712211795
2416.0286340940193,0.03971097384655171,6.709453975616045,71.68820437232895
2416.085865138088,0.027221988462421152,6.726635426809613,71.69981568895379
2416.1195244449227,0.019590695992834112,6.736726030719875,71.70664465024603
2416.144921090529,0.014514638643131229,6.744332643172085,71.71179724082384
2416.1664779081916,0.012368152171692084,6.7507845214538955,71.7161707874372
2416.1833514559007,0.013226688619363882,6.755831750628812,71.71959416957091
2416.20022500361,0.015897216677016896,6.760876391972742,71.72301755076721
2416.220920231943,0.020266165900257278,6.767060072153231,71.72721629042434
2416.240061152806,0.02460882459659306,6.7727758879993685,71.73109968403593
2416.2740488776153,0.032259307497470996,6.7829170918084785,71.73799525908926
2416.3259503714235,0.043246267600857514,6.798383355597187,71.74852524889222
2416.3915232670224,0.05592502998714198,6.817889068214953,71.76182893649194
2416.4851910406082,0.07224550166364993,6.845685307328049,71.78083259886881
2416.623189855968,0.09359930300363917,6.88649406958424,71.8088302523438
2416.827592245378,0.12131451528364615,6.9466272025388305,71.85029996216531
2417.128805662941,0.15667393210474972,7.034562433283015,71.91141069051693
2417.5691764273724,0.20090974240491327,7.161671080903442,72.00075332898491
2418.210029974263,0.25525925720542,7.343582746778084,72.13076870766503
2419.1388836002225,0.320567237190069,7.600864580493885,72.31921015626114
2420.47811895226,0.39653246951368243,7.958784708866909,72.59090119192717
2422.393962125525,0.4803463683698104,8.444960327188877,72.97955324239621
2425.100457718371,0.5642459765917818,9.082709531201232,73.5285625723067
2428.8378569275187,0.6312476384536839,9.876165165908773,74.28660718534765
2433.710167602516,0.6493617330109044,10.77349993434722,75.27467176633789
2439.4526664332443,0.5734205801560083,11.653616676713265,76.4389120711035
2442.731682168396,0.4730015689791696,12.07787545757625,77.10354437010942
2445.032511941531,0.3660147316368873,12.343750066225835,77.5698313575941
2446.3584410320004,0.28266234852270267,12.485456440717039,77.83851573552793
2447.2577708476897,0.2109460566935033,12.576879406462714,78.02074234393277
2447.770141759364,0.16086005281125607,12.627290714389046,78.12455693906452
2448.1252389997385,0.11946118744472824,12.661520808884402,78.19650342063741
2448.3319811745214,0.09120487347453739,12.681184728048452,78.23839085248643
2448.4765032810387,0.06851439876981404,12.69481521739026,78.2676717350176
2448.5654540509026,0.052721010143117794,12.703157436509684,78.28569346214371
2448.6359969182386,0.038778308087079896,12.709747819420757,78.29998561427146
2448.6948981420514,0.02599180471292947,12.715233382477743,78.31191909323564
2448.7283022677525,0.018639827892572094,12.718337414783335,78.31868680105525
2448.75204109845,0.014333150146642812,12.72054026351199,78.32349630220567
2448.775779929147,0.012844106500699564,12.722740583993549,78.32830579616308
2448.795182004671,0.014677891224973764,12.724537062950048,78.33223665692813
2448.8141652722825,0.01814606058864009,12.726293136083855,78.33608266255575
2448.8334444366474,0.022303062233878342,12.728074936836629,78.33998861209268
2448.8587327096056,0.027952081047253222,12.730409596981438,78.3451119969892
2448.909832067757,0.03898165501664905,12.735118512693667,78.35546466326898
2448.969010731348,0.050756500752763466,12.740557488984853,78.3674541451931
2449.0499878464575,0.06539006045984647,12.747974822915882,78.38385987866232
2449.1682381798732,0.08451395429688903,12.758754382543849,78.4078169103585
2449.3426902440406,0.10940408290252453,12.774545090623555,78.44315985701118
2449.600792420139,0.14147500697119178,12.797663409622896,78.49544910706229
2449.9797082638675,0.18198396831835045,12.8310783753098,78.57221261800545
2450.5323610364785,0.23217109376551662,12.878703350984223,78.68416973765487
2451.3348517253935,0.2930861000666826,12.945532269235365,78.84673242420676
2452.494563638271,0.36499117425214495,13.037297276892113,79.08164384954071
2454.1592928077334,0.44627966215597553,13.159218086840497,79.41882153672877
2456.5241486024834,0.5315259162464239,13.31287420046641,79.89774296790372
2459.823980930338,0.6080344223773771,13.489672970212977,80.56589108731615
2464.2580681566646,0.6503465795068981,13.659547804405246,81.4634787895177
2470.2752212809905,0.608550355039857,13.767667298584266,82.68111323321071
2474.098400386966,0.516182093717774,13.763268563996256,83.45452814727537
2476.8827200293163,0.4044813331915838,13.723968918981893,84.01766626266155
2478.4625168998878,0.31548844360747247,13.687965987295108,84.33714108270325
2479.5557813873093,0.23588121600905543,13.657171648883837,84.55820800554098
2480.1678435614162,0.18056147291489993,13.63781327014248,84.68196524450462
2480.5989145969456,0.13369396101160183,13.623261021481786,84.76912371275166
2480.843455738145,0.10229756625462015,13.614666989171862,84.81856655294828
2481.01756814775,0.07646113729915353,13.6083982393907,84.85376921118686
2481.122310324285,0.058757810276868015,13.604566974843035,84.87494616568728
2481.19938978624,0.044204446392002224,13.601718686567605,84.89053013521858
2481.2631892504887,0.030880955757023872,13.599342606945221,84.90342908987401
2481.302791560408,0.022147318009446536,13.597859262394884,84.91143584570393
2481.333307014834,0.015962190408185608,13.596711868190518,84.91760541642655
2481.357024650357,0.013176641681673627,13.595817427793039,84.92240060568456
2481.376249317354,0.01370120868357452,13.59509072948508,84.92628740931151
2481.395473984351,0.016475461810016644,13.594362513920174,84.93017420822534
2481.4158398864815,0.02057463768475551,13.593589416477275,84.9342917342924
2481.4355228217423,0.02488902253967659,13.592840630889814,84.9382711748412
2481.469704363605,0.03240343792275956,13.591536519469546,84.94518189121582
2481.5267929496813,0.0442638091846371,13.589347810876605,84.95672384843128
2481.594163130104,0.05705994068885951,13.586747834056633,84.97034444673378
2481.69004093852,0.07351257235229185,13.583015853333345,84.9897284889848
2481.830475968509,0.09496195165387555,13.577482177887822,85.01812065235167
2482.0379034960756,0.12277674990632996,13.569162699179907,85.06005643011328
2482.344227463863,0.15838244959123976,13.556559027731128,85.12198518331161
2482.7929349164697,0.20302826156055712,13.53741507116541,85.21269712511358
2483.446383268398,0.25790285709261795,13.5080901399063,85.34479556102968
2484.3935599284587,0.32378630392829855,13.462546313966177,85.53626351982716
2485.75880739244,0.4002678230807689,13.390578900929194,85.81222347555848
2487.710607991072,0.48433243780967006,13.274695183046212,86.20670541502669
2490.4644669544537,0.5678282038130611,13.084950027102565,86.76321624911957
2494.2570752290603,0.6331022982199801,12.772345120645245,87.52949937011213
2499.162086480294,0.6474955812375837,12.276362453037466,88.52030536907182
2504.7031075298437,0.5709989925255515,11.582685697201482,89.63928494115476
2507.983701620715,0.46929827857168244,11.099020144149414,90.30164276689618
2510.2242356094703,0.3643051308639852,10.734456214492106,90.75395378649068
2511.551120769217,0.2805322262987916,10.504489249220317,91.02179969785918
2512.4295458754505,0.21028010861049387,10.346173843140065,91.19911081290795
2512.945700663516,0.1597605929390087,10.250808448124316,91.30329419251863
2513.293100267191,0.11924393787255785,10.185621722132808,91.37341388272426
2513.5020560248613,0.09072401756975348,10.146018497700982,91.41558936041245
2513.6444126714073,0.06842891833846525,10.11886614187576,91.44432231391505
2513.733943764229,0.052611880911843614,10.101717680562398,91.4623929872258
2513.8064743974446,0.03836565253951541,10.087784577942914,91.47703229266881
2513.866837098245,0.0254118103779762,10.076160949907106,91.4892156359777
2513.8994071463244,0.01847589487138837,10.06987857710254,91.49578941939265
2513.923736760978,0.01443287848315409,10.065180838554888,91.50069998724035
2513.9480663756317,0.013445276734394244,10.06047895441144,91.50561055019723
2513.9714953787616,0.016142479126108805,10.05594720489047,91.51033933378689
2513.991467138814,0.0199744434507593,10.05208114245968,91.51437032251177
2514.011165863811,0.02420500124609001,10.048265205489754,91.51834620014365
2514.0427605687782,0.031108632578305016,10.042139190198656,91.52472308745043
2514.109054393585,0.04483589210537285,10.029262649680105,91.53810341203486
2514.175852653966,0.057434809765960604,10.016257249607877,91.55158551224937
2514.2719810535236,0.0738485426701205,9.997487069185363,91.57098734147296
2514.411958763438,0.09515342717186813,9.970040413586442,91.59923924931448
2514.6183842414307,0.12277855959438219,9.929317622239983,91.64090211857116
2514.9232437049504,0.15818601492259543,9.868637895125124,91.70243129930807
2515.370771095094,0.20271259326691252,9.778397960028183,91.79275352402576
2516.0232240776622,0.25752039666057,9.644349772949996,91.92443204475515
2516.9694963489187,0.3233704290773831,9.444656238566253,92.11540356952129
2518.333830471319,0.3998368926680674,9.145580669899202,92.39073431873467
2520.284593763612,0.4838887413300576,8.69447178072288,92.78438693651697
2523.037047183831,0.5673429468559604,8.008868534906178,93.33977286612709
2526.8273759858553,0.6324745971112784,6.963902650789112,94.10450550856189
2531.736551936873,0.6463995492147164,5.421395613484047,95.094867685686
2535.6928390013845,0.6017152931991739,4.031355477635418,95.89292767594208
2538.5264173819046,0.5348809083378621,3.0314178125352944,96.46448807482619
2540.551663941767,0.4647750896339528,2.4565527664569915,96.87299045068099
2542.339630905241,0.38222929435491904,2.235719321309704,97.23362821546526
2543.730342378238,0.29882180359855925,2.3443982283293336,97.51413727367753
2544.730757495702,0.2223161903777798,2.5632938170455817,97.71592289515323
2545.2754329034046,0.1709606296554983,2.719442348281403,97.82578514444921
2545.6722787789854,0.1261583615136619,2.845719424736039,97.90582997572213
2545.892266442493,0.09688780943495741,2.9195336654369495,97.95020210797213
2546.052394558093,0.07230536853996702,2.974786159412513,97.98250042826277
2546.1471252248275,0.05574844658195436,3.00803787856818,98.00160789890623
2546.217976352843,0.04191565605948236,3.033170239601302,98.01589879799381
2546.27585259295,0.02939529855493122,3.053862350570911,98.02757262446653
2546.312281994253,0.021025389906112527,3.0669600702861155,98.0349205553378
2546.340420939698,0.014995631972996382,3.0771153103472635,98.04059627475347
2546.3612657578233,0.012250790252141729,3.0846593809452054,98.04480074482575
2546.381528809105,0.012825518524943636,3.0920100197876366,98.04888787100421
2546.399971766425,0.015806018468862853,3.098714835544643,98.05260787843609
2546.4243915989964,0.021140667274634695,3.1076132204247546,98.05753344256487
2546.446860226947,0.026323624678305697,3.1158209580706266,98.06206544258829
2546.492462269737,0.03649594777289141,3.1325372340824997,98.07126353415373
2546.5488791514686,0.04808888742945964,3.1533205667980053,98.08264301977698
2546.616052813017,0.0606657867164463,3.178205913629048,98.09619219085987
2546.706109548262,0.07595836472631913,3.2117888149689913,98.114356969141
2546.838859489389,0.09616502580591874,3.2617072794134945,98.14113314358885
2547.0332780286044,0.12232480682082965,3.335582545173561,98.18034815181012
2547.319847620314,0.15596794593746605,3.4457909166157314,98.23815049295838
2547.7421034639538,0.19863316092647038,3.6101317497011975,98.32332155943013
2548.361898452368,0.2517078173164014,3.853346761021583,98.44833774310493
2549.2663688033504,0.31608819268097516,4.2077506621972685,98.63077577565518
2550.5758401962944,0.391468329167098,4.71116281953319,98.89490822136905
2552.455269649166,0.4751997347975761,5.4018962542923745,99.27401311240072
2555.131036317819,0.5601561345170052,6.311273526170986,99.8137644336663
2558.8807392948,0.6297689970366869,7.44465278936644,100.57018055617816
2563.736524007501,0.6506980351057619,8.699527918690443,101.54978016924889
2569.298786232273,0.582844646216092,9.891291921274279,102.67197905779976
2572.7642295288515,0.48150818044862503,10.520930009264813,103.37117678366444
2575.0723984141277,0.37763981220237636,10.897470324794394,103.83689337582999
2576.493120781159,0.2909330164160045,11.113305596926779,104.1235558874888
2577.4107158524453,0.21963551417631433,11.246515867688966,104.30870308816874
2577.969633681033,0.16631253617810604,11.325336837169303,104.42147908447761
2578.333671647403,0.12477224972386433,11.375747446272854,104.4949333421479
2578.559146746352,0.09457737307161429,11.406607827379599,104.54042899152388
2578.708397870891,0.07154874446519394,11.426884326843933,104.5705444522184
2578.8037184101995,0.05489016153135323,11.43977144327533,104.58977797287636
2578.8766141100173,0.04066020227232572,11.449593982529112,104.60448667926472
2578.9365582130818,0.027733084926348007,11.457650117143267,104.61658205178921
2578.970760504041,0.020068430245731773,11.462238161180924,104.62348330766886
2578.997951848032,0.014720979063856205,11.465881312763912,104.62896991279423
2579.0200243383774,0.012638184464700495,11.468835763754544,104.63342364853327
2579.03775292049,0.013617613825038422,11.471206918493502,104.63700088109886
2579.055481502603,0.016460252302932795,11.4735764249298,104.64057811412903
2579.079841524589,0.021616151171111042,11.476829570810496,104.64549342479232
2579.10287119232,0.026796636734555998,11.479902204306557,104.65014030036185
2579.1486080724276,0.03681756643632891,11.485996248506005,104.6593689894992
2579.2077855880952,0.04881070693108745,11.493864985149736,104.67130970572416
2579.2753410620408,0.06130976043850815,11.502825492742465,104.68494091531811
2579.3705520211765,0.0772920967831152,11.515414048285654,104.70415240536785
2579.509646896511,0.09818543621493697,11.533720588309622,104.73221873445374
2579.713571321396,0.1252238194664324,11.560379223307388,104.77336631230217
2580.014180860711,0.15994489755589317,11.599288034188165,104.83402298553008
2580.4567066593545,0.2038594397641448,11.655725776875185,104.92331561121668
2581.1056699549613,0.2583270099844485,11.736695287547015,105.054263599409
2582.050736612196,0.3240824593776693,11.85082368843508,105.24496046848579
2583.416599680587,0.40063131612523045,12.007936316389722,105.5205683772618
2585.372179209313,0.4848758130307856,12.217034616803641,105.91517519943275
2588.1331355092934,0.568564950479729,12.481164980044737,106.47230263997248
2591.934545231297,0.6339255052564544,12.786890573726406,107.23939323991652
2596.8370463014658,0.6483175970451288,13.085029126278949,108.22869000056413
2602.2011896775666,0.5761796953219659,13.290536333672499,109.31115537228379
2605.58070845168,0.4737107248281772,13.356333113084618,109.99313237995696
2607.809220887928,0.3710230570452378,13.372964076736393,110.4428390017304
2609.189661923548,0.2852678723832331,13.37260885022203,110.72140690067415
2610.0749013631753,0.21548024741924823,13.368088396793448,110.9000445853745
2610.6184538186562,0.16299361305716953,13.363649920373899,111.00973107386555
2610.9698826322383,0.1224809187082246,13.36010687232239,111.08064778489742
2611.189716537682,0.09279777597921467,13.357621793446281,111.1250092202053
2611.3343768469867,0.07033382914756796,13.355873748350122,111.15420096817893
2611.4273316473136,0.054025025840105524,13.354703311537575,111.1729587896808
2611.5006311064344,0.03968176478417847,13.353754354148004,111.18775025673249
2611.561458649861,0.026574847129835284,13.352949469311486,111.20002495088141
2611.5955653820624,0.0190838527383942,13.352491267735859,111.2069075180319
2611.620503026442,0.01452475142622545,13.35215311719497,111.21193980893466
2611.6454406708212,0.012970538826926212,13.35181232755438,111.21697209949384
2611.665466601085,0.014927492384373017,13.351536752789828,111.22101323072765
2611.6850652986136,0.018541574258059957,13.351265415398,111.22496814834636
2611.704466249542,0.022722523167400942,13.350995218477644,111.22888316149691
2611.733083453029,0.02908199697607559,13.350593769806741,111.23465796712688
2611.7854721332837,0.04027162976948758,13.349849915768633,111.24522973429737
2611.848196508007,0.05258514466750989,13.348944132636765,111.25788718966065
2611.9193526813447,0.0653470596357101,13.347896598686052,111.27224613589918
2612.025956941263,0.08267040926719064,13.346287509147016,111.29375831674113
2612.1808612038494,0.1051173976249029,13.343864643051933,111.32501717388439
2612.408453888123,0.1341378193244183,13.340123074338466,111.37094414452817
2612.743946175514,0.1712769570237442,13.33421388589362,111.43864461866035
2613.237137820012,0.21800437282694138,13.324676533170273,111.53816783099604
2613.959399698329,0.27559984814678784,13.308884713479848,111.6839158393343
2615.0089257867417,0.34450750926512114,13.282073384534714,111.895703211012
2616.522035043746,0.42367675956393375,13.23534918295851,112.20103738472997
2618.680910105009,0.5088693503227707,13.152102540092917,112.63667965454148
2621.71154427424,0.5896789046691895,13.001972216274291,113.24822955654597
2625.834919663601,0.6445796084282709,12.733901725550622,114.08027065532973
2631.2285728922334,0.6346515680039168,12.267473918840768,115.16861134411094
2635.204797476112,0.5664837399625248,11.834426556111822,115.97091979170267
2638.76008181607,0.45031386733481954,11.378216232281378,116.68827547738498
2640.6081638551004,0.36008920662784666,11.113583208816598,117.06115929330188
2642.0099303719803,0.2695409684573646,10.899597679442326,117.34398765850804
2642.754232874398,0.20878864858302973,10.781151888903755,117.49416117691042
2643.3080384768937,0.15384373521204858,10.690790568032165,117.60589872065168
2643.605774806439,0.11862438818266145,10.641410797380704,117.66597073701197
2643.827861380754,0.08804524406489014,10.604209237283067,117.71077938342046
2643.955046757339,0.06792528756049088,10.582761807634245,117.73644053363229
2644.045566525329,0.051851291724248426,10.56743376258652,117.75470394945108
2644.117855374819,0.03755454223709839,10.555154753713902,117.76928905630253
2644.1765291020783,0.024896712581312264,10.545163517751215,117.78112714965025
2644.208591147604,0.018083496830191243,10.53969441159022,117.78759603056615
2644.2325596979667,0.014201290874554134,10.535601531700737,117.7924319560919
2644.2565282483297,0.013429613466707745,10.531504931706243,117.79726788071925
2644.2798165404424,0.016260926143113058,10.527521041157174,117.80196655473304
2644.3004518909133,0.020292851240270752,10.523988060676848,117.8061299673211
2644.3205619076157,0.024646827589250873,10.520542383062002,117.81018738731049
2644.355912833989,0.032372518356019536,10.514479000851058,117.81731982915248
2644.416094519114,0.04480479693048682,10.50413819163038,117.82946214775315
2644.484173578549,0.05764987479739426,10.492412414449067,117.84319784191753
2644.567489311471,0.07196457548800272,10.478021937847384,117.86000769166539
2644.6911148555437,0.09111481864805716,10.456587281094412,117.88495046173864
2644.8713252967336,0.11590338108191992,10.425166842824094,117.92130979508536
2645.136466607861,0.14785612534873574,10.378561276731375,117.97480472492416
2645.527147065826,0.18853594963372872,10.309069756449672,118.05362824497382
2646.1007149147677,0.23935925972584812,10.205273091720567,118.16935062185344
2646.9386413986986,0.3013803974993722,10.049813009396663,118.33840878299287
2648.1529133488193,0.37456524611432074,9.816358925497916,118.58339565823208
2649.897168855371,0.4568397117870728,9.463659191261103,118.93530606588259
2652.372022266731,0.5419482625691809,8.926572778943992,119.43460953307009
2655.8120104412146,0.6157485800600505,8.10325101164112,120.12861417226036
2660.38030659646,0.6506475114649474,6.854476789347583,121.05022298773588
2666.8014250768206,0.5875924566159992,4.738421677894518,122.34556810580247
2669.9949304718616,0.5000446569040249,3.5134855221697285,122.98977871157452
2672.403387821917,0.3990940778121923,2.5676956806226117,123.47561672803127
2673.9632182635487,0.30946029092839367,2.0501476457558487,123.79026486127405
2674.9743012386607,0.23485487055925158,1.8431694765718833,123.99421874807082
2675.595892223165,0.1782923299203232,1.7982864828562724,124.11960461471571
2676.00134128371,0.134037143214893,1.8083304700941043,124.20139072184658
2676.2538327356174,0.10162261211211723,1.8303086963662538,124.25232258880435
2676.4204662624093,0.07692842555134156,1.8511646575490857,124.28593542325358
2676.5271493491446,0.05899267652312578,1.8670585302382723,124.30745522330822
2676.6078976140884,0.0438095118546097,1.8803603988917568,124.32374352495717
2676.6742813035376,0.029998264803915882,1.8920914757960519,124.33713424565454
2676.7118152093663,0.02184052228684995,1.899033512765221,124.34470547324196
2676.7432330066426,0.015770852433721647,1.905011839207981,124.35104297742188
2676.7672832305284,0.013446105678195494,1.9096889996981363,124.35589431658363
2676.7868750115463,0.014376763642477652,1.913562073287056,124.3598463119178
2676.806466792564,0.017365571922858695,1.917490217978422,124.36379830718363
2676.83422817393,0.023049807597506165,1.923147966936168,124.36939824960109
2676.8599370863203,0.028652975715117362,1.9284803298317854,124.37458417403607
2676.9109442919075,0.03946050119438228,1.9393137682036934,124.38487319375662
2676.97677334467,0.052339048522579826,1.9537688469378265,124.39815203132365
2677.061774147584,0.06741719072836665,1.9731693394393381,124.4152981357729
2677.177233852657,0.0858284734948937,2.0007340085928256,124.43858831700244
2677.328052138775,0.10734244272087783,2.0386043723679865,124.46901092364241
2677.511427101555,0.13078466970724129,2.087074531055713,124.5060007657463
2677.7924004763845,0.1626938341248343,2.165431589789484,124.56267787256117
2678.205043077465,0.2035652377054961,2.286674260489076,124.64591493643537
2678.8129397310777,0.2551675700851971,2.4717259691386375,124.76853820758
2679.7050225768808,0.3187176244049128,2.742553553826391,124.94848717926749
2681.003067055412,0.39420345154349234,3.1104501698003504,125.21032716039798
2682.8756935564816,0.47946737644578086,3.5566581617714883,125.58807492652097
2685.509931076251,0.5668886673664435,3.9952704465780875,126.11946497539988
2688.9207921735583,0.6388461075208182,4.235992702515151,126.80753731818427
2693.751183832732,0.6776666694238621,3.9392024087802833,127.78200433193406
2696.5588665841183,0.6693885387183319,3.382476687457052,128.3484300569534
2699.3665493355047,0.6380448611384286,2.4619831467313786,128.9148605962921
2700.1622208383774,0.6246858963130936,2.1168331058398273,129.07538202701687
2700.95789234125,0.6091974993637888,1.7279593100337602,129.23590334611498
2701.4790668246787,0.5978412518551395,1.4502512208424434,129.34104664300648
2702.0002413081074,0.5854852864617168,1.1595537822938211,129.44618981414274
2702.3825298190277,0.57577923566903,0.9456153442760189,129.5233136511662
2702.7423625622982,0.5661591223247837,0.7722677613854617,129.59590712355399
2703.0637444295335,0.5571763237336957,0.7169698184037464,129.66074336956345
2703.3101314620158,0.5500336526954773,0.7806818592827143,129.71044998137612
2703.553861079894,0.5427395914538332,0.9115452085192158,129.75962048567564
2703.845791630231,0.5336890977949701,1.1060685737282543,129.81851517925517
2704.1349500142915,0.5243693584818746,1.3074528267554046,129.8768506790963
2704.5731671523863,0.5095294310402545,1.6033026333273415,129.96525783521582
2705.24209585334,0.48507870015460225,2.016702683334231,130.10020996959764
2706.127759104568,0.44897773346687614,2.4959604455371482,130.27888827820354
2707.277687976558,0.39463928296019674,3.0234260677832108,130.51088363221055
2708.7827068941974,0.3067331925555385,3.5855250919527393,130.81452279811452
2709.6799959126765,0.24108315578269923,3.8630048405846438,130.99555484075782
2710.3837514431457,0.17831867863968026,4.053961624279323,131.13754227102717
2710.760519875287,0.13814402524156139,4.147122956496762,131.21355843793995
2711.044483039167,0.10292353485542986,4.213301106681719,131.27085064213142
2711.209069787026,0.07952983431848679,4.250100062668867,131.30405765329505
2711.3329996557254,0.05979812484843493,4.277063270510284,131.32906178696936
2711.436363876505,0.04153978068099636,4.299066244318358,131.3499166222344
2711.49694284873,0.03024722037344682,4.311757569238292,131.36213909105422
2711.547536899404,0.021632662478453305,4.322242171557588,131.37234700106745
2711.584808221972,0.018064286729748236,4.329899390225643,131.37986690785493
2711.616251081735,0.01890791175444522,4.3363155758458225,131.38621086009397
2711.647693941498,0.022842417991635867,4.342692139014969,131.3925548151733
2711.687972485213,0.029836337264221264,4.3508031362410255,131.4006814742739
2711.7255688504238,0.03685167153010875,4.358316286690682,131.40826697724063
2711.7991419601826,0.05029704223226998,4.372859330340588,131.42311121765454
2711.8971478018148,0.06688971094068479,4.39190806265255,131.44288507329094
2712.0223517289637,0.08609592766643531,4.41571371611432,131.46814650943293
2712.1980725707804,0.11023138427212364,4.44814261305053,131.5036004317922
2712.434857203983,0.13907734380081538,4.490070596373102,131.55137489305275
2712.745927123618,0.17253707170829738,4.542152716017831,131.61413764562045
2713.13317202467,0.20928683613825932,4.6023846217504865,131.6922701605905
2713.725646798714,0.25821688441956026,4.685029732700454,131.81181172105582
2714.5963408061466,0.31914455097231936,4.786391604706165,131.98749036002746
2715.872378277907,0.3924911272079821,4.89194903894278,132.2449582085971
2717.717489368673,0.47578364852582616,4.955816368271544,132.61725609451827
2720.3370096676576,0.5618560309427165,4.9346224347835,133.1458242294781
2722.765676744508,0.6162164246352314,4.7719060909031175,133.63589473284603
2725.959719194385,0.6572841936612825,4.278918882633467,134.28042197242118
2729.296905954151,0.6671751464360347,3.422518904622409,134.95384552752373
2730.9014913400224,0.6603014413959724,2.8590134009541956,135.27764250032686
2732.5060767258938,0.6457328602049488,2.1708893544501815,135.6014392046607
2733.6681295110657,0.6302387513153964,1.5843245430868018,135.83593451232028
2734.2639739003657,0.620657459235818,1.268858948293954,135.95617201313578
2734.794125152898,0.6111995463643657,1.0318619798509658,136.06315286627165
2735.3171865473587,0.6010022271658473,0.9533416501051589,136.16870289170282
2735.733629607396,0.5922537141311005,1.0513630374334813,136.25273807107467
2736.146300495267,0.5830097421326919,1.238091615851469,136.33601209965246
2736.615943700056,0.5717535074656175,1.4887454573549415,136.43078287287994
2737.195357564977,0.5567122564448148,1.8043301412573887,136.54770492733218
2738.0546665325815,0.5318642760355442,2.2498141128383544,136.72110891303336
2739.0657038855347,0.4983531367664133,2.725999778859213,136.9251325496099
2740.465848514252,0.44314956782653075,3.3001578504776004,137.20768019716587
2742.470025587655,0.3411200670742132,3.9679221491045458,137.612129352638
2743.5475476830725,0.2700371936108783,4.260269628374849,137.82958115183217
2744.4105972585885,0.19972992738414677,4.463528267806771,138.00375321347758
2744.861200554686,0.15546015437464838,4.559140251438798,138.0946903325986
2745.208223062165,0.11561658231825464,4.6279576784975704,138.16472401510924
2745.406019948881,0.08949316028671658,4.66532460396437,138.20464217160875
2745.555684103038,0.06732022967157873,4.692706445971866,138.23484655043669
2745.681719987943,0.046588213438343455,4.71517088674683,138.26028245526575
2745.7545785218053,0.03397503455387392,4.727909595890318,138.27498640558764
2745.8158410295923,0.02440457437577679,4.738480745281098,138.2873501150124
2745.861617880616,0.020609752950951063,4.746296409103873,138.29658858959357
2745.8991949273004,0.021782928257114826,4.7526589929378815,138.30417222174353
2745.936771973985,0.026228117155357254,4.758973942437574,138.31175585800142
2745.985667037816,0.03412670750311897,4.7671200596572545,138.32162365344612
2746.0319318897264,0.04214478606676591,4.7747547096484935,138.33096063703005
2746.121192550281,0.05728738595055155,4.789285171177602,138.34897487685026
2746.2417537998695,0.0762153630899272,4.808499220149058,138.37330611685124
2746.3930191642007,0.09770647531736255,4.831948196771583,138.40383401140886
2746.5984297514296,0.12385534504942669,4.86264030786646,138.44528942953238
2746.8597324896778,0.15348477044687325,4.899812579367738,138.4980250309324
2747.2127691679466,0.18894872467839915,4.946797373096128,138.56927451113066
2747.7399080734276,0.23510809041771907,5.010254724151728,138.67566179044593
2748.5132680652623,0.2927883499810915,5.0893831908080625,138.83174291703
2749.644045696031,0.36268380320280835,5.176261812204021,139.05996190266634
2751.277638761232,0.4432452938984551,5.244124317426115,139.38966782973503
2753.6055211884327,0.5293749641201952,5.238840785553205,139.8595135136088
2756.8308664522256,0.6087430676819533,5.033799610127155,140.5105192156849
2760.5019968054385,0.6550472738811822,4.498653057262849,141.25152748900987
2763.92037941321,0.661405624642166,3.6750024899542737,141.94153603694772
2766.0325753538546,0.6481433172319808,2.9703593310322742,142.36789226359238
2767.6810684751586,0.628400906343629,2.2902231114100253,142.7006487736972
2768.7640612186797,0.6107585734721693,1.781834431816964,142.91925606002016
2769.483298826812,0.5969188888942787,1.4445506470878986,143.06443739969416
2770.133387273335,0.5829084217306871,1.2067157394307304,143.19566047349076
2770.7664828018605,0.5678487057803296,1.1437697240876128,143.3234532959884
2771.3995783303862,0.5513204529553503,1.2840927239962001,143.45124604657943
2771.987428722301,0.5345557818621236,1.519095477720985,143.56990594082868
2772.5793463937075,0.5161651775243288,1.7925635979245191,143.68938698470393
2773.374617395952,0.4888279801916046,2.171909958123058,143.8499161483113
2774.5598976359347,0.4417492115333815,2.715730134620722,144.0891717399169
2775.926156132242,0.3761075656230616,3.2812674623941813,144.36496130282208
2777.473574130411,0.28147244410490774,3.8348090447595133,144.67732330456096
2778.2604839781384,0.22078695893716085,4.081992775596459,144.83617092266212
2778.8781221231393,0.16335068986506818,4.260449176847725,144.96084989712963
2779.209885284716,0.12687945273747517,4.350779108685078,145.02782133946937
2779.45957241154,0.09537414478641122,4.416244383855137,145.078224658503
2779.623666753928,0.07191280574266391,4.4580970334493655,145.11134979431154
2779.7610880452767,0.050051742859196946,4.492433843650117,145.13909058761078
2779.8425449824003,0.036340520080439885,4.512480661801389,145.15553405892854
2779.909458799007,0.02604035842320323,4.528777784588232,145.16904176569938
2779.9593110873734,0.02173978046836448,4.540819553517463,145.17910531623266
2780.000334338768,0.022735603398004484,4.550664797309568,145.18738657688147
2780.0413575901625,0.027336783430895014,4.560452596135744,145.19566784171403
2780.093785090189,0.03553018261186185,4.5728782352340245,145.20625126082308
2780.1423529694644,0.0437117286257818,4.584306513044811,145.21605555327938
2780.234325666552,0.058931194804022015,4.605732714431518,145.2346218983871
2780.364554752728,0.07890920661422333,4.635595662407041,145.26091102101813
2780.5194678713374,0.10043844083723727,4.670406571063353,145.29218312307196
2780.7080204925737,0.12411325680859008,4.711755433082936,145.33024606893795
2780.99106145657,0.15585016248811448,4.771777689745002,145.38738346289446
2781.4038819725965,0.19639501848397622,4.8550705154955205,145.4707197916165
2782.0091091114814,0.24749064061615503,4.968493802243335,145.59289818171044
2782.8929663660233,0.31023550978570646,5.116681255023408,145.77132596599776
2784.171566882726,0.3844275240454488,5.297068462808144,146.0294459832424
2786.012218681419,0.4680760196695134,5.492084067921435,146.40103936107792
2788.614538732298,0.5540225287038771,5.6485457759787225,146.92641598028763
2792.200135414538,0.6271648936910995,5.651364417946608,147.6503354585119
2796.8129715656237,0.6596961634750838,5.29616904788597,148.58170061066258
2801.8136293461375,0.6230632455362447,4.402722972765619,149.59142231467936
2804.656997097748,0.5662729027319479,3.5989720840084276,150.16556653838566
2806.887844391378,0.49967267678895044,2.7714564532449724,150.61603357419057
2808.5341154664734,0.43496895286041376,2.039035635016252,150.94846059886532
2809.465597774244,0.3909805968604945,1.6120858043488613,151.13655229835678
2810.3444470261024,0.3433289256686806,1.3022105655046339,151.3140157360381
2811.022648989638,0.3014539553812999,1.2429402576586974,151.45096285664238
2811.700850953174,0.2537456901931543,1.3865721634157018,151.58790981810083
2812.2874052010643,0.20602386919748958,1.6245155193104677,151.706350599041
2812.8671533664133,0.15006984972994233,1.9083462470939407,151.8234170413781
2813.138300749441,0.11935251171773993,2.047458708122828,151.87816886056163
2813.373955134403,0.08905703992057655,2.169081550237039,151.9257537186046
2813.538570398374,0.06513846223753655,2.2538235204903168,151.95899390685696
2813.676719940105,0.04308067660870754,2.324547293352894,151.98688997062476
2813.749995238072,0.031474609770315035,2.361853957515067,152.00168620336296
2813.8055581456533,0.024690991090792203,2.390028546446273,152.012905834486
2813.8611210532345,0.02323814163954469,2.418093345291424,152.02412546685682
2813.9146033522943,0.028005183568701287,2.444995080806591,152.03492497012306
2813.9669814286117,0.03565621701709555,2.471229086846083,152.04550150256375
2814.0155380294664,0.043505267444997955,2.495446763855242,152.05530637815875
2814.100784070074,0.057293027471294326,2.53772013590634,152.07251983500748
2814.239759210687,0.07836250414155731,2.605962362740629,152.1005826427357
2814.3977631826497,0.1001000956523735,2.682522551669242,152.13248789434647
2814.597053260841,0.12485734782360466,2.777532860451532,152.17272994193476
2814.8916601950336,0.15746736800134695,2.9148502556513343,152.23221908292197
2815.3209901225537,0.19901129953811936,3.1084721959512387,152.3189125673259
2815.9497857564834,0.2511838285187258,3.378934676602717,152.44588392510337
2816.866498824363,0.3149343471452469,3.747789726494521,152.63099453628251
2818.193301440898,0.3899800009269164,4.234919929380436,152.8989157475414
2820.094704414288,0.47353357854562594,4.852203836368645,153.28287047248836
2822.7718663892474,0.5577522953394113,5.590193195849236,153.82348694059874
2826.4344867000927,0.6262486130100394,6.400185717652147,154.56312828682823
2831.091574414369,0.6501161274396436,7.157293392786766,155.50364452243667
2837.0222892767133,0.5832739349888987,7.741533137593095,156.70146418449616
2840.485885987789,0.48507460658870455,7.898833231957731,157.40105230815743
2842.912308354561,0.3790730873960991,7.928542748167238,157.89117082344688
2844.3347034649096,0.29495025310920137,7.914393323342962,158.17849204114734
2845.3003339561783,0.2228216404990669,7.891125302161431,158.37355115242423
2845.872339218747,0.1708435285808427,7.8720137364116765,158.48909858100876
2846.2641096070693,0.12885516475843434,7.856596804862755,158.56823838542147
2846.5068270695356,0.09883595917737412,7.846084583704126,158.61726889671445
2846.6804992898024,0.07461320620934697,7.838107600102912,158.6523519259269
2846.82674418479,0.05191800618667485,7.831094043730863,158.68189450879277
2846.9139032068883,0.037624893733018826,7.826784668218187,158.69950132529857
2846.984243568994,0.027127926991662794,7.823236158106375,158.71371065491402
2847.0379059145253,0.022723520218532564,7.820486506976239,158.7245508983122
2847.0810985708695,0.02382653955593167,7.818246610512548,158.73327618294292
2847.1242912272137,0.028549955976517202,7.8159829337230935,158.74200147307238
2847.1790908899634,0.03687131198246134,7.81307681192233,158.7530714867902
2847.229491981441,0.045137031859506384,7.810370345338888,158.76325295824614
2847.3222180654657,0.0601313136282314,7.805307259566539,158.7819844764556
2847.459681842833,0.08080065709317642,7.797602377330882,158.80975346502473
2847.6166553602143,0.1022200467047686,7.788514758937498,158.8414636743283
2847.8452720432724,0.1302127665440945,7.774730982420873,158.88764664396257
2848.1773123103853,0.16602923322802682,7.753560165262136,158.95472253583208
2848.66412200286,0.2114747277137911,7.7200722164210385,159.0530641848463
2849.375777864658,0.26786393805834235,7.665911787123745,159.19682880966755
2850.4100041992324,0.33580137908210106,7.576238578717964,159.40575985490986
2851.8970754675424,0.4141864129659263,7.424540132797731,159.70617843751407
2854.010332406348,0.4990101495052354,7.1622416265910545,160.1331095965038
2856.9612195133345,0.5805878690350796,6.700771562390384,160.72928236180744
2860.9375262599583,0.639185135616064,5.8871459646143185,161.53265423153155
2865.7563341733353,0.6436277204791613,4.545550900119167,162.5062847724583
2868.419003011909,0.6155954008395672,3.589597512925753,163.04428534298177
2870.7520703897603,0.5716815853050586,2.6014117692250687,163.51569363889166
2872.009916221515,0.5396402979371216,2.035001964977441,163.76984872611618
2873.088462989407,0.5069215506061776,1.6154791697658029,163.98777540430612
2873.988174280408,0.4754998901237575,1.4496877446061116,164.16956712691834
2874.725493115972,0.4465925088559112,1.5169077368332917,164.31854633358205
2875.452767158322,0.414873468827352,1.732843392483296,164.4654957573082
2876.2466607072274,0.37596309748254453,2.0624116069916885,164.6259058397535
2876.978941049183,0.33528985991360116,2.4035347891306587,164.77386659490364
2878.3817178091354,0.23982545514467163,3.0700412935624857,165.05730439795877
2878.9279434917485,0.19345459980771093,3.3213516658717492,165.16767201660764
2879.4741691743616,0.13844095300019,3.5650358366364676,165.27803972342065
2879.7157296821474,0.10991264706424156,3.6701147646295724,165.32684830021807
2879.9199552707446,0.08275162480369083,3.7576001800634975,165.36811317812703
2880.0781811613465,0.059140574342278235,3.824504987459248,165.40008358248056
2880.188811158271,0.041310882211686335,3.8708202188650827,165.42243698378752
2880.264543038747,0.029617207741860052,3.902301305102056,165.43773903150776
2880.3202220487583,0.02379026435198573,3.925328812890223,165.44898928701062
2880.374510930138,0.023949149645184034,3.9476843207375136,165.45995866074904
2880.428017269716,0.029671754362694796,3.9696233309332696,165.47076991899493
2880.487045833058,0.03867195678914806,3.993718136216409,165.4826969754901
2880.542499484698,0.04768903354822411,4.0162505773380275,165.4939017024592
2880.646900279581,0.06426256364051357,4.058403226868492,165.5149964837623
2880.78465251715,0.084510984436484,4.113493444852533,165.54283012530405
2880.9547969112946,0.10719553013563075,4.180726803584535,165.57720880591745
2881.202723911837,0.1367525749594348,4.277139876616952,165.62730395365531
2881.563556600918,0.17451275963065727,4.414297010565762,165.70021244918104
2882.0925018900425,0.22222659244515428,4.608967239526879,165.80708931074224
2882.8645778280884,0.28105965967913077,4.880532156919426,165.96309270841752
2883.98281846881,0.3512607582496433,5.250025942731808,166.18904207811272
2885.585248346216,0.4312212228219838,5.736512761570881,166.5128279950918
2887.8533485538696,0.5159600804086544,6.351343204676126,166.97112426888225
2890.9996020701233,0.5939850090098219,7.084620564848438,167.6068744066789
2895.166024695923,0.6427502659569448,7.877423542643032,168.4487929093015
2901.105609259031,0.6185485875990822,8.710932166480198,169.64908154392765
2905.006438420575,0.53909991431413,9.088011860107008,170.43741817223028
2908.2338234273934,0.4232866137808467,9.302681922645732,171.08968485471468
2909.905582692065,0.33698541516788555,9.379406992495822,171.42756457053824
2911.1788277865826,0.251785490768335,9.421900359724846,171.68490553490292
2911.845730571303,0.19641822427074157,9.438588893473089,171.81969784010445
2912.354739730755,0.1460274259506662,9.448719970737766,171.9225779944559
2912.6390953802415,0.1131140115092667,9.453388647620974,171.98005183187004
2912.8461587850284,0.08590276616572316,9.456338154348508,172.02190353400076
2913.0057143044237,0.062357264412224056,9.458350805077433,172.05415301145817
2913.132412082238,0.04193302384570069,9.459787007170142,172.07976130784593
2913.204299248657,0.03056429509029653,9.460537933284591,172.09429124172652
2913.2583297031665,0.024168488945508597,9.461071787939604,172.10521196149926
2913.312360157676,0.02312397929926106,9.46157941639033,172.1161326892513
2913.3653645557583,0.02811858421756251,9.462051940945534,172.12684603648287
2913.413179868993,0.035177074152081864,9.462456609672582,172.1365105628576
2913.45985411568,0.04275100117716446,9.46283190927832,172.14594446062517
2913.5353955467954,0.05505857329557504,9.463398170926439,172.161213067601
2913.673373657612,0.07621541152816462,9.464301646919155,172.18910155958375
2913.8271516297536,0.09761072445561765,9.465110364861237,172.22018362189212
2914.0489440810443,0.1252801570321572,9.46591105136745,172.26501308799376
2914.373690835149,0.16092789792144846,9.466309933163998,172.3306522821224
2914.8507340308,0.2061759792971274,9.465244522187692,172.4270748074717
2915.5476451721206,0.26222246923658615,9.460196047648136,172.56793934936877
2916.554985652107,0.32939831689646654,9.445668638864325,172.7715524107335
2917.9991630465865,0.40683481068894567,9.41014308112673,173.0634679331729
2920.0490487307447,0.4909072108089186,9.330358947905731,173.47782684265968
2922.912221796665,0.5725777496502051,9.161574064334095,174.05660103406504
2926.7792119594837,0.6331518113223886,8.826091218106182,174.83832629535593
2932.005317445463,0.6392668713718976,8.16526947628894,175.8948627862083
2937.1321986184666,0.5609071535512068,7.2554538976346175,176.93140271538482
2940.4813066131705,0.4538541780390949,6.493905138287009,177.60854680968802
2942.5593246755143,0.3548320211009168,5.941191294702803,178.02870413205375
2943.870919816934,0.2720143973711046,5.555588831228139,178.29390095623253
2944.690509616042,0.2073396489387535,5.29856486278103,178.45961847931997
2945.216039788353,0.15740400781630348,5.12676863783675,178.56587889817516
2945.553283455509,0.11985026055161384,5.013510294064223,178.63406861352675
2945.774557136328,0.09167206732856985,4.937881618278773,178.67880960337803
2945.9441578694277,0.06739664583208008,4.879195040764826,178.7131024918724
2946.0858318617425,0.045064438048662295,4.8296884712225125,178.741748682409
2946.163128490474,0.03282984688836767,4.802491515711646,178.75737791215667
2946.2206245842317,0.025545973826704794,4.782176082484625,178.76900351633952
2946.2781206779896,0.023436995005809504,4.761788169098407,178.78062912437412
2946.3323634418157,0.027780188089773693,4.742487931202303,178.79159691838615
2946.3815768377003,0.034696032626569936,4.724922281161108,178.80154778574237
2946.427769439778,0.04202518815196005,4.708387633776428,178.81088785610845
2946.5014085712883,0.05389886807554792,4.6819345771939425,178.82577757592486
2946.6387420950964,0.07490854704469808,4.632294641844589,178.8535462208762
2946.7935538408146,0.09645625923423837,4.575862353959411,178.88484896291172
2947.013992990258,0.1239893873434632,4.494644363873901,178.9294215294987
2947.3432308675624,0.16015374427833112,4.371461640630387,178.99599318206742
2947.828105102119,0.2060793555885804,4.1859654510124935,179.0940345911113
2948.5322000177425,0.2625256785792508,3.907989666034905,179.2364027471308
2949.545615579574,0.32982694365933685,3.4903293021289383,179.44131634492388
2950.996096612031,0.40722642231611783,2.860212762283847,179.73460621247716
2952.4073409644375,0.4675071360689464,2.23047015099624,180.0199632701059
2953.6104376435833,0.509979581619373,1.7443047068648279,180.26323265999653
2954.6244951930853,0.5405028031197392,1.50245222115752,180.46827776375181
2955.361380495146,0.5600081292933355,1.5136143673326607,180.6172777635615
2956.0982657972067,0.5774306121606825,1.6768491352296444,180.766277606414
2957.048616873188,0.596977983633083,2.010175329360003,180.95844049434444
2957.9391506582933,0.6124205290043863,2.367255189011711,181.13850806488665
2959.1536504816845,0.6291684024560494,2.8625261769572137,181.38408210776697
2960.961521990143,0.6452756569556218,3.565838659596448,181.74963730787667
2963.16432072374,0.6512086980088857,4.339809559920663,182.19504907227562
2966.1823877403313,0.6352639088135243,5.249774002955897,182.8053150330533
2970.5036158369594,0.5606470873242162,6.281766273583344,183.6791004546052
2973.6909861966983,0.45757863350588884,6.861867124200517,184.32362599846775
2975.877311915569,0.35264560495691655,7.177640372301885,184.76573669183333
2977.1130762224925,0.2739047854736835,7.327440975294153,185.0156318025026
2977.9747286888232,0.20535646503371688,7.419726512653407,185.18987589947977
2978.467070114996,0.15804839341806895,7.467964830874218,185.289438183299
2978.815273547025,0.11883631403794856,7.5001001995129615,185.35985284767236
2979.0262299614246,0.09154278739646496,7.518767373581716,185.40251314439666
2979.1856772771553,0.06834681078227142,7.532473458398981,185.4347571555077
2979.3179460659344,0.04699034856380932,7.543578904499215,185.4615050616233
2979.397859693654,0.033538335025409496,7.550171980348205,185.47766551984952
2979.452969094165,0.025342438087868267,7.554667356520752,185.48880997328067
2979.508078494676,0.021458548222906212,7.559120800980436,185.49995443221457
2979.5463724149604,0.02326539207372357,7.562190671400066,185.50769839598334
2979.584021604333,0.027848626431813777,7.565189133203396,185.5153119820498
2979.6334072599307,0.035668220888255886,7.5690927214483175,185.52529897228433
2979.6819586099314,0.04386883344714941,7.572897715132649,185.53511724980805
2979.7931327648557,0.062161759487988355,7.5814890880695245,185.55759941547484
2979.918280365272,0.08111473802202192,7.590959275596263,185.58290738475688
2980.08293413694,0.10369476135782885,7.603097121437363,185.61620453208138
2980.335059675497,0.1344151711593306,7.620981176526749,185.66719077498075
2980.7076159105236,0.17392333727256,7.645872862656462,185.74253140656162
2981.2510710462825,0.22324513035109245,7.678955172183191,185.8524327411812
2982.035157736762,0.2830978496703024,7.720081826405358,186.01099727838897
2983.1613483652263,0.35380078655430697,7.765861477861305,186.23874700237423
2984.769280602356,0.43404110164514625,7.804878625398503,186.56392375104068
2987.042371896235,0.5190860638545511,7.808781722867492,187.02362641679102
2990.197995684558,0.5977123932391716,7.716938522100603,187.66182722396314
2994.3985229179957,0.6475643209199953,7.418862596899589,188.5113837917093
3000.275983692018,0.6259383704350828,6.642429560729864,189.70016003043568
3004.5796980526115,0.5384267431330881,5.765272809985885,190.57067100867687
3007.8151866743733,0.41975958237196925,4.890892722384807,191.22513204245095
3009.4643298808646,0.33298660663210183,4.357679235932315,191.55871929835945
3010.7272456899836,0.24690927502702842,3.9023957333858785,191.8141829198839
3011.360585656259,0.19343693068825266,3.657358550973507,191.9422960333151
3011.863620599851,0.14288296874681267,3.454467188917784,192.04405107123242
3012.1341276876474,0.11109852402092703,3.342332304961242,192.0987699369743
3012.337232607083,0.08402244130550474,3.2567715159573662,192.1398545560409
3012.4886517136188,0.06135445948011187,3.192243563373053,192.17048404675975
3012.6081849277866,0.04180329906012769,3.140874083294486,192.19466357906074
3012.670181224386,0.03167306778397687,3.1140879909408907,192.20720437720746
3012.723102341668,0.02455736583219724,3.091148938021322,192.21790942268328
3012.7682351088056,0.02202643956683988,3.0715342225990216,192.22703901831574
3012.812564204214,0.024370537230305227,3.052224694116756,192.23600604602794
3012.853509757258,0.02957948059627756,3.034351948313322,192.24428864135115
3012.901508652948,0.037176967454124826,3.0133570305543733,192.25399801037125
3012.9599909423077,0.0469174986345421,2.9877160303063253,192.26582799549354
3013.072375061328,0.06503175025723874,2.9382659856044366,192.2885614215395
3013.2052678663285,0.08471870383825655,2.879515101660148,192.31544342117496
3013.380181934534,0.10814541784067876,2.801779030415912,192.35082563743129
3013.6521593854054,0.14043322453477,2.6801460121769907,192.40584219959982
3014.0509894978454,0.18152391472111903,2.5007172574138843,192.4865190326543
3014.627841374196,0.2322803525088289,2.2415218978434925,192.60320688249755
3015.4606661723924,0.2937772028585656,1.8810259183351383,192.77167410148905
3016.4796648235065,0.35642845160789216,1.5205360133310675,192.97780143296174
3017.423083882859,0.4056835071689757,1.3882822997791773,193.16864011653675
3018.1428315333533,0.43885413772587084,1.4716398738586662,193.31423347984773
3018.8619711504875,0.46876769985791655,1.671026614862678,193.45970369593027
3019.6894410421523,0.49964365074680883,1.965215883436139,193.62708719474176
3020.4363286740677,0.5245655417546605,2.2480644099601057,193.7781701259804
3021.7731773069713,0.5628994386506038,2.7463421527417977,194.04859225578912
3023.5020976048468,0.6018497736521421,3.3391132950714932,194.3983241842494
3025.771797838872,0.6369353976289078,4.012050561743993,194.85744834559438
3028.8815859167617,0.6584463922746743,4.749540222830615,195.48651367799033
3033.1513860118994,0.640650293353592,5.453457959724067,196.35024661838182
3038.497573486339,0.5348772360369848,5.884002484762434,197.4317515454512
3041.2235603097,0.43454551832743243,5.918677623430531,197.98321954690613
3043.291421134086,0.3258917288766515,5.8603786829035345,198.40155594190654
3044.2891986501745,0.25746058601057104,5.805275920213182,198.60341260623696
3045.111030381976,0.1879428238518667,5.746265432551545,198.76967547343972
3045.5057232835443,0.14777514393666094,5.713447356248617,198.84952524118225
3045.832954649711,0.10902192711268686,5.683994252329978,198.91572713846887
3046.009691980534,0.08498578896485023,5.667230313558431,198.95148278334298
3046.150431003671,0.06357776240654524,5.653447396197931,198.9799556612662
3046.2625599875173,0.044713557328623754,5.64218950405165,199.00264047020622
3046.3358128961213,0.03182195766182241,5.634701601936585,199.01746027249735
3046.3760355009586,0.025282870105515817,5.630545138940792,199.02559771457
3046.416258105796,0.02067730508104884,5.6263567821464,199.03373515905176
3046.455262843563,0.020256727168361608,5.622264761557569,199.0416262188651
3046.4942675813304,0.024127524174805938,5.618142736132252,199.04951728094255
3046.532946975696,0.030169000369688486,5.6140254876053675,199.0573425249189
3046.5702018578872,0.03665443583302179,5.610032027433488,199.06487957736348
3046.6404265552596,0.04898209279217726,5.602430232100903,199.07908677397816
3046.7431492379087,0.06599852496635118,5.591136112758922,199.0998686688281
3046.871321038551,0.08535728229001656,5.576753720451529,199.12579921379535
3047.054060930348,0.11012295629451692,5.555691472419588,199.16276951738902
3047.3302594028137,0.14307560152336896,5.522615378125151,199.2186476204709
3047.731476463716,0.18450918485305737,5.471899789801393,199.2998186108423
3048.3096647503207,0.23547013534896225,5.393225648930316,199.41679340158763
3049.140360475681,0.29693518255574197,5.268503076467068,199.58485447784844
3050.3300825929905,0.3691499999581954,5.065275668024163,199.825553176725
3052.024457462303,0.4505446398316868,4.723412309158592,200.16835399317665
3054.4139314136546,0.5358889335317912,4.126732272353,200.65179108621575
3057.375824643795,0.6069203420427026,3.1706563727100794,201.2510475977607
3059.183173471953,0.6349831445542031,2.4562690242033853,201.6167171903631
3060.5838059549446,0.6496954554778326,1.865802828519087,201.90009915816555
3061.553743917995,0.6565024283780089,1.520049994762267,202.09634121866046
3062.523681881045,0.6606495352703032,1.375355885881065,202.29258311704535
3063.206580719375,0.6619971285888365,1.4405939648254855,202.43074990978656
3063.8747898073343,0.6620359296264635,1.6007784136371181,202.56594449760564
3064.5664476555057,0.6606879793272905,1.8245736516227078,202.7058832354075
3065.3593986883907,0.6573442866508699,2.1201666428610046,202.86631591225137
3066.4788321733463,0.6492968352644111,2.558803405882286,203.09280366165308
3067.6939858958563,0.6360856657876885,3.019824002458423,203.3386579997214
3069.7562862602426,0.6025477770070546,3.7180639583364687,203.75591095505482
3072.882975293084,0.5216846263368663,4.557002080370942,204.3885189048392
3075.709706736039,0.4082979741486546,5.1074441550760525,204.96044340152116
3077.3597501516297,0.31552411371447625,5.345831001599704,205.29429502244184
3078.4334710140383,0.2377510205143867,5.469771513987242,205.5115412362901
3079.0636085518613,0.18149438831681491,5.531285045793222,205.63903764774736
3079.488036949943,0.136231949873385,5.56807045033323,205.7249129304354
3079.7452400294865,0.10413897370599368,5.588544112004361,205.7769533338803
3079.920233518976,0.0791469128448762,5.601688371823857,205.812360148642
3080.039769476454,0.05990500325254018,5.610300610132507,205.83654613808113
3080.1355962045604,0.0427595264608989,5.616989264964077,205.85593499448115
3080.2093614172486,0.028617157429297744,5.6220070550643,205.87086009698922
3080.246332535502,0.021911290760198654,5.624478965407456,205.87834055921738
3080.2833036537554,0.017347888654046593,5.626922066719717,205.88582102287367
3080.3119006395136,0.01726650206353054,5.628791979892834,205.8916071272441
3080.340497625272,0.02039492804790718,5.630644567554688,205.89739323247133
3080.3707001763764,0.02552289536658212,5.632582325499996,205.9035041969954
3080.3996833205583,0.031029607261496315,5.63442362992943,205.90936843649274
3080.454214674969,0.04150082736654347,5.637839624228093,205.92040191822386
3080.53422983581,0.05603019152156195,5.642737590193546,205.93659161559268
3080.6347245066495,0.07269749775499207,5.6486965082808505,205.9569250006543
3080.778271908294,0.09410000340302312,5.656836726903215,205.98596939115183
3080.994792395573,0.12260686803044372,5.668290130867853,206.02977869379077
3081.31023508778,0.1587227919247282,5.683207069355715,206.093603341948
3081.7661278704963,0.20356830716636987,5.70107660029869,206.18584595032337
3082.4233991596134,0.25837889081019105,5.719210119750811,206.31883467895605
3083.368999909083,0.3240436078236781,5.729588898537207,206.51016328161896
3084.7239264929017,0.4003505389362908,5.712253812999484,206.7843147980271
3086.6516096341657,0.4847000644053138,5.621769804554954,207.17435966851588
3089.3607507039865,0.5698200731125692,5.359731546679471,207.72253085402448
3093.0824541937563,0.6399061357009997,4.718603759292665,208.47559816431726
3096.4474534511164,0.6651192371455126,3.8042579226870927,209.15649932812795
3098.7856153223534,0.6630998091792969,2.93065735262379,209.62962653378472
3100.3663548513027,0.6527541277063995,2.211614345051216,209.94949058961063
3101.5197039089617,0.6405539907438557,1.6519557677761927,210.18287207761256
3102.355965539426,0.6292002484258774,1.3124724778312753,210.35209054623107
3103.133551014488,0.616706780241411,1.181854122266083,210.50943573328027
3103.660794786743,0.6071287740189463,1.2281697381406949,210.61612396406568
3104.1880385589975,0.5965727176775887,1.3611358418400714,210.72281214802766
3104.765051965073,0.5837913700423464,1.5780370043906142,210.8395712132616
3105.2993953187633,0.5707551615483645,1.8173936600987213,210.94769593173402
3106.021263248752,0.5512538178605975,2.1543002629997186,211.0937663283084
3107.207449368338,0.5142014086342399,2.6834772180876376,211.33379170799856
3108.5425812713015,0.46412621616559235,3.2134574764138084,211.6039562843124
3110.3840127696103,0.376830664245477,3.8287052433068696,211.97657083445276
3111.6626279710786,0.29887277688386216,4.184667698676065,212.23529932060987
3112.6884424176424,0.21996230808333683,4.432112047422874,212.4428735267916
3113.198121850568,0.1718925258785604,4.543161507828685,212.54600752335082
3113.6062446333353,0.1262069693345496,4.62658205556558,212.62859148070967
3113.819554236087,0.09824309126229405,4.668266034861877,212.6717548501296
3113.9832779543517,0.07373424160034316,4.699374727167549,212.70488447994063
3114.087490024192,0.05608125539915475,4.718776347844008,212.72597188029638
3114.1719615353322,0.04012360453358884,4.734274795132,212.74306476298693
3114.234260352072,0.02734555742748162,4.745574052223618,212.75567098257537
3114.2729663485898,0.019604714138541604,4.752538006502457,212.76350317480015
3114.3007650671257,0.01552946277652888,4.757512821137045,212.76912826991907
3114.3285637856616,0.015011180443046744,4.762465189653121,212.77475336514465
3114.355949860852,0.018388968263290242,4.767321976465266,212.7802949617302
3114.3822327048692,0.023362003773103962,4.7719624165923245,212.7856133186088
3114.4075490797804,0.028591187280548627,4.7764129934674715,212.7907361096957
3114.4536136987917,0.03807070021021944,4.784462563788928,212.8000573267512
3114.525795311242,0.05198531616312822,4.796949777029452,212.81466334151378
3114.6063374326513,0.06614771613576925,4.810701306081194,212.8309611137461
3114.713034167875,0.08318256352378303,4.828622833061811,212.85255129758633
3114.8695588378446,0.10559186315318861,4.854305327577558,212.88422421360488
3115.098376905171,0.13453772309194179,4.890552554503682,212.93052577432567
3115.435242584555,0.17166958241753363,4.941131968682929,212.9986908910486
3115.9308021432903,0.21857186528098388,5.009580200670141,213.09896791306548
3116.6562517265825,0.27654817134895965,5.097195039122207,213.24576351659684
3117.7101123150824,0.346167193851017,5.198395370878726,213.45901367573265
3119.228787905474,0.426580717915367,5.291191358918624,213.76632023971032
3121.3954104459544,0.5139741294403162,5.3171639281605865,214.20474097672377
3124.43837802627,0.5987245124483666,5.140764943282186,214.82049428636344
3128.593521205103,0.660814537632374,4.463777856235556,215.66130418229926
3131.2771361387418,0.6730162619521232,3.704052949656021,216.2043472394924
3133.33866487135,0.668370983692794,2.893150114510395,216.62150931463813
3134.839286666052,0.657311851429437,2.1416518590388245,216.92516923267735
3135.8109209880604,0.6466347815742625,1.579357652697554,217.12178549379556
3136.420776051938,0.6384977957335816,1.2238529958568116,217.2451935013458
3136.963745188022,0.6303151032105802,0.9705963581816959,217.3550667257026
3137.210572726886,0.6263033584048215,0.9014756011045838,217.4050138308755
3137.3824458251825,0.6234017896310514,0.8742759985228276,217.43979343216697
3137.534964330501,0.6207513953931274,0.8633827488687154,217.47065650889488
3137.6012371516786,0.6195770083154847,0.8623426142799223,217.48406722983754
3137.667509972856,0.618388581461847,0.862080890681622,217.49747795056825
3137.7177535577675,0.6174782514583927,0.859339348361081,217.5076450547392
3137.767997142679,0.6165599916261002,0.8495871242601043,217.51781215880717
3137.814736388701,0.6156988049781154,0.8284452321876471,217.52727013789513
3137.8436552255157,0.6151626504788069,0.8065233888107223,217.53312204559424
3137.8725740623304,0.6146239814512547,0.7756499480524147,217.53897395331174
3137.894651073734,0.6142110680777322,0.7448604888384567,217.54344137483923
3137.916728085138,0.6137966986172271,0.7068864613172857,217.54790879639842
3137.9357797244897,0.6134379466421672,0.6677687057958868,217.55176401500196
3137.9548313638415,0.6130781194190152,0.6224406317500614,217.55561923363874
3137.970043016733,0.6127900513371773,0.5818111993422823,217.55869740697167
3137.9852546696247,0.6125013096218692,0.5376122502881681,217.56177558032695
3137.9991306142765,0.6122373421861264,0.4949450407210686,217.5645834647623
3138.0134577040803,0.6119642230174426,0.45002873443684505,217.56748264126605
3138.0277727077755,0.6116907710389621,0.40686086111919667,217.5703793720853
3138.0423969102526,0.6114108506882697,0.3686483185332162,217.57333867123182
3138.0582353404834,0.6111070737508231,0.33986279204243713,217.57654367699755
3138.079438439138,0.6106994403532969,0.3290010077444876,217.58083425710848
3138.0997953706883,0.6103070490604372,0.3446217023816515,217.58495361001363
3138.124803163112,0.6098236001647326,0.38166116882201334,217.5900140938436
3138.1654847840055,0.609033655378095,0.45247036061277884,217.5982462753619
3138.2084702336238,0.6081940228916924,0.5268196738756521,217.60694465121438
3138.2567645721347,0.6072443364123804,0.6067285177836514,217.61671731426952
3138.4134871935407,0.6041136044239267,0.8419180976547261,217.64843112369218
3138.573877062571,0.6008285153658968,1.05377671095361,217.68088702680873
3138.8092828278395,0.595851670680334,1.328850827425347,217.7285228771705
3139.1342421248346,0.5886663229908476,1.6610791474351556,217.79428046857134
3139.5641251786196,0.5785766082022588,2.0440254294629217,217.88127008518694
3140.197018986981,0.5624515009110307,2.5300277453662203,218.00934031699242
3141.1094717514425,0.5363566447432601,3.1230244110663987,218.19398132303465
3142.376371338688,0.4939379386674052,3.807194124490803,218.45034742851774
3144.0979879346,0.4225103322561214,4.562963889604767,218.79872949532543
3146.034706717968,0.3161113239325221,5.245076879208136,219.19064016904784
3146.960914402045,0.2502899315054746,5.522358288381356,219.378066161078
3147.730923243796,0.1831220831050709,5.732365069171434,219.53388417972616
3148.1085444531004,0.1435000472936262,5.829081193159058,219.6102991931777
3148.415579701933,0.10590959192104965,5.904839894587994,219.67243053849563
3148.581117629697,0.08254884804805895,5.944648382664974,219.7059286385056
3148.7040638016315,0.0630908478448615,5.973755516240897,219.73080791556245
3148.8053112101434,0.04521914253686887,5.997436742174414,219.75129625341475
3148.8805869745147,0.030788185263217926,6.014876657123776,219.7665289936688
3148.9270451202347,0.022120127845100233,6.0255699860721625,219.77593022565893
3148.960606969827,0.01756345256675483,6.033261975088952,219.782721774181
3148.9941688194194,0.01704729989636579,6.04092650272284,219.78951332300744
3149.027251302085,0.020901902506310212,6.048454850065582,219.79620786782684
3149.059493374392,0.02662211245124904,6.055766564878292,219.80273234816056
3149.0904829457045,0.03260947679683451,6.06277071154226,219.80900337364537
3149.14755683048,0.04356632072811598,6.075610194534236,219.82055280114116
3149.234514040307,0.059169932495104584,6.095023067888028,219.83814939704018
3149.335813934894,0.07570444912271408,6.117411804453229,219.85864837047012
3149.458322086145,0.09385796915302279,6.144164671097165,219.8834390350881
3149.641775077423,0.11828753684495057,6.183569372449088,219.92056246288112
3149.9093615386405,0.1497727085202391,6.23964559784796,219.97471110105982
3150.3027447963805,0.19004619802908615,6.319107089490062,220.05431593940725
3150.8811192381468,0.24070777395502,6.429615826278791,220.1713555751834
3151.726665463094,0.30284107600422405,6.577965222984072,220.34246014976165
3152.9537366350987,0.3765495811187283,6.766250058349984,220.59077036186414
3154.715491098006,0.45975768793130634,6.981418662605468,220.94727975532874
3156.605217554234,0.5281274042968991,7.080422301190937,221.3296863834174
3158.494944010462,0.579983696220808,6.828388542009287,221.71209378524875
3160.155621943987,0.6141820420111269,6.552935920864924,222.04815149005748
3161.5057244520704,0.6349983529656933,6.6187798231951405,222.3213615302648
3162.8558269601535,0.6499860025529687,6.90887770251436,222.59457274149239
3164.7798938373517,0.6617647160637243,7.154644175444291,222.9839357767602
3166.890586667962,0.662115572628455,6.997952755179366,223.411068909687
3168.9764475041984,0.6495483441719498,6.703625912129217,223.83318046165374
3171.214323827964,0.6212178730960136,6.275970303546711,224.28605874578474
3175.360805112327,0.5224356006583325,5.116395129495124,225.12518941827776
3177.744848289852,0.4307171679830026,4.160955448618793,225.60765645955073
3179.5581419103696,0.335449895435604,3.218608809488553,225.97462033849922
3180.6927939830566,0.2583542893873185,2.4818338938001463,226.20424507747634
3181.446917273442,0.1948940377098158,1.8926272098139587,226.35686057054676
3181.9069286619774,0.1483047008073508,1.4732196430446618,226.44995527153955
3182.211600261652,0.11208580334015504,1.1590510935646896,226.51161312183405
3182.403331935756,0.08585616851380952,0.9417806195334458,226.55041477883395
3182.5352691708154,0.06550317509532073,0.7821781927392054,226.57711554851716
3182.6429154748703,0.04697861819902992,0.6465244550600843,226.59890044585578
3182.720023894117,0.03259207030953824,0.5501023279657211,226.61450524513486
3182.770494297836,0.023394341174078005,0.4969878831975108,226.62471918177891
3182.8048072201013,0.018687739981668134,0.47685319640466806,226.63166325166858
3182.839081082198,0.017621633842551165,0.48006122154327824,226.638599416712
3182.8746662130993,0.02115118050928639,0.5101284780157828,226.6458009494257
3182.9078093564694,0.026684359779234487,0.5540353795779229,226.65250828542526
3182.9304416204095,0.030877161106619037,0.5866666302670144,226.6570884846025
3182.949742529892,0.034519517964532606,0.6133532764878854,226.66099450168414
3182.9687519583586,0.03810131163401698,0.6370410385402208,226.66484153036072
3182.990543977817,0.04216137721374694,0.6596301691351507,226.66925168524892
3183.0071163963175,0.04520247108593638,0.6728409413876405,226.6726055246121
3183.023688814818,0.04819796550059269,0.6821992207882664,226.6759593639884
3183.041646146785,0.05139003179558336,0.6876737443346812,226.6795934749284
3183.060583985846,0.054695331049288844,0.6879370525400463,226.6834260157947
3183.076725860834,0.057463796071430304,0.6835811626377075,226.68669272409494
3183.092816828265,0.06017988307584473,0.6750206479368991,226.68994913001643
3183.1099503031055,0.06302549181790323,0.6613447741745271,226.69341651317177
3183.1272591254483,0.06585329509121181,0.6429496541733384,226.6969193822716
3183.1436961877325,0.06849667779413024,0.6215584898053638,226.70024582915207
3183.1588548279874,0.0708995863436173,0.5988955714341089,226.7033135556788
3183.1755588472956,0.07351019199162503,0.5714082981677209,226.70669402798052
3183.1939832966827,0.07634617406597194,0.5394077982221638,226.710422671975
3183.212191177617,0.07910589482405442,0.5081300724597699,226.71410748799877
3183.2328733684767,0.08219121362890415,0.47649943689935637,226.7182930419893
3183.2568161822082,0.08570047292509952,0.4505877427759397,226.7231384638666
3183.2918147937403,0.09071669500367274,0.4420904529466875,226.73022130052894
3183.331281152463,0.09622286782171723,0.46951417175225224,226.73820829664285
3183.3705737539512,0.10155849189683096,0.5163024899054326,226.74616012873702
3183.439752378891,0.11063023814917705,0.6103852827006856,226.76016013884862
3183.5047429195874,0.11881609872393337,0.7002974198981726,226.7733125865776
3183.610859381848,0.13156961942786016,0.8449266825331583,226.79478788533632
3183.846442382435,0.1576556083175211,1.1510731843273678,226.84246395508683
3184.131748974173,0.18606892235646585,1.4960789935680614,226.90020284077093
3184.5101322401615,0.21976804661569033,1.9205860064979536,226.97677813497384
3185.048502766197,0.26195232315337913,2.478972028995678,227.085730914155
3185.890912166496,0.3182249883823613,3.281778295614737,227.25621380128268
3187.1299028176345,0.3858658679184186,4.364081463774881,227.50695556995663
3188.9283027614943,0.4617307836185874,5.809611210194008,227.87090994978948
3191.478951154207,0.5369950304813904,7.70937395844549,228.3871063606965
3194.9691861750257,0.5936338018334082,10.141119058527092,229.09346566386682
3199.5953477765925,0.5997948011350277,13.187952251035734,230.02973991423707
3204.384680555563,0.5235517028106387,16.21166710867198,230.99907395754576
3207.3118594616685,0.425526284972713,18.01478780529176,231.59153967454753
3209.228466902363,0.32990450329416254,19.181009295917146,231.97947373186074
3210.372431158366,0.25394956615721853,19.872366402728606,232.2110235272321
3211.1200211856853,0.1917180920839395,20.32241904126974,232.36234482351
3211.5714382610286,0.1462104358457505,20.593535470150314,232.45371774584768
3211.8727459229435,0.11041250616900425,20.77423851895386,232.51470675825675
3212.061256450734,0.0845481596536284,20.887190385600213,232.55286411446008
3212.187850886417,0.06493840753575994,20.962999232845895,232.5784887729823
3212.2928372530396,0.046784889181987796,21.0258418397664,232.59973965534334
3212.3721665223056,0.031842106690362484,21.073310748994693,232.6157971574381
3212.419283777499,0.023120493576631814,21.10149824247475,232.62533444419728
3212.4548493598454,0.01815677881037711,21.12277187609547,232.63253349096232
3212.4903001942184,0.01733611222826098,21.143974165192958,232.6397093139083
3212.52477178238,0.021146906862572683,21.164588203460422,232.6466869244571
3212.551861255361,0.025777276551576564,21.180785943454186,232.6521702767361
3212.5777462488795,0.030643929127733227,21.196262015485356,232.65740982432607
3212.627434401574,0.040125162536928397,21.225965462886972,232.6674675265819
3212.711508071399,0.05535636400320315,21.276212490097873,232.6844854386277
3212.809985311461,0.07163620900837565,21.33504877323803,232.7044188950742
3212.95075552837,0.09256916784478673,21.419117824877908,232.73291320507082
3213.161006975476,0.12018218720965514,21.544604059886307,232.77547179934604
3213.471028603688,0.15554394131396726,21.729469262868644,232.83822583197866
3213.9221536463856,0.199586157266249,21.998122357092146,232.92954219298372
3214.574341802953,0.25324056368547954,22.385791223860547,233.06155848212373
3215.5135293354274,0.3170189700429211,22.942606189715715,233.2516712391943
3216.85858613058,0.39009867769812867,23.73720192024315,233.52394508012304
3218.767534647721,0.4688306156694091,24.859523806437156,233.9103733078106
3221.4339384999817,0.5441373137312902,26.417478225455415,234.45015011715236
3225.035474978978,0.5973265765155612,28.505862190029855,235.17926478684657
3229.8932014158504,0.5943502867131869,31.29764575311934,236.16275369605935
3234.1215081651408,0.520650377018128,33.707771549636334,237.01887535129504
3237.178859957417,0.4151571354446798,35.4404599318043,237.63794864604625
3238.905440457942,0.32690073167179073,36.415616019528834,237.98757355820587
3240.0970661316746,0.24645997002902556,37.08731554955212,238.2288790413394
3240.7639658085563,0.19007088834565766,37.4627835125394,238.36392931446423
3241.236184029461,0.14192971855356,37.72845342922056,238.45955672879555
3241.508609711777,0.10916957976094613,37.88164901706983,238.5147251831522
3241.7011444433406,0.08253531968555658,37.98988776791358,238.55371523327727
3241.8259650216323,0.06298170973960239,38.06004548155147,238.57899262317272
3241.9285473120244,0.045051943635233696,38.11769575807375,238.59976658747775
3242.0022052866157,0.031117580717742902,38.159086408536844,238.6146831070161
3242.0487349769705,0.022581833416027697,38.18523094788147,238.62410587278302
3242.0848880790827,0.01782582794714588,38.20554397586194,238.63142727300567
3242.119788009299,0.01753076031717687,38.22515205292815,238.6384948970151
3242.155340026883,0.021826965877344253,38.24512564714574,238.64569458087837
3242.1902868206826,0.028040171020339785,38.264758383515236,238.6527717049424
3242.2222656406116,0.03414380717990704,38.28272301889681,238.65924778466828
3242.2970929933795,0.04814723764592438,38.32475582804165,238.67440120199458
3242.3846000502786,0.06329376364388654,38.3739064146768,238.6921224361673
3242.499927434688,0.0814027953175449,38.43867511594171,238.71547766813694
3242.6733473843424,0.10567724574189634,38.536052191545146,238.75059746689575
3242.930297946636,0.13714919388961844,38.68029554272526,238.8026335211692
3243.306269783698,0.17683820175535314,38.89127426787077,238.8787735065806
3243.850696389264,0.22565697054882222,39.19661728489671,238.98902912873947
3244.6360108564986,0.28443423444944266,39.63672372814321,239.14807072112836
3245.7638830610426,0.3531467337261466,40.26812013798595,239.37649134199566
3247.372481128608,0.4297834099144457,41.16727322006985,239.70227926120106
3249.63960543014,0.5083640471229282,42.43191854216219,240.16145622270662
3252.7641810555483,0.5755574487368456,44.17015843963446,240.7943349072351
3256.82397354856,0.6062283826628396,46.42111995450634,241.6167046582738
3262.646138440531,0.5468475616557988,49.635777794056416,242.7961998043812
3265.735255745307,0.4581189220725488,51.33557387525138,243.42207998731416
3268.075238689553,0.3527339224923281,52.62067996323254,243.89621034657085
3269.2982171025346,0.27735555937549095,53.291523736476485,244.14402255845346
3270.2140509535657,0.20575387846401802,53.79353637127967,244.3296029242094
3270.691516697464,0.1600432432420817,54.05514094645625,244.42635605678163
3271.0566749451427,0.11865120226746845,54.25515838705904,244.50035209583316
3271.2587442080458,0.09197697473968514,54.36582312611113,244.54129990587674
3271.4065828124203,0.06985019397754741,54.4467791471006,244.5712584131125
3271.516863726718,0.051304719613746545,54.50716380181106,244.5936061768499
3271.6066696337593,0.034647376782646115,54.55633423326602,244.611804848996
3271.658596140355,0.024845064585781836,54.584763722225475,244.6223274880118
3271.6949339645134,0.019145461415124326,54.60465794356137,244.62969116896795
3271.731271788672,0.01704830628159783,54.62455171571131,244.6370548566096
3271.759761144241,0.019176033931539896,54.64014839368094,244.64282809400953
3271.787555116942,0.023384318370371866,54.65536411416076,244.64846041921894
3271.8165139580087,0.028671685725132342,54.67121725900257,244.6543288039965
3271.8550202064653,0.0360332687950598,54.69229656825658,244.66213193646317
3271.937213198005,0.05123912173642312,54.737289440134404,244.6787880324209
3272.028181911375,0.06668581519384134,54.78708351928395,244.6972225348622
3272.1533214982537,0.08590131721806644,54.855577335736804,244.7225817180283
3272.341899953269,0.11160961382601284,54.958783753135265,244.76079675862994
3272.6206473186016,0.14474604975604924,55.111316466990935,244.8172846770959
3273.0271205022,0.18626557166987717,55.33369509456607,244.89965683505497
3273.614997089768,0.23710718627807845,55.65522105459416,245.0187920515104
3274.4622336788557,0.2979959050101605,56.11839809845363,245.1904905879187
3275.6775160090965,0.3686097369581653,56.78237639789132,245.43678269081352
3277.4072799579158,0.446312439285947,57.72663775960846,245.7873541617457
3279.836619672913,0.5239298845490821,59.05123786122763,246.2797353223448
3283.160212239271,0.586020877658367,60.86061566048242,246.95341563424688
3287.369988966185,0.6050000777162876,63.14802490128373,247.8068084700754
3292.829194826185,0.5340901715909376,66.1074919864914,248.91362822160582
3295.7760853058357,0.4420717477492827,67.70202932272942,249.51116187737654
3297.928080088865,0.33976109115197745,68.86520529668978,249.9475480163499
3299.0826242029325,0.26571567780182087,69.48882814544794,250.1816800106299
3299.925692775027,0.19759664813647176,69.94402722935519,250.35265224241132
3300.3777074022128,0.15310535196673658,70.18802185474865,250.44432140487976
3300.7146065796355,0.11397056293583419,70.36984990261614,250.51264577948024
3300.9062676630647,0.08813868585793042,70.47328080644473,250.55151563861108
3301.0433213114065,0.06725865011746425,70.54723782288411,250.57931095941754
3301.150752753199,0.04892555378176641,70.60520734363874,250.60109879196682
3301.235960074452,0.03298065665966172,70.65118312461065,250.6183794687132
3301.284148574385,0.02396504190411137,70.67718379080064,250.62815247277516
3301.3199067989553,0.01863813156915685,70.69647724621811,250.635404528739
3301.3556650235255,0.01714872600889433,70.71577043689285,250.6426565922063
3301.3891331907103,0.020349960934532372,70.73382779759186,250.64944421990882
3301.4196170728824,0.025418264211538318,70.75027482036943,250.65562661506294
3301.447422567949,0.030633704487629042,70.76527660066162,250.66126581488757
3301.4978995124657,0.040262611963297834,70.79250980313799,250.6715029963721
3301.580787846842,0.05527627756673023,70.83722838080979,250.68831353371493
3301.67941198345,0.07158592994983336,70.89043463755407,250.7083154930167
3301.820195748362,0.09252559373633266,70.9663819139467,250.73686794481821
3302.0313060862713,0.12024920747237249,71.08025995424656,250.779683595569
3302.3422361891426,0.15569753534981332,71.24796654513803,250.8427443424139
3302.794003200794,0.19977388215650005,71.49160123173966,250.93436969715856
3303.4466334209696,0.25342962864715424,71.84348678868992,251.06673535371954
3304.3860718506435,0.3171865162306021,72.34986319401743,251.25727552639702
3305.7311158318653,0.3902252823854068,73.07456384084905,251.5300911603844
3307.639660069698,0.4688998680309891,74.10226880604148,251.91722024825216
3310.3051295151577,0.5441395824725794,75.53640108834783,252.45792068715133
3313.9051857983045,0.5972653902134719,77.47131232674333,253.18827395060086
3318.760739286086,0.5942424815971119,80.0774289779131,254.173459180764
3323.0111853258895,0.5198991635343466,82.35557172782184,255.035988833742
3326.0533526459335,0.41460722024729796,83.98436705848923,255.6533956507915
3327.781057874532,0.32609851142423507,84.90877049120054,256.00405876035114
3328.965186494967,0.24600439584630457,85.54208181357083,256.244405913252
3329.631796330021,0.18954821207383812,85.89851773905565,256.37971418564047
3330.1008961022953,0.1416531536855729,86.14930702930808,256.4749336100441
3330.37306560128,0.1088840494173549,86.29479946455074,256.53018011535966
3330.56451736803,0.08236993399917367,86.39713669921026,256.569042360067
3330.6891860826713,0.06282258099405216,86.46377342521178,256.59434862971483
3330.7915682443477,0.04491290858209932,86.5184961190378,256.61513106734895
3330.864793021969,0.031056814901496373,86.5576334493446,256.62999492182956
3330.9110404492785,0.022576897349102624,86.58235148152515,256.6393826773983
3330.9473516166827,0.017812127790256056,86.60175863393067,256.64675348316973
3330.9823069750764,0.017549385953351978,86.62044097516566,256.6538490811082
3331.017968714078,0.021885932423242483,86.63950067396601,256.6610880754391
3331.0544337656006,0.028394468983918317,86.65898952508907,256.6684901429345
3331.088208360602,0.0348473587796495,86.67704028774182,256.67534608022584
3331.167344795462,0.04958508443338383,86.71933396613808,256.69141008908815
3331.256168380668,0.06482491627248918,86.76680380083214,256.70944055271866
3331.375209723661,0.08333341114835507,86.83042112841522,256.73360505344726
3331.5555549317132,0.10828607951646327,86.92679631043944,256.77021395109347
3331.8222890930797,0.14052333408180187,87.0693288111104,256.82435962042354
3332.2117841414993,0.18103709186513867,87.27744224355267,256.90342593465914
3332.7752554334866,0.23075078360611526,87.578476776571,257.017810608904
3333.587579791528,0.2904577638264504,88.01238413310348,257.1827160192254
3334.753472952042,0.3600095889788379,88.63499480920943,257.4194048122082
3336.414703239787,0.4371294317994296,89.5218093800966,257.75666737037864
3338.7523301704946,0.5153277117246113,90.76908704400195,258.2312817927282
3341.9639801555013,0.5803683162864952,92.48156620207895,258.88340873264707
3346.08918229966,0.6059926780627474,94.6792782369053,259.7211306326703
3352.0532822922783,0.5343498768637676,97.85310419064207,260.9324803937089
3354.908051172563,0.44612624966231107,99.37086118656265,261.51238554492187
3357.1517439986214,0.34044500651039794,100.56311447584362,261.9681967025405
3358.2740621299763,0.2689042030409538,101.1592912795256,262.19621043733434
3359.157082519745,0.19799111827710636,101.62826029313402,262.3756134578123
3359.595776582963,0.15499298510097856,101.86121913820215,262.46474470776303
3359.9474948933916,0.11433249940801962,102.04797711587067,262.5362056490586
3360.135851124277,0.08902433053905182,102.14798667930862,262.5744755654635
3360.2769221797794,0.06760613369906604,102.22288734541907,262.60313830757946
3360.384577675902,0.04927264704639454,102.28004489314698,262.6250117814898
3360.470586184034,0.033197141311335006,102.3257085535696,262.6424870686727
3360.519111593138,0.024104667697768648,102.35147134452446,262.65234652689236
3360.5549508881218,0.018717511474947244,102.37049875339892,262.65962841316474
3360.5907901831056,0.017128629889975353,102.38952603163605,262.66691030782243
3360.6207966897246,0.019780835171578713,102.40545655010648,262.67300709213384
3360.650114259115,0.024472652271757024,102.42102122194338,262.6789639024264
3360.678632893601,0.029766783391032364,102.43616165613948,262.68475838869625
3360.723650651719,0.03837125244147892,102.4600612439478,262.6939052182773
3360.806656810951,0.05355053075207773,102.50412804746614,262.7107706684086
3360.901708706874,0.06944948776012515,102.55458890450812,262.73008366412364
3361.0356970269886,0.08965369420179109,102.62571865426402,262.75730800670294
3361.237115860235,0.11653002234256807,102.73264150241232,262.7982334013525
3361.534237022505,0.15100988168325472,102.89036028256875,262.8586046093241
3361.966394526135,0.1939997185493226,103.11974358419022,262.9464144988078
3362.5908856825736,0.24645591122435886,103.45118182545343,263.0733067329658
3363.4902017005115,0.30899614403548065,103.9284103507715,263.25604593470723
3364.7787679096823,0.38102533723947,104.61205773885494,263.5178892056908
3366.609584032111,0.45934838975219666,105.58311598605414,263.889939114483
3369.1727961031484,0.5357378027695655,106.94209331996659,264.4108599322141
3372.6552203111473,0.5929357452279959,108.78743653186588,265.1186607632197
3377.2457307627637,0.6000972190810696,111.21827649399118,266.0518005055736
3382.143326092148,0.5225080063025231,113.80970593401379,267.04751453871626
3385.0276745783876,0.4257067476274578,115.33494066542508,267.6339948564185
3386.9713066438776,0.32858520748734504,116.36234637553073,268.02922781565945
3388.0922130419262,0.25401151426703683,116.95472167239049,268.25717256532766
3388.850809278661,0.1907759928121409,117.35556760865985,268.4114434176057
3389.292056087762,0.14621629861059757,117.5887038877216,268.50117865817185
3389.5970188190217,0.1099495939281797,117.74982454094311,268.56319888569266
3389.7824757307862,0.0844707741011128,117.84780328121468,268.60091552445243
3389.9089396518066,0.064874493561833,117.9146139098788,268.62663480085206
3390.01385488321,0.04672822001944866,117.9700394732159,268.6479717457556
3390.09275310853,0.03186707176595173,118.01171997907743,268.66401757590165
3390.1395084866476,0.023206766571166864,118.0364197736082,268.673526412686
3390.175323453727,0.01818420849475242,118.05533988590237,268.6808102618382
3390.210762648753,0.017327764321098626,118.07406139044348,268.6880176966811
3390.2452471590163,0.021113033615599863,118.09227846978938,268.6950309805766
3390.274280079692,0.026091072859777093,118.10761557533448,268.7009355539069
3390.301635924767,0.031251230837411034,118.12206667950215,268.7064990567717
3390.3570830325766,0.04180122484040452,118.15135720589511,268.7177756430505
3390.440061766802,0.05670880828904654,118.1951911663101,268.7346515260643
3390.541750915536,0.07336679290939598,118.24890828204165,268.75533271874485
3390.6883407343953,0.09492411495790917,118.32634270176416,268.7851457738502
3390.9079169709653,0.1233807796373122,118.44232829186157,268.8298028748887
3391.2307475350617,0.1596470333984094,118.61284866618259,268.89546025657546
3391.6992460647,0.20462253935162433,118.86029728170705,268.99074482689156
3392.3757332883993,0.25925374168732146,119.21757060799143,269.1283332216139
3393.349026448428,0.32397753248284916,119.73153539319846,269.3262931048378
3394.741504668644,0.39777742855382353,120.4667347636696,269.6095223744737
3396.7149549405767,0.4766142063694399,121.50842903070992,270.01094229577177
3399.464960462073,0.5506886953109688,122.95955795646829,270.57036296109754
3403.1588299858404,0.6001249867292399,124.90789967503937,271.3218651381371
3408.219045706987,0.5878506366526244,127.57539726375971,272.35148469572937
3411.7872967042886,0.5217082302582626,129.45537885424102,273.07762562711827
3415.3555477015902,0.39373067557909347,131.33454112271806,273.8038457898899
3416.6886703374403,0.32238364549133736,132.03640359897952,274.0751867451367
3418.0217929732903,0.22928271528582275,132.73815642795978,274.3465386386502
3418.511073124524,0.1863989732082784,132.99568517184633,274.4461324349794
3419.000353275758,0.13555113828227305,133.2531993816557,274.54572769818697
3419.2265779368026,0.10788111030657324,133.3722593298688,274.5917772814317
3419.4281533413273,0.07970298998668987,133.47834400135483,274.63280960297067
3419.5490715672863,0.060469188457604045,133.54197941183793,274.65742361561496
3419.6487623283388,0.042804788356264556,133.59444282246923,274.67771665051345
3419.7156847794263,0.030086442407915533,133.62966119781117,274.69133940769717
3419.760963548646,0.02190240337459343,133.65348929223347,274.7005563850662
3419.7978200122875,0.017479256425586284,133.672885031082,274.70805892137116
3419.8291649688367,0.01762238973690937,133.68938027148798,274.71443953665215
3419.860509925386,0.021367523950024673,133.70587545297357,274.7208201579338
3419.890481148273,0.02656756550867201,133.72164765649384,274.7269211457657
3419.91896796998,0.03196229434443519,133.73663865153486,274.7327199717149
3419.978971312644,0.04334216243124297,133.76821484101674,274.74493437056617
3420.062604970333,0.058237983128173215,133.81222589963164,274.76195903965623
3420.1675082900438,0.07525151873955584,133.86742923234706,274.78331347282887
3420.3203318814876,0.09746081254186273,133.9478484982236,274.81442281989564
3420.548772397693,0.12666322529341653,134.06805651504797,274.86092529930704
3420.8841036351732,0.16376580596923898,134.244506013797,274.9291875582627
3421.3703208952347,0.2096717781511378,134.50033904009274,275.02816639771254
3422.0721482093336,0.26531253118762166,134.86959492310626,275.17103933302707
3423.0814322537963,0.3310276186006766,135.40056359874902,275.376507337205
3424.5243171013926,0.4055824741675198,136.15953937052475,275.67025764214696
3426.566592271682,0.4845070486011561,137.23359606768744,276.0860565715305
3429.4056326283135,0.5572088170613494,138.72628626252688,276.6641152915571
3433.1948082229383,0.6025431112032856,140.71783192740182,277.43570649237677
3438.456020153356,0.5799359819967522,143.48177552693005,278.5071893318394
3442.137592280054,0.5010954264662751,145.41500464305588,279.25706319624487
3445.001656459811,0.39212052636954187,146.91847709156144,279.84047839297426
3446.4968165811256,0.3103339879316891,147.70319018975886,280.14506383957223
3447.614480100193,0.23088162209132784,148.28970823768734,280.3727561010312
3448.190427584846,0.17998932627313396,148.59192545230914,280.490091823362
3448.634636416046,0.1330118911542382,148.82500445158252,280.5805901739163
3448.8740223420928,0.10325524029742114,148.95060773060007,280.6293605581241
3449.05321711601,0.07777829049722995,149.04462754730247,280.66586833630055
3449.172586760171,0.05858040115927954,149.1072574946589,280.69018789807365
3449.270171805182,0.04111319020900398,149.15845716001047,280.7100692726089
3449.3329015338413,0.02916222901582639,149.19136914648487,280.7228494683407
3449.376708704934,0.021364980300903915,149.2143530500811,280.7317745035979
3449.4134393951563,0.017296860420076093,149.23362413129678,280.7392578233264
3449.441155955386,0.017596744460750182,149.2481658269595,280.74490465610296
3449.4688725156157,0.020757566817989424,149.26270748599424,280.75055149317575
3449.4979465119195,0.025667777758763055,149.27796129262575,280.75647489228373
3449.5253507991374,0.03081844233475633,149.29233904177795,280.7620581170519
3449.5778186282905,0.04081842478021861,149.31986636054563,280.7727476855121
3449.6605109433553,0.05575409575743567,149.3632507312278,280.7895950911785
3449.76020525225,0.07218788944780978,149.41555473374922,280.80990646672984
3449.902967385757,0.09333962146579078,149.49045318055408,280.8389924294161
3450.11712358417,0.1213346236453641,149.60280585327553,280.88262423509144
3450.4322620425864,0.1570770488215891,149.76813284587857,280.9468304535274
3450.8898171440837,0.2014645735066056,150.00816565698534,281.0400535831338
3451.550608976662,0.2554513189066996,150.3547987459754,281.17468659984837
3452.501554109578,0.3195320797142351,150.85360220185183,281.3684411491647
3453.8626462583766,0.39282145943710267,151.56746843983748,281.64577163409234
3455.7930742574604,0.4715410206680872,152.5797933662354,282.0391251167607
3458.486989077218,0.5463751005064943,153.99221027607027,282.58808445391537
3462.11874283532,0.5982402738362788,155.8958219487984,283.32821639827046
3467.0448429180287,0.5921030237050781,158.47695848014692,284.3322414106899
3471.0258352799565,0.5213048452038941,160.5621374843064,285.1437297381804
3474.183279262436,0.4119127414088457,162.2154937362877,285.7874032721526
3475.8278236611927,0.3274355069698559,163.07648074105896,286.12267854382804
3477.0597264974076,0.24405286688513597,163.72136290588574,286.37383697017157
3477.6906773083892,0.19052675733493893,164.05163295560163,286.5024771691429
3478.179674212078,0.14059599528983827,164.30758684799406,286.6021767286112
3478.4395707129247,0.10925828932508025,164.44361977064992,286.6551664356657
3478.6363579504855,0.08200672895024592,164.54661881772643,286.6952891609399
3478.7605308591665,0.06249944988283006,164.61161053253653,286.720606732159
3478.8625299846863,0.04462562415502524,164.66499611374422,286.7414033554563
3478.934865027356,0.030929438676357366,164.70285549264295,286.7561517937771
3478.9809024081305,0.022501554007143845,164.72695085495212,286.76553839837857
3479.0173664171743,0.017764986104224577,164.74603558201306,286.77297308669677
3479.052361617575,0.01759480422720758,164.76435150813268,286.78010830412234
3479.087937337452,0.021977473544947685,164.78297122059084,286.7873618906243
3479.126098504008,0.028821671621395668,164.8029440567813,286.7951426346448
3479.161376901433,0.035567127995267143,164.82140805612116,286.8023356124433
3479.2429661917963,0.050696454981390957,164.8641100566419,286.8189710275122
3479.3330812738477,0.06605093944472445,164.91127396793,286.83734482266533
3479.4561639601025,0.08502996201586051,164.97569177022834,286.86244053187437
3479.6422092039147,0.11051686233136103,165.07306119263717,286.90037401320825
3479.917243413875,0.14338586371957326,165.21700182764556,286.95645210982036
3480.318235836597,0.18458233190946643,165.4268581916314,287.0382131211166
3480.898048098613,0.2350466421162292,165.7302877333799,287.1564362940603
3481.7336086987066,0.2955313731952316,166.16753400925757,287.3268092058578
3482.9322406389574,0.36577431369200114,166.79472836735303,287.57121922085565
3484.638760645977,0.44326116686880296,167.6875866607845,287.9192034190985
3487.036857313131,0.521050503297749,168.94209860372283,288.4082337698016
3490.322270093563,0.5841108759276941,170.66045088952066,289.0782537701717
3494.4931839960295,0.6053134889115368,172.8413890243541,289.9289334221475
3500.5766833627804,0.5228225473858481,176.02132774261395,291.1698366270726
3503.2292089493208,0.4358194598941985,177.4074561691803,291.71094624202095
3505.3962341346955,0.3298569455136848,178.53970682199653,292.1530374524932
3506.432566425486,0.2618929650488847,179.0811275466524,292.3644649959963
3507.2911399196923,0.19135678198326497,179.52965421263792,292.5396304987283
3507.6966588973405,0.15080083788494122,179.74149293851238,292.62236525178093
3508.037943766887,0.11068062540037957,179.91977244723773,292.69199537689263
3508.2148065514402,0.08655392224287668,180.0121601319875,292.7280797295075
3508.350264017076,0.06573800093876196,180.08291828669275,292.7557164687822
3508.4557692278627,0.04758174559307947,180.13803005213097,292.77724224598995
3508.537403652419,0.0322419962855175,180.1806724201589,292.7938978007351
3508.584304789694,0.023518769036427585,180.20517149476964,292.8034668703383
3508.6200214363876,0.01837304870986871,180.22382824125827,292.8107540149135
3508.655738083081,0.017249407466285106,180.2424849478659,292.81804116483124
3508.689613661959,0.0207743904638752,180.26017992986914,292.8249526926753
3508.7173664447196,0.025447478353318793,180.27467662933543,292.8306150092596
3508.744729491506,0.03057936971465174,180.28896972618742,292.83619781234466
3508.7957118902577,0.04030361352069485,180.3156003372372,292.8465996116751
3508.8783087128504,0.05526280522309233,180.35874454244413,292.8634516384867
3508.976980300261,0.07158056723899413,180.41028507421007,292.8835833974774
3509.1177848927905,0.09252298928532801,180.48383301105054,292.91231153644026
3509.329170803055,0.12027979747362158,180.59424726626986,292.95544042580406
3509.640370351002,0.1557509116711613,180.75679514483872,293.0189345467958
3510.092317876471,0.19983305024033035,180.99285411322185,293.1111462304209
3510.745059294109,0.25348340721737056,181.33377957362285,293.2443277571323
3511.684529799045,0.31722552905568346,181.82443995963578,293.4360148949126
3513.0294851352483,0.3902397608039757,182.52682716595538,293.71044242245347
3514.9377474162056,0.4688790869905718,183.52330054351185,294.09982092732304
3517.602636956773,0.5440724937243702,184.91469352763457,294.6436127614125
3521.201667441048,0.5971426607714712,186.79348845394082,295.37806795096265
3526.0563159965945,0.5940511070693775,189.32716162016854,296.36883642389546
3530.3131157330795,0.5194385719353477,191.54827205440745,297.2376643571354
3533.3484573819915,0.4142062307898718,193.1317502802016,297.85722841996824
3535.0750808293405,0.32564090045543276,194.0323865559605,298.2096757181282
3536.2556997624874,0.2456942772887314,194.64817255062843,298.45067572736315
3536.921464568959,0.18925632398875836,194.9954054858819,298.58658056617867
3537.389110521909,0.14146890456979053,195.23930169944805,298.68204363598846
3537.660900765814,0.10872188663523606,195.38104867769192,298.7375259751273
3537.8518198148163,0.08226457415565969,195.48061770318665,298.7764996929712
3537.9763877804608,0.0627222480219501,195.54558248660143,298.80192874008094
3538.0786440406405,0.04482551442217896,195.59891095453187,298.8228031610955
3538.1516090991895,0.031016475577636194,195.6369633733654,298.8376981471362
3538.197676905093,0.022572433022090253,195.66098838421874,298.847102374549
3538.2340841176065,0.017803363953551393,195.6799752208778,298.8545345049383
3538.2690825535274,0.017562315460652518,195.6982273301856,298.8616790533747
3538.30478667463,0.021921024656948153,195.71684743060402,298.8689676640065
3538.342110727786,0.028597061592507265,195.73631230894605,298.87658697088057
3538.376794944091,0.035226304640486324,195.75440045324288,298.88366738747783
3538.4572950600063,0.05018352297837649,195.7963819006556,298.90010065198453
3538.5467744960115,0.06547859475209028,195.84304594025556,298.91836697735494
3538.6679610816145,0.08423712960060421,195.90624511446327,298.943106041001
3538.851440750967,0.10948776206766217,196.001929608779,298.9805617266157
3539.1227377549208,0.14207645689643278,196.14340919741957,299.0359447206822
3539.5184673418635,0.18296110934445745,196.34977619470396,299.1167300204475
3540.0907251744575,0.2330763432992388,196.64819297328327,299.2335531984865
3540.915487908928,0.2931955431210137,197.0782695689175,299.4019257366896
3542.098852214395,0.3631097719416766,197.69531083183546,299.6435095166057
3543.7841928413127,0.44041526520262214,198.57403709811084,299.98757967422665
3546.153948369598,0.5183811843286518,199.80949447559198,300.4713918629903
3549.404751115114,0.5823469207210135,201.50405833306516,301.1351086557503
3553.554830023056,0.6055770641641768,203.6670274294907,301.9824780183462
3559.5790375398306,0.5281886939463544,206.80606092092506,303.21260026125987
3562.3251397689696,0.440540571323656,208.23670201086196,303.77337890110033
3564.527605305147,0.33467398671003673,209.38400457276944,304.22315694150404
3565.602688558526,0.265078970534944,209.9439960850602,304.4427105302425
3566.472543504625,0.19435434622510162,210.39706978307044,304.6203546059353
3566.8928266505827,0.15270689848838023,210.61597320699278,304.70618664876326
3567.238945193125,0.1123282494288289,210.79624537468987,304.7768728197297
3567.420910490121,0.08767637028514683,210.8910190525435,304.814034865514
3567.5589491146134,0.06658032628013451,210.96291376868365,304.84222599944013
3567.6654158369815,0.048345177786275374,211.01836460328195,304.86396935040835
3567.749115572989,0.03265414603666922,211.06195758971305,304.8810630946001
3567.796581933859,0.023794351351187126,211.08667923213946,304.8907570140708
3567.8323258442524,0.01853553656407086,211.10529550419707,304.8980568947444
3567.8680697546456,0.017185643425138158,211.1239117494011,304.9053567787009
3567.9015948940414,0.02049715270724219,211.1413723835765,304.9122035319276
3567.9294236424666,0.025120489854752834,211.15586619339447,304.9178869280299
3567.957157459269,0.03030553176216746,211.17031054460026,304.9235509384609
3568.006187901687,0.03966508753138168,211.19584658383292,304.93356431214175
3568.0887343982217,0.054664813296115215,211.2388383432309,304.9504226058487
3568.1861631547026,0.0708406036405038,211.2895808779746,304.9703202940165
3568.3245894694796,0.09152692215466748,211.3616752880967,304.99859087672564
3568.5325874044966,0.11898946522737253,211.4700028408194,305.0410700512005
3568.838976196087,0.15412611296536907,211.62957175621563,305.10364367604194
3569.2840945053817,0.19783334923868465,211.86138824930094,305.19455038405425
3569.927041244346,0.2510707215114522,212.1962260018376,305.32586056448525
3570.8525550463005,0.3143958208321494,212.67820570365754,305.5148817534745
3572.177880441779,0.387067835748711,213.36836446722594,305.7855616882181
3574.059159721705,0.46559787695235677,214.34797266132205,306.1697951367485
3576.688638905101,0.5412099056887539,215.71705908917266,306.7068555367038
3580.2473329788945,0.5957200931979855,217.56973954942228,307.43372988156165
3585.0127486446436,0.5962516477756235,220.05026276403743,308.40712499526654
3589.5407856899737,0.5189672434405264,222.4068273466989,309.33207693891865
3592.4789897446585,0.4177004946578028,223.93578036038437,309.9322921498083
3594.292585762043,0.3252215289028786,224.87944371672367,310.3027810955342
3595.4330461840045,0.24824666687943048,225.47282643048567,310.53576222929576
3596.1363267939723,0.18885206248525233,225.8387326435024,310.67943443396484
3596.586961449108,0.14289206114244118,226.07318645844242,310.7714944215795
3596.87185581249,0.10867018878994589,226.22140796479775,310.82969557369387
3597.058479746804,0.08284290885470984,226.31850171684422,310.86782110977094
3597.1836392058003,0.06327090144955877,226.38361736395083,310.8933900592017
3597.2865581337705,0.0453125639998569,226.43716191557107,310.91441548940315
3597.3610463127375,0.031231578128934342,226.47591498496038,310.92963277977327
3597.407241831965,0.0227394062309644,226.49994852410865,310.9390701295217
3597.4434908706253,0.017898424815765836,226.51880731190954,310.94647550094226
3597.4785234903648,0.01748927941282466,226.53703322858843,310.95363237049014
3597.5141833722005,0.021734045060435952,226.5555854600735,310.9609173866332
3597.549172980558,0.027937181390234562,226.5737889570507,310.96806547368124
3597.581903054725,0.03418185260988021,226.59081690229843,310.97475195857214
3597.6570832631905,0.04824552097891666,226.62992962079625,310.99011066382377
3597.744527661638,0.06337213695742827,226.67542269628277,311.00797485588186
3597.8599619796523,0.08148819130717286,226.73547736579167,311.0315571855058
3598.0342171331026,0.10586099685281702,226.82613312153424,311.0671561967303
3598.292425958814,0.13745028505357232,226.96046457707342,311.1199064066403
3598.6697325822975,0.17722303887088883,227.15675381917853,311.1969876510047
3599.2156426129277,0.22609824921771204,227.4407526296176,311.3085138919015
3600.002768232753,0.2849129967620582,227.85023005625575,311.4693199755721
3601.132909353793,0.35363825662503984,228.4381320799567,311.70020436259347
3602.7443372883927,0.430246443064455,229.27636324092697,312.02941786379427
3605.0148788293736,0.508726757499951,230.4573777346886,312.49329493333
3608.1431850771914,0.575696981115914,232.08441628262503,313.1324285889649
3612.204501506827,0.6059619856192235,234.1964792199217,313.9622040201683
3618.022299700898,0.5459398685817445,237.22153786583974,315.15088895833196
3621.09707647443,0.45723013224183184,238.82010897866533,315.7791405038909
3623.434494617509,0.3516183892315194,240.03523430882456,316.2567391068488
3624.647015658893,0.2766848585678459,240.66554136224067,316.5044927648406
3625.562059692328,0.20498681858679177,241.1411962417902,316.6914641682283
3626.034761520732,0.15964041990106725,241.38690965698956,316.78805190958576
3626.3994942293925,0.11822891971133555,241.57649783987998,316.8625783455108
3626.5999147895736,0.09173141844306397,241.6806757006289,316.90353066667456
3626.747326481575,0.06964253011676702,241.75729938178938,316.9336516090449
3626.857358892467,0.05111855975009497,241.81449334228387,316.95613477820586
3626.9466691773673,0.034543246140425136,241.86091598139197,316.9743837578409
3626.9982346052793,0.024813670935765343,241.887719149893,316.9849202461024
3627.0345500602,0.019128554470227953,241.90659551961596,316.9923406721942
3627.070865515121,0.0170538474106441,241.92547187050863,316.99976109960255
3627.0992158120607,0.01917790671299753,241.94020801188202,317.0055539873445
3627.126850765612,0.023357542762921582,241.9545723153756,317.0112007079374
3627.1561624723104,0.028707951107358107,241.96980816229063,317.01719004461205
3627.1954457313695,0.03621737476075293,241.99022707423097,317.0252168956557
3627.2772482394485,0.05133983549178206,242.032746851712,317.04193182095935
3627.3684154818666,0.06680893574541014,242.08013417217308,317.06056027531173
3627.4939196211553,0.08606375948001849,242.14536908600044,317.08620489607637
3627.683469356217,0.11187513824151223,242.24389338439076,317.12493616661925
3627.9635403330303,0.14512002766799553,242.38946794384793,317.1821639808653
3628.3715459492278,0.18672575729382335,242.6015380420552,317.2655332333875
3628.9613474841813,0.2376403466601582,242.90809649075945,317.38604978296354
3629.811119011727,0.29858892410148263,243.3497697216623,317.559687641551
3631.029764680888,0.36923688735991167,243.98314953821583,317.80870047969773
3632.763932614901,0.44692058610242547,244.88443161648425,318.16305523062294
3635.198818705121,0.524415783619725,246.14982113767198,318.6605969959594
3638.528600920259,0.5861972010559017,247.88015036928195,319.34100839776374
3642.758518280885,0.6045508304316485,250.07802466568404,320.2053657947964
3648.1988386153453,0.5327936838634572,252.90448734498122,321.3170774798567
3651.129306851045,0.4407018547626723,254.4268280276847,321.91591527377216
3653.2715208403147,0.3383947307748722,255.5396140671421,322.3536765049674
3654.41599716969,0.26473221407752184,256.1340964785477,322.587550833132
3655.255470233887,0.19670069702607132,256.5701391800641,322.7590978673201
3655.703142067766,0.15251982730974392,256.80266737216243,322.8505800785389
3656.0385417748935,0.11347214353571887,256.97687799662094,322.919119402273
3656.2286401966626,0.08779948888970608,257.075616801947,322.95796625265444
3656.364925449785,0.06700334202625884,257.146404307538,322.98581632116
3656.472065321868,0.04869491083069948,257.2020533461021,323.00771049694544
3656.556543411774,0.03287645614579636,257.2459316349192,323.02497370962107
3656.6044295298593,0.023923915623042455,257.2708038564027,323.03475930393927
3656.640222667749,0.018610215969531475,257.2893949229482,323.0420736814875
3656.676015805639,0.017162102691285857,257.3079859743977,323.04938805939616
3656.7094402176376,0.020389786871372207,257.3253466896635,323.05621838517254
3656.7399829252918,0.02547788636764956,257.3412106296631,323.0624598308716
3656.767955085916,0.030727496865495686,257.3557394130467,323.0681759818618
3656.819591820314,0.04057237916574982,257.3825595883587,323.0787280228875
3656.9021209288057,0.055498568484083494,257.42542523079396,323.0955929665775
3657.001313069469,0.07187639917153182,257.4769455508427,323.1158630276821
3657.14308172907,0.09292189554005101,257.5505798805871,323.1448336682726
3657.355913915639,0.12080587890185854,257.66112400647154,323.1883262585777
3657.6691243693112,0.1564161779458053,257.8238032075708,323.25233132669365
3658.123866562138,0.20064806749129135,258.0599909057333,323.3452586821575
3658.780569780952,0.25445887699241077,258.4010705014345,323.4794572139017
3659.725641862105,0.3183581338916357,258.891914785561,323.67258463842234
3661.078423171576,0.3914930473181824,259.59449398668056,323.9490286099382
3662.9973671120015,0.47015065249608057,260.59107887855623,324.34116977849715
3665.676139033399,0.5451380171175584,261.9822033124216,324.88858459032866
3669.290592897069,0.5975765299888381,263.85911411516656,325.6272095443647
3674.1801262920235,0.5929346412317879,266.3979212512784,326.62640075591474
3678.304635555367,0.5199997217025256,268.5393059954036,327.4692549771215
3681.3947589239256,0.4127706700562546,270.14353794859613,328.1007275786572
3683.079947167298,0.32619003293047616,271.018359754598,328.4450979650907
3684.2833349344596,0.2446530834914129,271.6430500202121,328.6910112774198
3684.9312317589306,0.1896723648224395,271.9793736242017,328.8234093466087
3685.408396087875,0.1409007497091833,272.22706725748577,328.9209180444765
3685.6740161527014,0.10886830663713958,272.3649483480831,328.9751975627152
3685.867452256576,0.08205878918641021,272.4653589318312,329.0147262566693
3685.991758388942,0.06253613126682102,272.529884704441,329.04012822436096
3686.0937932175298,0.04466028178893876,272.5828496067871,329.0609790451431
3686.1662510497395,0.030942387240688714,272.62046142796885,329.0757858033305
3686.2122173779912,0.022525101051929192,272.6443218630233,329.08517902160276
3686.2487019895343,0.017775106042740154,272.6632604657976,329.09263465068875
3686.2837207589055,0.017589047117922574,272.68143816018875,329.0997907345083
3686.3193496990493,0.021971103060142445,272.6999325724312,329.1070715062221
3686.35757989097,0.028826801426779805,272.71977723909106,329.1148838430436
3686.3930065213185,0.035600368119596694,272.73816661016497,329.1221232717778
3686.47448611785,0.05070742468380035,272.7804612591822,329.1387736182189
3686.5646273667376,0.06606478388285907,272.8272519469805,329.15719396941415
3686.687742418012,0.08504657798589277,272.89115861027955,329.1823525073585
3686.873935979458,0.11054971809356247,272.98780783985825,329.2204011161251
3687.1491669852307,0.1434348951604369,273.1306739513895,329.27664448024836
3687.550361974066,0.1846412793236995,273.3389237691205,329.35862848885364
3688.1304023606613,0.23511080086153022,273.640004805724,329.4771593566018
3688.966237814508,0.2955960679134122,274.07385546624647,329.6479615314184
3690.165202770471,0.3658325293718239,274.69618128854546,329.8929683456412
3691.8721127225717,0.4433011531044168,275.5821337168762,330.2417718764909
3694.270622098238,0.5210523749134517,276.82700682653956,330.7318998953846
3697.5563200752003,0.5840418769572352,278.5322617751984,331.40331710232755
3701.7262612236345,0.6051327354652275,280.69629218482044,332.25541583203756
3707.8070835727804,0.5224891275385881,283.85171840582655,333.49796811520457
3710.4553637642975,0.4355311040905366,285.2258503068025,334.0391073090744
3712.6212035665408,0.3295390802158222,286.3496114592421,334.48166204935825
3713.6548253784695,0.2617066220103563,286.88589976686023,334.69286466025665
3714.5131552033204,0.19115018603626802,287.3312322868957,334.8682486576433
3714.917498008925,0.15069015894743412,287.5410178711012,334.95086847338894
3715.2586411105967,0.11056922326909199,287.71801246221474,335.02057450261054
3715.435111091102,0.08648617890177007,287.8095696601068,335.05663270423287
3715.5704404385183,0.06568344698719164,287.87978186191214,335.0842845989631
3715.675880910195,0.047533359482847606,287.9344868760841,335.1058292766454
3715.7573436978973,0.032224322785513064,287.97675163873424,335.1224745808875
3715.804187529283,0.023513149126642274,288.00105526872363,335.13204618543176
3715.839930093198,0.018367643202063355,288.01959930041136,335.1393494655065
3715.875672657113,0.01725410176016585,288.03814332185294,335.14665274434583
3715.909565659644,0.020790296158872783,288.05572774106116,335.15357810112675
3715.9374396259923,0.025488462070619597,288.07018934784577,335.1592735874868
3715.9648618147526,0.030633460270760415,288.08441655672874,335.1648767614171
3716.0163181296593,0.040445767826861136,288.11111316001404,335.175390824712
3716.0988276210096,0.05537831197429264,288.15392075094684,335.1922499748518
3716.1977687444823,0.0717275221502871,288.2052533326821,335.212466588832
3716.3390596609315,0.09272183056114212,288.2785576759404,335.2413365084639
3716.5512231762686,0.12054843449227158,288.38863173575436,335.28468776289867
3716.8634787273363,0.156092793036796,288.5506346013408,335.34849068776714
3717.316853911912,0.20024959369825054,288.7858510667495,335.44112830252476
3717.971588685109,0.25397699326746986,289.125532409717,335.5749091231941
3718.913849140933,0.3177913971688793,289.6143782898107,335.7674388110315
3720.2626687516954,0.3908557271509737,290.3141353958979,336.043038117435
3722.1761586061416,0.4694885527238534,291.30681466779674,336.4340111246252
3724.847764365249,0.5445558506046039,292.6927417028289,336.97987919736966
3728.454066177755,0.5972772027164372,294.5634675888772,337.71671347620577
3733.326094616563,0.5933597308137075,297.09062122495135,338.71213433862346
3737.5158418928067,0.5195268337121914,299.263734470568,339.56813175356507
3740.57665663048,0.41329727156899143,300.85122196303183,340.1934646561447
3742.2813097431335,0.3257455978215103,301.7353101528553,340.54172430618803
3743.472353066351,0.24503558659902827,302.35301203369056,340.78505129744326
3744.12854811313,0.18935971852722608,302.69332548842453,340.91910932262925
3744.6005690888514,0.14110423889990784,302.93812148794854,341.015540930163
3744.869023641279,0.10873543293213621,303.0773447252532,341.0703847529692
3745.061044023541,0.08211737518075021,303.17692813784913,341.10961341991737
3745.1854387303283,0.06258707717634511,303.24144016628617,341.13502651852184
3745.2875322626146,0.04470610447978819,303.29438656171743,341.15588360263575
3745.3601350333993,0.03096231143902804,303.33203880708106,341.1707158951299
3745.40610075724,0.022542651988277162,303.35587689735553,341.18010640128216
3745.4425759580745,0.01778429454097977,303.374793137563,341.1875580514711
3745.4775972964094,0.01758152029751133,303.39295538839195,341.19471268498364
3745.513264366728,0.021959256914014246,303.4114525109068,341.2019992354932
3745.55132545404,0.028780817554848407,303.43119117343934,341.20977486600987
3745.586646145774,0.035533603244740815,303.44950864511645,341.2169906497468
3745.6679306876854,0.05061023153132874,303.4916631476514,341.233596537022
3745.7579459857407,0.06595539316693219,303.53834540586723,341.2519860477478
3745.88069849223,0.08489503961548121,303.6020052123127,341.2770635270631
3746.066410919221,0.11035419824594346,303.69831602763816,341.31500323525705
3746.340940599613,0.14318701931542574,303.8406872223628,341.3710875722764
3746.7411386956965,0.18433410740459436,304.048229216931,341.4528448126308
3747.3197404412904,0.23473646145951166,304.3482891583586,341.571048049997
3748.153513271572,0.2951506765357647,304.7806756878385,341.74137959474956
3749.3495547530038,0.36532214608571323,305.4009233481441,341.98571717801275
3751.052399792077,0.4427525158056332,306.2839751711593,342.3335850859294
3753.4454550076093,0.520531757190139,307.52492104869117,342.82244571084226
3756.7244648139226,0.5836853154737973,309.22523030184567,343.492276746719
3760.890331705747,0.6051488998757698,311.3853181754524,344.3432475900625
3766.9592531311164,0.5234667411754522,314.5319936248946,345.58290536243436
3769.6247116781506,0.4363814571255099,315.9139398623676,346.12733955602283
3771.7969599655817,0.3304083742233616,317.0401442438031,346.57102309322045
3772.837574923568,0.262278840541764,317.57964281874615,346.7835663991298
3773.6979335213905,0.1916892817861236,318.0256843920962,346.9592911725937
3774.1049179509055,0.15103307887230863,318.2366786867495,347.04241560293553
3774.4469356955788,0.11086511873887016,318.41399138503704,347.11227068109355
3774.6243155833877,0.08668823751901382,318.50595041626076,347.1484993724465
3774.760113175642,0.06583436241537428,318.5763518276611,347.1762351082987
3774.8657247936944,0.047670340124603736,318.63110388487524,347.19780553910743
3774.947570070914,0.032295784309944925,318.6735347553984,347.21452184685563
3774.9944939593433,0.023563936421875865,318.6978613892253,347.2241057068391
3775.030236218313,0.018397693347160512,318.71639115089465,347.2314057981483
3775.0659784772824,0.01724111286022157,318.7349209056203,347.23870588696275
3775.099786112891,0.02073387730454676,318.75244769282966,347.2456108411427
3775.127605779121,0.025409718646074386,318.7668701510711,347.2512927961374
3775.1550970090643,0.03056384332996191,318.7811223350366,347.2569076690359
3775.206075200148,0.04028708971621836,318.8075507727758,347.2673195697278
3775.288549329469,0.05522572902714728,318.85030750506314,347.28416426110346
3775.3871760751954,0.0715392427212121,318.901438125061,347.30430797969984
3775.5278601090445,0.092468356901786,318.97437222438856,347.33304152777
3775.739169281982,0.12022129703992675,319.08391994939126,347.37619960236873
3776.0502082274197,0.1556814399396304,319.2451695320283,347.43972646276205
3776.501848372336,0.1997429966744799,319.4793090072063,347.53196949377576
3777.154089185208,0.2533649579144398,319.8174420260106,347.66518251621426
3778.092791260201,0.31707240137801523,320.3040775550301,347.85690062506643
3779.4366010266435,0.39004817763247457,321.0007180709732,348.1313538310451
3781.343198475077,0.46865084933035955,321.9890953289647,348.5207418265934
3784.0057531514612,0.5438210609412156,323.36932791394685,349.06450796966834
3787.6017567641165,0.5969029649392688,325.23339014366013,349.79888638811434
3792.451504862926,0.5939039646825384,327.74725396002646,350.7892617588148
3796.72001058443,0.5190600493268499,329.9597364023541,351.66089804263925
3799.746985523182,0.41403456526702265,331.52864741929847,352.2789868239801
3801.475719675025,0.3253117734468675,332.4246483418397,352.6319738190301
3802.652561348825,0.2455755721932494,333.0345962077778,352.87226697423563
3803.319100463171,0.1890465698299059,333.3800554492416,353.0083626872961
3803.7851841234383,0.14139659481623462,333.62161983913853,353.10352826139564
3804.0571940319796,0.10861172612607366,333.76259817199224,353.1590673669843
3804.2476117963693,0.08221428962701963,333.86128841984595,353.1979468486404
3804.3721316704564,0.06267479642301291,333.9258248383192,353.22337125908865
3804.474328434654,0.04478450955064988,333.9787915373368,353.2442377200504
3804.5471763955734,0.030996877413476936,334.0165472641452,353.2591117487293
3804.593154475546,0.022570811095960302,334.040376825281,353.2684995037699
3804.6296082657573,0.017799533563834534,334.059270122147,353.2759425960124
3804.664630955807,0.017568797062085393,334.077421701799,353.28309348495435
3804.700347777452,0.021936870758785015,334.0959330307344,353.2903860978436
3804.7380736118644,0.028691073426165833,334.1154855854525,353.2980889050147
3804.773158885213,0.035397818497382445,334.1336695838409,353.3052525631811
3804.8540479132507,0.05041275750215379,334.175592735116,353.32176835182094
3804.943811915372,0.06573394738992155,334.2221155722845,353.3400962000351
3805.0658313178014,0.08458836966734169,334.2853556628838,353.365009865899
3805.2505516123365,0.10995617461151846,334.3810921814156,353.402725601746
3805.523637948935,0.14268078007993162,334.52262662338165,353.4584835514899
3805.921801617977,0.1837071993810206,334.72898521125336,353.53977910047485
3806.497481135366,0.2339741694927605,335.0273447239632,353.65731849921025
3807.3270754269006,0.2942462649351453,335.45729899745254,353.8266995779598
3808.517206461476,0.3642892885659843,336.0741035675549,354.0696898004837
3810.2118488125725,0.441647289775288,336.95236860986626,354.41568073092395
3812.5939204495226,0.5194911130694737,338.18687972925875,354.90201064718264
3815.859500767389,0.5829886851039301,339.8792310746876,355.56869740424736
3820.0172643027813,0.6052257088241382,342.03388263515274,356.4174900455812
3826.063132883548,0.5254984765421544,345.1668708511378,357.6516542860376
3828.7641203672893,0.4381617308243238,346.56648496400015,358.2029856990501
3830.949693593183,0.3322296041978076,347.6989982544868,358.6490955917398
3832.0049915320624,0.2634786087789139,348.2458227218046,358.86449397350935
3832.8695649407914,0.19282197595447587,348.69381624325945,359.0409610825149
3833.2821345542943,0.1517514031279826,348.9075952825534,359.1251694985022
3833.625966076107,0.11148714717557257,349.08575618601884,359.19534762829664
3833.805271922584,0.08711162203942834,349.17866573738655,359.23194492915127
3833.9420440260837,0.06615181499349176,349.2495358223853,359.2598608030476
3834.0480174087306,0.047958143164546066,349.3044471384204,359.28149046858397
3834.130652685719,0.032448771161297164,349.347265520533,359.2983566960772
3834.177774726466,0.02366816428879797,349.3716823156044,359.30797450590313
3834.21352044226,0.018459511421588973,349.39020433945115,359.31527035521685
3834.2492661580536,0.017215787684852164,349.40872635863457,359.3225662010891
3834.2829218512206,0.020623635238912696,349.4261654063166,359.329435461703
3834.31072800608,0.025272102028206397,349.4405734517289,359.3351108060192
3834.3383588910224,0.030445585009957626,349.454890676436,359.3407503750006
3834.3884987098795,0.04001239260803502,349.4808711276012,359.3509840979737
3834.470935881472,0.05496579174148593,349.5235867568296,359.36780981568893
3834.5690237660474,0.0712178834594254,349.5744119242712,359.3878298753039
3834.708671663856,0.0920354647265068,349.6467717461771,359.4163324254493
3834.9185085286185,0.11966072936914095,349.7555004830094,359.45916065301094
3835.227457804908,0.15497579558082974,349.9155848584459,359.5222177546433
3835.6761296389914,0.19887447550357687,350.1480669044155,359.61379202161015
3836.324111928224,0.2523168219796999,350.4838215924432,359.7460447439701
3837.256744962157,0.3158426684391106,350.9670665792208,359.9363924793235
3838.592017590657,0.3886689975772516,351.6589343598675,360.2089136799049
3840.4868785288695,0.4672228491364485,352.64074039772123,360.5956351463058
3843.1340297462507,0.5425726309711665,354.01231816222406,361.1358746774373
3846.7124985499154,0.5962759638203939,355.8664044389145,361.86614961324443
3851.5238546246505,0.5948480259526228,358.35920995110456,362.84796869305234
3855.9166214625093,0.5186160785212667,360.6350748201692,363.7443113648249
3858.8949679981374,0.4154580003832557,362.17810265159636,364.352010158519
3860.6629622775254,0.3249075016320982,363.0940557221328,364.71273760737546
3861.8195321034927,0.24662106390138772,363.69324009978953,364.94870989738826
3862.503041229238,0.18872807088692772,364.0473439161051,365.0881628343078
3862.960591728571,0.14197380733041615,364.2843851422389,365.18151379134514
3863.2384901018054,0.10851512723587654,364.42835445514726,365.23821122708154
3863.4266871579575,0.08243395561234482,364.52585255891717,365.27660747275087
3863.5514499851643,0.06288021050969052,364.5904876194077,365.30206171372663
3863.6538927368574,0.04496721187189779,364.6435594299193,365.32296215513844
3863.727308673733,0.031078057483266815,364.6815934992552,365.3379405063679
3863.7733350463973,0.022633713748755238,364.7054380447729,365.34733081865085
3863.8097306050317,0.017834680519861347,364.72429322059713,365.35475624532717
3863.844756141857,0.01753998821880842,364.742438635713,365.3619021562425
3863.8805272452596,0.02187604862370118,364.76097029710536,365.3692001738927
3863.9173860906694,0.02845583724795743,364.78006547268427,365.376720108587
3863.9518036064947,0.035031860863111886,364.7978958839737,365.3837419600201
3864.0313966364315,0.049838548881310674,364.8391300044948,365.3999804929876
3864.1204767509757,0.06509744371257728,364.8852790002812,365.418154554127
3864.2403819023234,0.08370476568710088,364.9473972299156,365.44261747978896
3864.4222267938317,0.10880592884528004,365.0416039661828,365.4797172056166
3864.6911236050337,0.14121418167468097,365.18090872262485,365.53457695431734
3865.083411883337,0.18189102352714107,365.3841373130166,365.6146103768596
3865.650673367445,0.23176756487861436,365.67801159658484,365.730340468794
3866.46824601683,0.2916308271472847,366.1015598880641,365.897136202064
3867.64138666188,0.3613053005133821,366.7093088438903,366.136469043659
3869.3124620937215,0.4384571921675608,367.5750074826979,366.4773785732792
3871.662981512416,0.5164902952618535,368.79267771157805,366.9568844793553
3874.8899253859136,0.5809835664805056,370.46434812981283,367.6151535042699
3879.0231015867557,0.605475433565772,372.6054367740648,368.45823938609163
3885.0043169989535,0.5313565758469126,375.7037750071573,369.6781943762427
3887.809128060646,0.4434000617465032,377.1566673653557,370.25023716628044
3890.0345794185205,0.337579545389135,378.309437219528,370.704101426392
3891.1331381126342,0.2670388609033661,378.8784791992473,370.92813847137325
3892.010477780658,0.19616347015489657,379.33292989298883,371.1070579361615
3892.4395939887704,0.1538804688378381,379.55520589947383,371.1945684580056
3892.7888479473027,0.11332747467471521,379.73611408203584,371.26579207515493
3892.97389179647,0.08836440838483038,379.83196383193615,371.30352804452093
3893.113536816107,0.06709531243458593,379.90429766044963,371.3320057631397
3893.2205948957435,0.04881266817629429,379.9597519568907,371.35383800558344
3893.3054048956606,0.03293851665194232,380.00368210012726,371.3711331941232
3893.3533253779233,0.023975026516456444,380.0285040904698,371.3809055429836
3893.389143611525,0.01863971419468121,380.04705731934473,371.38820989440205
3893.4249618451267,0.017154285499629243,380.0656105451264,371.39551424168326
3893.4583443951533,0.020349602029981765,380.0829021261401,371.40232188071457
3893.4886756398228,0.025388285346901497,380.0986131816555,371.40850726981415
3893.5167355370027,0.030649814692705026,380.11314771682817,371.41422946499273
3893.5679102719323,0.0404086578726219,380.1396553281348,371.4246654133539
3893.650349315345,0.055331558171807745,380.1823572872855,371.4414770039176
3893.7492109847635,0.07167218755552467,380.2335658532249,371.46163759113915
3893.890327629306,0.0926474718069698,380.3066616952474,371.4904150641056
3894.1022837523965,0.12045707606974614,380.4164510021482,371.5336384880939
3894.4142222614796,0.1559791553383274,380.5780291185574,371.5972506843977
3894.867113970988,0.20010732625103628,380.8126178525128,371.6896062638423
3895.5211296733764,0.25380043738698405,381.15138387707566,371.82297472181773
3896.4623408695365,0.31757698722190775,381.6389091859983,372.0149063452346
3897.8096541240648,0.3906045110189163,382.3367821860434,372.28964522561114
3899.7210278657976,0.469211239281153,383.326816461958,372.6793949883708
3902.389774559487,0.5442818837776222,384.7091330935227,373.2235612996207
3905.9926046983937,0.5970684133739576,386.5752463829158,373.9581531745403
3910.8581619104575,0.5933531562694417,389.0953532837876,374.9501379950265
3915.0667746292997,0.5192355977276902,391.2751560492355,375.8081218134116
3918.1174197423006,0.4133202657313195,392.8551797588973,376.4300006299048
3919.8271060658512,0.3254956038597424,393.7406710689074,376.7785090881853
3921.0137882977724,0.24505916523946078,394.35528143403553,377.02040070945395
3921.672088764244,0.1891955092728208,394.6962293758498,377.15458567057897
3922.142300750236,0.14111292113530072,394.9397617349197,377.250430628401
3922.4114550719723,0.10865582629705779,395.07916204222,377.30529295735147
3922.6029443494467,0.08210600428143877,395.1783380122717,377.34432449529334
3922.7273338362556,0.06257571655423375,395.24276167531167,377.36967891807507
3922.829412383752,0.04469666608895329,395.2956300592735,377.39048564213755
3922.901992080267,0.030957250102846258,395.33322042570586,377.40527957817704
3922.947919139056,0.02254494737593691,395.3570068931091,377.4146408916914
3922.984412328827,0.0177842949285666,395.37590738353236,377.4220792943032
3923.0194455748656,0.017583119736123438,395.3940517399628,377.42922011246355
3923.055118280354,0.021963127788680183,395.4125272816458,377.43649126717116
3923.0933182294452,0.028811359636997033,395.4323117259265,377.4442775441993
3923.128780207579,0.035591294966558884,395.4506781230129,377.4515057374662
3923.2101205469035,0.050673698345034664,395.4928057403403,377.468085272702
3923.3002255272195,0.0660276490004404,395.53947270710796,377.4864512711254
3923.4232105774972,0.08499359528465968,395.6031688196488,377.5115191329283
3923.609288528378,0.11048729713757742,395.69954179528634,377.54944702927133
3923.8843392361464,0.14335925212443795,395.8419951714881,377.6055098472179
3924.2852351156407,0.18454575990735458,396.0496256119389,377.68722287057693
3924.864807827749,0.2349889803860083,396.3497951181487,377.8053539118759
3925.699941846682,0.2954427056067785,396.7823225720106,377.975572545753
3926.8978766246346,0.3656444239582008,397.40274723272535,378.2197337446437
3928.6033031341,0.4430797350503661,398.2860032129135,378.5673225839298
3930.9997351348343,0.5208087682549241,399.5271280758618,379.05573063810033
3934.2826860001624,0.5838055870400356,401.2273686617265,379.7247845083087
3938.449843496963,0.6049572445802937,403.3855121441056,380.57398242481327
3944.5239250968752,0.5225668409807147,406.5311852305244,381.81167069000315
3947.1751674547636,0.4356014026908348,407.904203347633,382.3518614884001
3949.342119216371,0.32961228844681906,409.0264098897107,382.79335947447873
3950.3763733199903,0.2617631211510267,409.5620198658246,383.00407404224586
3951.235108760257,0.1911921207210633,410.00673256982856,383.1790262718992
3951.639601936706,0.15072568870595146,410.2162067584335,383.26143372178166
3951.9809037352074,0.11059326625571289,410.3929559373737,383.3309667276871
3952.1574296723206,0.08650617012559275,410.48437294796304,383.36692998123965
3952.2928212594757,0.06569647206065184,410.5544877909159,383.3945129454952
3952.3982751278295,0.047545966113458724,410.60909885577314,383.4159967332015
3952.4797529196044,0.03223521791232907,410.6512934930511,383.4325959222899
3952.5265853833166,0.023525296612967504,410.6755464630509,383.442136927582
3952.562343460595,0.018373601902596133,410.6940643756177,383.44942178362885
3952.5981015378734,0.017252966904552212,410.7125822862037,383.4567066350887
3952.6319785207265,0.02078252253139583,410.7301260391632,383.46360825439996
3952.6599021425327,0.02548770074535356,410.74458674481593,383.4692970166921
3952.6873806952494,0.030643213932377025,410.75881696296074,383.4748951041954
3952.738959762194,0.04047816406727478,410.78552802358985,383.48540307861697
3952.821411445403,0.0553977518559668,410.82822696326895,383.50220057432426
3952.920410806055,0.07175389197476448,410.87949537185483,383.5223692187174
3953.061795659365,0.09275787764758933,410.9527137621482,383.5511727864675
3953.274144382071,0.1206016523858414,411.06268186051966,383.59443330284626
3953.5866319513852,0.15616145965251918,411.2245082961577,383.65809420423534
3954.0402914674987,0.20033060049868437,411.45944250192747,383.75051445234027
3954.69539911847,0.2540677450711637,411.79869900913417,383.8839727342292
3955.6381566743344,0.3178873220132929,412.2869178256123,384.0760282366903
3956.98763212946,0.3909474821656523,412.9857582580375,384.35093341733057
3958.9019574375184,0.46955785779542164,413.9771075935403,384.7408943728359
3961.57453596903,0.5445688237897308,415.3611156168256,385.28529445105397
3965.1815990832283,0.5971757499315822,417.2290346866987,386.02000648648703
3970.056854302804,0.5930221143174002,419.7536584152451,387.0129574556159
3974.2273161277285,0.5193974561808216,421.9132831241576,387.8622929235368
3977.2937697331035,0.41291118391538884,423.5011955186675,388.4867507288521
3978.991550266809,0.3256606443841475,424.3803579572862,388.83247468982626
3980.1848503102033,0.24476421337064258,424.9982828662276,389.07546344148375
3980.838021714366,0.18932044237900383,425.33651295736837,389.20846489114183
3981.3110018857597,0.14095248708420377,425.58143474964913,389.30477407185214
3981.5783876224077,0.10870082590458399,425.7198941187181,389.35921932966227
3981.770611095861,0.08204861671299085,425.8194324361576,389.39835983439104
3981.8949262120273,0.06252407995456254,425.883806014643,389.4236727800538
3981.9969437016766,0.04465078565894824,425.93663329197676,389.4444454577287
3982.0693833902974,0.03093654124275118,425.9741444162458,389.45919551589765
3982.1152855436135,0.0225311387689305,425.99791372240173,389.46854203177895
3982.151798385104,0.0177763012571283,426.0168210014923,389.47597670687526
3982.186837517684,0.017590729833123115,426.0349651550511,389.4831113035159
3982.222478120671,0.021975579604379337,426.053420763738,389.4903683656504
3982.260915520825,0.02887081303629345,426.073324623235,389.4981949002541
3982.2965588146953,0.03568592864758896,426.0917816221062,389.5054525004843
3982.3780798130033,0.05079406852054044,426.13399525060845,389.52205158881225
3982.46834986176,0.06616433976422036,426.1807393485852,389.54043210663855
3982.5917829075734,0.08518182351949333,426.2446560631,389.5655651258786
3982.7784924749285,0.1107339195139268,426.3413389058665,389.60358218872085
3983.0544551496278,0.14367398447972135,426.48423914265595,389.65977237846386
3983.456620719633,0.18493458113578595,426.6924901662774,389.74165888622645
3984.038003308388,0.2354593464122435,426.9935437348248,389.860035409559
3984.875712711311,0.2959969471792237,427.42732863547474,390.0306009578361
3986.077274779063,0.36627156905907465,428.04952321838505,390.27524578066283
3987.78771187183,0.4437414237299377,428.93522123616015,390.623491141571
3990.1908098289186,0.5214148265818209,430.1795869054385,391.11274393353244
3993.4817997857267,0.584175291984744,431.88370764297446,391.7827298080367
3997.6530418149446,0.6048200746970206,434.0436178432094,392.6318605648142
4003.7402914805575,0.5211809300324821,437.1956220615976,393.8709110624493
4006.3682989131125,0.4344033861176089,438.5564038138746,394.40579463723674
4008.526636962987,0.3283878964648628,439.67398567032154,394.84506584011547
4009.5510754053776,0.26096489344444235,440.2044356401306,395.0535563089784
4010.4071309892925,0.19043136299778304,440.6476968836356,395.2277749637494
4010.807864269387,0.1502482314457213,440.8551943027954,395.3093285358769
4011.14799543075,0.11017674588479918,441.03131216792593,395.37854843828836
4011.3232312581063,0.0862240838763384,441.1220481799288,395.4142104111537
4011.4579786006175,0.06548483811971026,441.19181948860006,395.4416325552068
4011.563192202321,0.04735432518023499,441.24629840392464,395.46304430251143
4011.6441144458126,0.03213961259422073,441.2881994055721,395.4795125497273
4011.6908318427368,0.023459030017494876,441.31238936141153,395.4890198580681
4011.726605527312,0.01833339337998938,441.3309127347519,395.4963000408031
4011.7623617423656,0.01727140278795325,441.349427061279,395.50357666349055
4011.796365159371,0.020861057761627905,441.36703379969754,395.51049657582774
4011.824486205863,0.025619045222208585,441.38159468578226,395.5162193848941
4011.8519282827565,0.030773996196474494,441.39580400531713,395.52180401648366
4011.9044297930677,0.04078020492076962,441.42298892592044,395.5324883890328
4011.9869192299698,0.055682670758151344,441.46570138319555,395.5492754634171
4012.086518261281,0.072106880964667,441.5172730609938,395.5695444039417
4012.2290515765408,0.09323364680120853,441.5910757926871,395.59855063711
4012.4430517827177,0.12122017026758113,441.70188353355036,395.64210058960913
4012.757866749387,0.156939993563376,441.86489234118665,395.7061664568383
4013.214813288941,0.201286498536691,442.1014956358471,395.7991558866195
4013.874620035725,0.25521703466602785,442.4431379916231,395.93342631961616
4014.8240561257116,0.31922901837848106,442.93474726014847,396.1266332975412
4016.182899960178,0.3924415264925358,443.6383426384779,396.4031473422505
4018.1100592527396,0.4710863542749662,444.63620302445725,396.7952969907933
4020.799381723697,0.545869497456618,446.02869693944547,397.342512254174
4024.4251487270258,0.5977476892865748,447.9060587916741,398.0802284468892
4029.3417212242985,0.5917752820212608,450.4517604004768,399.08049730033844
4033.344436326653,0.5205237572681076,452.5242705648526,399.8947743504804
4036.485870537022,0.4114979852867411,454.15082124983815,400.5337965397992
4038.1333349345855,0.32676706712078246,455.0038312765702,400.868904051845
4039.358293507258,0.2437520652482004,455.63807853506114,401.11806364185213
4039.9900323663637,0.19010546164881958,455.96517376757674,401.2465586000274
4040.476188370254,0.14041535811632866,456.21689041162995,401.34544111511167
4040.7362563632305,0.10903245592536442,456.3515455584671,401.3983377025764
4040.93209773552,0.08189084929528762,456.452946119237,401.4381707283538
4041.0561591124197,0.06239006591571314,456.5171812204833,401.46340403238537
4041.158022416701,0.04453074503221417,456.56992284561187,401.4841223431981
4041.230092374501,0.030882910340860943,456.60723840555687,401.49878086335565
4041.2759462408676,0.022492592384102842,456.63098009503506,401.50810720523157
4041.3125035154017,0.017754806855801185,456.649908300642,401.51554268228745
4041.347555560715,0.017611000273974768,456.66805714505364,401.52267200205443
4041.3830798412228,0.022003661203795145,456.68645049706527,401.5298973659896
4041.422070146653,0.029008346944918616,456.70663844641933,401.5378276869313
4041.4581062776824,0.03589966867312406,456.725296816551,401.5451571468081
4041.5399720554283,0.0510545614466592,456.76768432635663,401.5618079702637
4041.6306151262215,0.06646272422082299,456.81461643520925,401.58024399221875
4041.7550235217054,0.08559218063349806,456.8790311492941,401.60554753905166
4041.9430999143037,0.11127013131009338,456.9764111081568,401.6438004684261
4042.2210351036633,0.14435702468330508,457.12031704027555,401.70032956050807
4042.625959267583,0.18577872141787885,457.3299736941534,401.78268633468036
4043.211283728769,0.23648177463464579,457.63303558905386,401.9017332610669
4044.0546101597147,0.29720364523631543,458.069682053206,402.0732518830878
4045.264092102152,0.3676397861841861,458.6959108276879,402.3192356276348
4046.985480514406,0.44518921933132866,459.5871856749255,402.6693207732852
4049.403163799924,0.5227481312954152,460.8389742834599,403.16099444840904
4052.711765794757,0.585004041694158,462.55204191102507,403.83381332197223
4056.8933326445313,0.6045606525939333,464.7170872255067,404.68409212870597
4062.394391580434,0.5337444730671079,467.5652953957903,405.8025716079483
4065.330371341298,0.4421987752049832,469.0854102113043,406.39946852913164
4067.4943640965107,0.33937899147680717,470.2058226450548,406.8393955349377
4068.6411569882935,0.26583555946745385,470.79957635868834,407.07252430174316
4069.4892986824407,0.19731162745179406,471.23870251208115,407.24493764690794
4069.9376170349337,0.1531764634247036,471.4708196004521,407.3360722937836
4070.2763051749503,0.11383521791706375,471.6461755109824,407.4049206644299
4070.466857710968,0.08814825907564484,471.7448341305189,407.4436558979028
4070.6042571932953,0.06721608514619938,471.8159727322508,407.4715861694203
4070.711615629904,0.04889346120045814,471.8715575712716,407.49340970981837
4070.7965338062786,0.033004054484518805,471.9155239594627,407.5106716209342
4070.8446082867554,0.02400823357733685,471.940414521382,407.52044404389386
4070.8804483816944,0.018658323210863043,471.958970729483,407.5277294950852
4070.9162884766333,0.017149653737257135,471.97752693690546,407.5350149412019
4070.949648050792,0.0203257278865865,471.99479885420453,407.5417961513798
4070.979857746697,0.025335774380177322,472.0104399217407,407.54793706222665
4071.007965484573,0.03060353054935846,472.0249927002504,407.55365069188815
4071.058858962801,0.040309905976466984,472.0513427925165,407.5639961086853
4071.1412515531356,0.05523212686891797,472.0940015434136,407.58074451366156
4071.2399154608133,0.07155035182384507,472.14508476164013,407.6008004454911
4071.380642553772,0.09248349590875975,472.21794617665995,407.6294067158455
4071.592069721005,0.12024772478783474,472.3274125167841,407.67238438191913
4071.90324340972,0.1557163053293095,472.4885225399918,407.7356376106295
4072.3550270146943,0.19978189519189632,472.72243318744796,407.8274723666864
4073.007436030932,0.25340394035284564,473.06021731430036,407.9600871387824
4073.9463404411476,0.31710598669622997,473.54633376261893,408.1509346975637
4075.2903864847776,0.39006725910155177,474.24221093867084,408.4241278028766
4077.1972332017267,0.4686398406058042,475.22947547890715,408.8117044796808
4079.859970061069,0.5437535552283851,476.6080970025312,409.3528957461902
4083.455769148701,0.5967366035555015,478.4698024005099,410.0836838332086
4088.3070620550657,0.5935523725657716,480.98152342350943,411.06954949678254
4092.561356857673,0.5188278988806776,483.18414459175506,411.9340180135649
4095.590738111371,0.41364194791251613,484.7525736786747,412.5495414294323
4097.313997539307,0.3251401802793878,485.6447708043787,412.8996647914415
4098.491698225292,0.24530420992752133,486.25451069905404,413.1389374115976
4099.155823560701,0.18895116921490435,486.59835310462705,413.273864851948
4099.62229068936,0.14124328622939114,486.8398604000098,413.3686338877595
4099.893432181886,0.10854949829716944,486.98024034756594,413.42371950964747
4100.083882896728,0.08213953934928057,487.07884368810585,413.46241166426637
4100.208321071117,0.06260559579770954,487.1432699010007,413.4876925681019
4100.310433951447,0.0447238571300893,487.196137484978,413.508437811125
4100.383102446324,0.030968759525090938,487.233760628145,413.52320111028837
4100.4290123969895,0.022558049382193676,487.2575298912428,413.53252814463366
4100.465507273969,0.01779065465414264,487.276424625274,413.53994241301814
4100.500547706223,0.017578715698444543,487.29456633955647,413.5470611926431
4100.53624791277,0.021956537002724204,487.3130496426734,413.55431400632716
4100.57438900006,0.028792270827292722,487.33279667853935,413.56206270097437
4100.609836220089,0.03556904212302649,487.35114900031834,413.56926410778414
4100.691064814408,0.05063271628541583,487.3932040116168,413.5857663745922
4100.781120035042,0.06598181255814689,487.4398288870408,413.6040618134453
4100.9039506284735,0.08492936161090944,487.5034227647111,413.62901577947866
4101.089847798686,0.11040681586430463,487.599668498598,413.6667820841742
4101.364629607012,0.14325845277879065,487.74193302291474,413.72260566972267
4101.7651244115905,0.18441963411879192,487.94928368284866,413.80396807128443
4102.344102053099,0.2348321974387008,488.2490412661746,413.9215889692695
4103.178368028063,0.29525124143376646,488.6809706037628,414.0910700424947
4104.3750537445185,0.36541735893286975,489.3005371706987,414.3341718137389
4106.078714490642,0.4428229713514689,490.1825817898188,414.68025361732066
4108.472722871149,0.5205418218966782,491.42204177663274,415.16655313167433
4111.7525649735335,0.5835728407367802,493.12012505510745,415.83275660333976
4115.917037014806,0.6048323507418609,495.2762056998616,416.67858471225753
4121.984754665189,0.5227746510585083,498.417648294813,417.9108487869538
4124.640801830623,0.4357849116012437,499.7927617231335,418.45020648523905
4126.809409256737,0.3298099260288419,500.9155119423068,418.8905599134789
4127.845359001391,0.2618937872385458,501.45185239537125,419.10091131122346
4128.704627123416,0.19131445220405424,501.89671957913436,419.275383935806
4129.109720775748,0.1508054486338594,502.10644785152266,419.3576363423894
4129.451248162065,0.11066078136209076,502.2832660659671,419.4269813994953
4129.627980801471,0.08655307602407467,502.3747654515261,419.4628657027063
4129.763487772537,0.06573089080102855,502.44492116099326,419.49037934290214
4129.868980205018,0.04757764646434944,502.49953751008695,419.51179871272177
4129.950537382542,0.03225375953665168,502.54176191409493,419.5283581955254
4129.997379483271,0.02354058868555956,502.5660133630541,419.53786906877974
4130.033144655763,0.01838210625197738,502.5845299800593,419.54513086404154
4130.068909828255,0.017249978277424236,502.60304659676405,419.552392654176
4130.102762479729,0.020768060348872228,502.62057304828716,419.55926611974184
4130.130694896584,0.025471480422866476,502.63503443083056,419.5649375333527
4130.158211368568,0.030633286339887978,502.6492804670641,419.5705244902256
4130.209747094924,0.040460032416886414,502.6759619330697,419.5809883191665
4130.292164871792,0.05537486866122419,502.7186318865288,419.59772242654395
4130.391125662015,0.07172669880400225,502.769866611612,419.61781539177616
4130.53242734524,0.09272143848703976,502.8430223785012,419.64650516950724
4130.74468305152,0.12055753226074811,502.9529129854389,419.6896012434298
4131.057023198169,0.15610648676774794,503.1146200360321,419.7530179806829
4131.510450590767,0.20026076792201913,503.3493717786972,419.8450800124279
4132.16520723108,0.2539792700004803,503.6883570868266,419.9780176520717
4133.107446075084,0.31777700003702714,504.1761795733135,420.16932084145196
4134.45616714256,0.39081353496558563,504.87444853249633,420.44314611311074
4136.369415256612,0.46940184384908834,505.8649875505899,420.831572473402
4139.040500332876,0.5443992350914618,507.24787744884344,421.3738298462761
4142.645631529298,0.5970138111603522,509.1143449049202,422.10566269847965
4147.517842829957,0.592916721451557,511.6368078115756,423.0946269006004
4151.693612047958,0.519194877935395,513.7987023446581,423.94215110729874
4154.755767984043,0.41282423160148923,515.3840511781697,424.5636092005802
4156.454599188129,0.3255005411355199,516.2635747263188,424.9083671802114
4157.646045800928,0.2447104988084359,516.8804134945086,425.150150462221
4158.299640647915,0.18922032443713854,517.2187941991432,425.28278370081256
4158.77186031356,0.140920295735286,517.4632728716997,425.3786096184532
4159.039372449005,0.10864853966274839,517.6017698690466,425.4328945415676
4159.231353848322,0.08202554565378398,517.7011629145734,425.47185220643365
4159.355646375464,0.06250251460548553,517.7655119211872,425.4970740846049
4159.457637425639,0.044632119583767095,517.8183149555604,425.5177704220403
4159.530024568329,0.030927511646188212,517.8557913880211,425.5324594182173
4159.575895849537,0.02252862947073401,517.8795399693827,425.54176773266107
4159.612425141507,0.01777407376027863,517.8984519951869,425.54918034137546
4159.647473753269,0.017593917735807815,517.9165974398052,425.55629248198824
4159.683105808734,0.021981056990238713,517.9350449460292,425.5635230112107
4159.7216933088475,0.028905432021599526,517.9550225513887,425.5713532595268
4159.757468529493,0.03574593271661175,517.9735441770773,425.5786128294465
4159.839047297191,0.050860021561435945,518.0157793150049,425.59516691547975
4159.929414635475,0.06624009006370875,518.0625644899493,425.613504360256
4160.053093045046,0.0852853239194853,518.1265955435516,425.6386012729873
4160.240172802236,0.11087185340514445,518.2234508763538,425.6765635165283
4160.516663969326,0.1438510647594624,518.3665964680599,425.73266887523715
4160.919548306079,0.18515213096339095,518.5751785821934,425.8144212818319
4161.501940468821,0.2357195554362287,518.8766958255662,425.93259787119086
4162.341072366369,0.29629878781977576,519.3111328104707,426.1028686227271
4163.544619858313,0.3666056034267788,519.9342355964692,426.347079093026
4165.257771079967,0.44408124767548834,520.821171064925,426.6946826556147
4167.664425612018,0.5217024641360763,522.0671476721549,427.18298023912314
4170.9595646296575,0.5842984075589305,523.7731107848975,427.8515089637692
4175.1320366456475,0.604616604512719,525.9332863215461,428.697971395909
4181.225256740007,0.5202184052351773,529.0878706919851,429.9339672893169
4183.838153483713,0.4335774575092822,530.4406199367061,430.4639418398538
4185.990794397437,0.32755279067694776,531.5550852118234,430.9005419982069
4187.008639299136,0.26042210892901796,532.082043812838,431.10697555055486
4187.862937401525,0.1899130118380811,532.5243309430996,431.28023625690383
4188.261116154285,0.1499246816445257,532.7304759989559,431.3609901262586
4188.600472919317,0.10989348287209762,532.9061677380581,431.4298139190185
4188.774833518703,0.08603277885267066,532.9964376827955,431.46517522022344
4188.909148691826,0.06534105417171515,533.0659753144593,431.49241500265845
4189.01419909634,0.04722446166728447,533.1203619940214,431.513719694618
4189.094733065326,0.03207744496014169,533.1620560280472,431.53005231380246
4189.141370936046,0.023416983086040323,533.1862013792039,431.5395106533517
4189.177165010027,0.018307232498914514,533.2047326815582,431.5467698232992
4189.212851727793,0.017280947260321766,533.2232084034302,431.55400721589416
4189.246935822076,0.020902720408716505,533.2408544152896,431.56091958600786
4189.275232800169,0.025701454223552574,533.2555043222504,431.5666583057571
4189.302700310967,0.030865048693348645,533.2697247975133,431.57222880375264
4189.355851047069,0.04099139060732466,533.2972419879744,431.58300793241204
4189.438358872335,0.055880223313853714,533.3399579256978,431.59974074433455
4189.538379317135,0.07235209689494884,533.3917404936478,431.6200251266309
4189.6817173259,0.0935644223309474,533.465949423039,431.64909434318804
4189.896888991554,0.12165199438462783,533.5773480598345,431.69273140515537
4190.2133429525775,0.15748344234586084,533.7411825462307,431.7569082960657
4190.672589566108,0.2019518085898945,533.9789436131961,431.8500428350269
4191.335671797988,0.2560133874654807,534.3222344061729,431.9845134459705
4192.289748876172,0.3201530378544359,534.8161789689111,432.1779936364586
4193.65508222778,0.3934612641711661,535.523038994999,432.4548673887602
4195.591095332286,0.47211341149148645,536.5253511259349,432.8474555600952
4198.291889190504,0.5467114357150867,537.9236052195815,433.39510223753086
4201.930198317432,0.598041748029142,539.8072292950872,434.1328050176242
4206.875202019281,0.5907284090307999,542.3673548120992,435.1353679284132
4210.750048393661,0.5213736412272117,544.3734390548374,435.92089596350684
4213.94826418484,0.41047642922754407,546.0292185716053,436.569208844191
4215.55812593876,0.3276575349993876,546.8626759301874,436.8955297275552
4216.807266102756,0.24304808870163058,547.509380630932,437.1487247765532
4217.423243482691,0.19073518624451744,547.8282843910033,437.2735783022755
4217.919431980929,0.14004831379265897,548.085171072228,437.374150508098
4218.174148219754,0.10930594804795196,548.217042753084,437.42577843650906
4218.372769668432,0.08179201638922749,548.319873043438,437.46603644333936
4218.496635465803,0.06231260007470719,548.3840008411697,437.4911423636159
4218.598412340408,0.044461171767937346,548.436692762841,437.5117711123701
4218.67027152494,0.030851405166818828,548.4738956988361,437.5263359389137
4218.716080156252,0.022472936942198547,548.497611742912,437.5356206810005
4218.752670351463,0.017743344315553498,548.5165552184253,437.54303697438496
4218.787738081544,0.017623105491764955,548.5347104833644,437.55014468149903
4218.8231801443935,0.022017606406658466,548.553059547919,437.5573282553
4218.862518104894,0.02909035823607246,548.5734255966494,437.56530146315833
4218.898808483732,0.03603072222805377,548.5922138514794,437.57265696695777
4218.980786017167,0.05119619942874072,548.6346552600842,437.58927253765927
4219.071648955758,0.06662742004870778,548.6816968210118,437.6076890103653
4219.196590756831,0.08581742631486017,548.7463816913879,437.6330126726671
4219.385440874039,0.11156665918433503,548.8441531771565,437.6712893883474
4219.6644844353195,0.14473543950980108,548.9886196173385,437.72784652444994
4220.070943368327,0.1862450267200631,549.1990515538732,437.8102279193926
4220.658447017373,0.2370435071099379,549.5032139827496,437.9293024235135
4221.504865098848,0.29786168626843723,549.9414216388934,438.1008509559989
4222.718688012317,0.3683780333087171,550.5698422257915,438.34685859248145
4224.446049275003,0.44595699677612677,551.4641321011159,438.6969358095272
4226.871628361981,0.52342984810411,552.7199037555938,439.18849785971787
4230.189602826495,0.5853716298740341,554.4376872436609,439.86087259852485
4234.396117807204,0.6042221853493436,556.615487479246,440.71324353593945
4239.860947853081,0.5328041896180797,559.444745633183,441.8204829875935
4242.789166794737,0.44101874838941485,560.9607476128367,442.41372597973174
4244.939435534706,0.3384849599922006,562.0739885465489,442.8493382950903
4246.082297338111,0.26499798171317884,562.6656731684757,443.08085753227175
4246.925077194319,0.19675316745332574,563.1019988713616,443.2515832886827
4247.371902723294,0.15268107949620902,563.3333303243346,443.3420976266364
4247.708520467795,0.11351363981876744,563.5076047853946,443.4102864296647
4247.898424927513,0.08787728400320602,563.6059225352199,443.4487552599264
4248.0350539491355,0.06703684684075994,563.6766584118171,443.4764320285735
4248.142219452856,0.04872897147214998,563.732140372763,443.498140357603
4248.226725221199,0.03290848998324386,563.7758908864198,443.5152585113874
4248.2746179397445,0.0239528470600346,563.8006860111475,443.5249600249287
4248.31044320074,0.01862557264888403,563.8192335450874,443.5322170564703
4248.346268461736,0.01715990860097707,563.8377810791688,443.5394740829088
4248.379652386764,0.02037044887891327,563.8550646794716,443.5462365699154
4248.410049487498,0.0254261544415915,563.8708019345304,443.55239402054207
4248.438122033398,0.030691796485554097,563.8853357159456,443.55808058972076
4248.489660767593,0.040518088265225294,563.9120184652141,443.56852062424605
4248.572055691683,0.05542426222904276,563.9546761510549,443.58521107532255
4248.671128841095,0.07178904054230201,564.0059685263003,443.6052799403278
4248.812634517598,0.09280537235187764,564.0792291674342,443.63394413069716
4249.025197562952,0.1206681768368335,564.1892777955782,443.67700195410555
4249.337962626631,0.15624591898312012,564.3512032519518,443.7403568681661
4249.791978787889,0.2004307007901825,564.5862575745417,443.83232346498454
4250.447567825031,0.2541811741550643,564.9256707246684,443.96511969912797
4251.39097980632,0.31800889212974986,565.4140963542528,444.15621440439946
4252.741332693246,0.3910656077249636,566.1132046323889,444.42973168958656
4254.656792978276,0.46964899767546125,567.1048821753342,444.81770044448535
4257.330716047567,0.5445884161587571,568.4892339598163,445.3592684286283
4260.938873036947,0.5970463956711434,570.357261646747,446.0900082749436
4265.81852679401,0.5925805790027385,572.8835758009442,447.0781751988073
4269.961356155453,0.5192908189913475,575.0284208184388,447.91705561588066
4273.036700566535,0.41244168590441616,576.6206041447177,448.53973739798124
4274.725166041107,0.32561696730915496,577.4947658933169,448.88159433273296
4275.922151188038,0.24443942453889078,578.1144759780208,449.1239363655313
4276.571286229309,0.18931328132176697,578.4505500268236,449.25535810745873
4277.045824788951,0.14077278663780188,578.6962309907941,449.35143056819106
4277.311797389882,0.10867924566672806,578.8339319450623,449.4052775259092
4277.504386814922,0.08197079850414135,578.9336405218656,449.4442676633314
4277.628607415267,0.06245358002856605,578.9979527751557,449.4694163095598
4277.730540684053,0.04458875380651078,579.0507262959349,449.49005280669695
4277.802797292238,0.030907690523908484,579.0881354339257,449.5046812079383
4277.848640136024,0.022516239861227517,579.1118694749225,449.51396211327926
4277.885189703073,0.017766795360197776,579.1307921433778,449.5213615844189
4277.920246438102,0.017601259922485173,579.1489419337897,449.5284588263008
4277.955841092587,0.02199177509090137,579.1673702194057,449.5356649651033
4277.994659321223,0.02896155373702698,579.1874674340897,449.5435237108823
4278.030608681342,0.03583572763295483,579.2060793605478,449.55080164926625
4278.112308879456,0.05096515495905928,579.2483776963763,449.56734181365135
4278.202829567941,0.06636081845923111,579.2952426327341,449.5856676511512
4278.326901704189,0.08545100752896442,579.3594780364115,449.6107858985854
4278.514545107722,0.11108950060409764,579.4566259596369,449.64877395345627
4278.791846491402,0.14412876886307766,579.600192186876,449.70491284375646
4279.195854833764,0.18549455442687127,579.8093579651731,449.78670266078745
4279.779845200797,0.23613252882813612,580.1117052337174,449.9049279558363
4280.621246740552,0.2967833153085609,580.5473211777265,450.0752622108402
4281.827984052695,0.36715036737848644,581.172081367697,450.3195505697208
4283.545529197754,0.4446497883703063,582.0613008584094,450.6672354691156
4285.958002531252,0.5222110282303672,583.3103042781488,451.1555759628365
4289.260080202889,0.5845810725800503,585.019881823078,451.82395584785655
4293.435473686692,0.6044302734733031,587.1816020488099,452.66904387904606
4299.53991040001,0.5188889552460733,590.3420487187426,453.9044416775872
4302.131180643622,0.43244065461082554,591.6836277885582,454.42881107344743
4304.2757971508645,0.32639699432724134,592.793961692117,454.86277572863617
4305.2844596551,0.25967159762133724,593.3161776002821,455.0668730658353
4306.136278270825,0.18919691746254938,593.757190715875,455.23923079830695
4306.530938355046,0.14947609560367148,593.9615186241689,455.31908570617384
4306.869202909538,0.10950214185129586,594.1366488226472,455.3875291450683
4307.042359433966,0.08576758871781028,594.226297410307,455.4225649453778
4307.176068968235,0.06514259533451373,594.2955230526815,455.44961911879597
4307.280895171465,0.04704481329631248,594.3497948863281,455.47082912266575
4307.360892775301,0.03199124078384419,594.3912121720227,455.48701540436053
4307.407436332754,0.023355868860316646,594.4153092420908,455.49643276405675
4307.443256940403,0.018269666845090515,594.4338547025982,455.5036804970747
4307.478852939634,0.01729519018452554,594.4522838764923,455.5108827791602
4307.5130624093745,0.020965736524390387,594.469995200492,455.5178045144703
4307.5416548590365,0.025831557371269697,594.4847984158035,455.5235897327081
4307.569177504111,0.031011577198310457,594.4990477596119,455.5291584903254
4307.623331484551,0.04132318740070239,594.5270849884602,455.54011565494795
4307.705912646876,0.05619842784745498,594.5698398698393,455.55682456880356
4307.806602979968,0.07274571152219263,594.6219704439786,455.5771975336957
4307.951231495578,0.09409514094154403,594.6968492103289,455.6064605681165
4308.168253842386,0.12234135194305504,594.8092085656463,455.6503710665165
4308.487311428215,0.15834997094019276,594.9743948196189,455.7149261928708
4308.950235511173,0.20301440326356346,595.2140653697242,455.8085892122
4309.6185724566985,0.2572888496897796,595.5600847833394,455.94381175584954
4310.580112007485,0.3216384189941341,596.0579047270204,456.13835401133343
4311.955901633352,0.39510881509329243,596.7701955909657,456.4167025992267
4313.90621240516,0.47378657947987607,597.7799353489254,456.8112751504782
4316.625586199664,0.5481095448643123,599.1878455696003,457.3614141060116
4320.284323741852,0.598595538343898,601.082098147725,458.10154418641974
4325.274241284792,0.5891815762734034,603.6655525303537,459.11087612764953
4328.96708315214,0.5224246879756712,605.5774691951991,459.85778068993733
4332.239988162762,0.4089854155947303,607.2719721128736,460.51970565107325
4333.797222988102,0.32881284102657793,608.0782105542879,460.8346322499239
4335.078634151133,0.24206086337413066,608.7416452482232,461.0937707374765
4335.673178368148,0.19155376301483137,609.0494632558501,461.21400265342766
4336.182716808151,0.1395363419846622,609.3132706280214,461.3170431558012
4336.430197649099,0.1096573215493282,609.4414008664395,461.36708916456763
4336.632500674323,0.08164870478070578,609.5461408433681,461.40799906010284
4336.756057776513,0.062204125097786715,609.6101110633022,461.43298480789207
4336.857716372678,0.04436298952292745,609.6627435949958,461.45354219002394
4336.929274434858,0.030807487809772126,609.699791933949,461.46801262384525
4336.975038489508,0.022442340767887436,609.7234857317328,461.4772669965862
4337.011666648857,0.017726438514255094,609.7424495281923,461.4846739095995
4337.046752169127,0.017640424565529153,609.7606146418124,461.49176886667055
4337.082050102238,0.022033305081028572,609.7788897299724,461.49890677283145
4337.121787969725,0.029184446132621455,609.7994635421019,461.50694251147996
4337.158345880248,0.03617643453667177,609.8183909693632,461.51433519806386
4337.240432659637,0.051351049235025946,609.8608904330082,461.5309346462957
4337.3315428909655,0.06680866795952456,609.9080616845783,461.54935877099814
4337.4570709825275,0.08606523714902081,609.9730523821146,461.57474275236984
4337.646760049919,0.1118914133319617,610.0712616798255,461.61310109240395
4337.9270066613535,0.14514888814982882,610.2163561035818,461.6697714456108
4338.335143037219,0.18675500759828823,610.4276639995984,461.7523026135733
4338.925037915138,0.2376593479849628,610.733075332887,461.87158688001085
4339.774856760512,0.2985854778246269,611.1730594794568,462.0434287197955
4340.993464436924,0.3691936162619583,611.8039802017313,462.2898384613032
4342.727423179882,0.4468109599033362,612.7017188975551,462.6404453656513
4345.161747493464,0.5241986223861197,613.9620656672794,463.1326467671254
4348.490153407215,0.585809864841732,615.6853165161191,463.80558748217305
4352.723506250454,0.6039008687707927,617.8770991479105,464.6614296467851
4358.150027660336,0.5318662390865587,620.6866414136849,465.75838965961054
4361.070810444705,0.43981297745407844,622.1988587732417,466.34877297630413
4363.206666591921,0.3375891059729408,623.3046866086703,466.78047686940727
4364.345820445522,0.2641394026815885,623.8944777809561,467.0107179712489
4365.182951010434,0.1961942464379349,624.3278981378215,467.1799121943231
4365.628389477252,0.1521732326965279,624.5585218561328,467.26993960702083
4365.962833491918,0.11319057366086664,624.731678742327,467.3375334700968
4366.152115893854,0.08760074786396128,624.8296788690301,467.37578879739686
4366.287947248672,0.0668558403407255,624.9000049583957,467.4032412011643
4366.3949193170665,0.04856252498580606,624.9553892820641,467.4248609049468
4366.479002230446,0.032812902655326756,624.9989228473441,467.441854540913
4366.526725655799,0.02389526909031774,625.0236314455748,467.4514997050952
4366.562536868045,0.018591520720908236,625.0421725471065,467.45873734040066
4366.598348080291,0.01717091838969426,625.0607136489864,467.46597497079364
4366.6317681855235,0.020419092591243436,625.0780167657576,467.47272934171565
4366.6623802242075,0.025526475502371783,625.0938660183308,467.4789161845472
4366.690408332133,0.030788641744801934,625.1083774519886,467.4845807991792
4366.742647671331,0.04074496333257901,625.1354241482215,467.49513861139025
4366.825070092212,0.05563803626832382,625.1780980084451,467.51179654283897
4366.924593953985,0.07205387787049423,625.2296260699056,467.53191071555005
4367.0669638748495,0.09316248887260589,625.3033375031954,467.5606841831708
4367.280773383518,0.12113293044378146,625.4140364957319,467.6038956998902
4367.595291122226,0.1568307348634291,625.5768767821705,467.6674603214689
4368.0517777359955,0.20114789403209143,625.8132209269711,467.7597164437999
4368.710894250286,0.2550419522102096,626.1544760039444,467.89292274076445
4369.659314395484,0.3190113043937789,626.6455171467045,468.08459387986017
4371.016684389402,0.3921776693632951,627.3482910396472,468.35890582710323
4372.9417424663425,0.4707791243927724,628.3449844522548,468.7479302208297
4375.628153239605,0.5455347679198636,629.7358677863041,469.2907885375872
4379.250147458502,0.5974254392813345,631.6111505734214,470.02266194956053
4384.160852356916,0.5915584676762536,634.1536674875039,471.0148571674778
4388.173376906257,0.5201212469814764,636.2311566862447,471.8255093024082
4391.306545042106,0.4113125354179192,637.8533612937244,472.45846217124415
4392.95578708407,0.32645209579325873,638.7072610820707,472.7916219582995
4394.177240892452,0.24363473120508408,639.339672797756,473.03835853462584
4394.809660540372,0.18990957377935078,639.6671103160357,473.1661065884609
4395.294384800271,0.1403455485295879,639.9180781020634,473.2640193157626
4395.554649463863,0.10892918425940316,640.0528311268282,473.3165915660983
4395.750028149884,0.08184281255128312,640.153989201683,473.3560569825672
4395.874042819759,0.06234506780995192,640.2181982853472,473.38110718660374
4395.975851309086,0.0444916935558461,640.2709100349759,473.4016718346194
4396.047811663737,0.03086392849633241,640.3081677961922,473.4162073312683
4396.093609545304,0.022485783584761342,640.3318798332037,473.4254581781119
4396.130196739638,0.017749751812877856,640.3508230003736,473.43284852584037
4396.165267491795,0.017617903104955337,640.3689810238711,473.43993255849904
4396.200753591724,0.02201234827691514,640.3873540957237,473.4471004835996
4396.2400188494385,0.029070231765018172,640.4076838422473,473.4550317645758
4396.276280441146,0.0360048197831169,640.4264584289105,473.4623563228686
4396.3581848827325,0.05115882123966112,640.4688647882568,473.47890036201886
4396.448996649902,0.06658470221791415,640.5158829541382,473.49724357969916
4396.573797759503,0.08575813869728698,640.5804992457993,473.52245230945726
4396.762473075547,0.11149143989525645,640.6781866812576,473.56056295692593
4397.041258821848,0.14464060501122972,640.822529188773,473.6168748212096
4397.447339000566,0.18612632841844287,641.0327789718413,473.6988983306431
4398.034285673068,0.23689628073068944,641.3366732566293,473.81745368242554
4398.87989483061,0.2976823113049605,641.7744913874968,473.9882530956774
4400.092556983609,0.3681656424352012,642.4023533072149,474.23318657923284
4401.818280403287,0.4457168560229276,643.2958560246733,474.58173859535555
4404.241614033368,0.5231794918112967,644.5505517270826,475.07117107226213
4407.55670957586,0.5851509723876281,646.2669654093537,475.7406738299355
4411.757795131995,0.6041055706551665,648.4421112933892,476.5890479880515
4417.226957519932,0.5327728450838871,651.2738221720354,477.693400341227
4420.154538992112,0.4410573624537891,652.7896090962348,478.28450171887175
4422.306228916347,0.3384884767384448,653.9036714752976,478.71892412191283
4423.448735674082,0.2650387355519678,654.4952181643996,478.94958718235216
4424.292105699812,0.19675678069667765,654.9318834536973,479.11985377600956
4424.738756212678,0.1527067230246296,655.1631423853668,479.21002623990074
4425.075590983015,0.11351808935519943,655.3375428736647,479.2780279549768
4425.265452701729,0.08788930350112767,655.4358462100018,479.3163579039785
4425.402141725599,0.06704115661081343,655.5066187096086,479.3439530796547
4425.509309655982,0.048733714489885616,655.5621062875825,479.36558840273364
4425.593818493487,0.032913235208809115,655.6058618305485,479.3826492226375
4425.641711049776,0.023957397746465887,655.6306588216125,479.392317859679
4425.677541698925,0.01862799473304784,655.6492106045644,479.39955141119657
4425.713372348074,0.017159629099848733,655.6677623879186,479.4067849579182
4425.746749691196,0.020367468029967545,655.6850439406181,479.4135232231202
4425.777123100169,0.02541790684014826,655.700770167719,479.4196550462342
4425.80521185102,0.030686103533499823,655.7153134836532,479.4253256365428
4425.856734400296,0.04050926196848899,655.7419899540263,479.4357270621869
4425.939107787368,0.05541212569267291,655.7846398488734,479.45235666634034
4426.038161968103,0.07177470817205678,655.8359264448815,479.4723537686746
4426.179625332775,0.09278615402142171,655.909170955192,479.5009123925061
4426.392145141723,0.12064524092337608,656.0192058821984,479.5438157507313
4426.7048377817255,0.15621713466523185,656.1811066361032,479.6069416271194
4427.1587349308265,0.20039327190261366,656.4161179484475,479.69857298832164
4427.814139893691,0.2541322489227606,656.7554627371804,479.83088277082305
4428.7572748898665,0.3179454776715348,657.2437838807438,480.0212751999968
4430.107217077929,0.3909846601580311,657.9427355406816,480.29378478782456
4432.022076109437,0.469547885931236,658.9341818680542,480.6803211342513
4434.695132192963,0.5444659799746341,660.3181977619755,481.21988545874416
4438.302062689388,0.5969051103906617,662.1857450730192,481.94791300255696
4443.180244051834,0.5924284977046307,664.7115099044844,482.9324546581255
4447.321785247743,0.5191377975473668,666.8558722101287,483.7682543101441
4450.395773358598,0.4123083041560901,668.4474920226502,484.3885712940623
4452.083395603438,0.3255077927372535,669.321294036004,484.7291110388179
4453.279794984019,0.24435369673421165,669.9407556112709,484.9705221705784
4453.928559477228,0.1892489333218026,670.2766676110139,485.1014285652273
4454.402866621181,0.14072406109654384,670.5222505911782,485.1971323248115
4454.668696756056,0.10864284652704122,670.6598900360735,485.2507700817777
4454.861192058323,0.08194390469925038,670.7595587602415,485.28961057299176
4454.985382924737,0.06242892094143388,670.8238613499842,485.314668952328
4455.087286522697,0.04456723847874305,670.8766242133984,485.33523031738343
4455.1594812412895,0.03089747310345406,670.9140046431635,485.34979721819695
4455.205299175894,0.022511670876597323,670.9377279041424,485.3590420023392
4455.2418630870525,0.017763722327574616,670.9566596878852,485.36641957652915
4455.276927772493,0.017604983598955817,670.9748152143538,485.3734946442909
4455.312504504622,0.021997067051921042,670.9932358648795,485.3806730240491
4455.351463412292,0.02899422233217999,671.0134077130809,485.38853382595977
4455.387526026961,0.03589017494989302,671.0320799410676,485.39581023315543
4455.469268433319,0.051023135605264724,671.0744039078323,485.41230350186424
4455.5598786591545,0.06642801292885134,671.1213193898583,485.430586012956
4455.684168730008,0.08554275190463839,671.1856733733998,485.4556640890784
4455.8721364104085,0.1112110998751767,671.2829978831071,485.4935903234819
4456.149900338802,0.14428423615317723,671.4268164484879,485.5496345064698
4456.554541705892,0.18568532410233132,671.6363287268558,485.6312781299869
4457.139424256226,0.23636059031527537,671.9391650754501,485.7492875662865
4457.98208469526,0.2970475713929138,672.3754720326227,485.91930561281004
4459.190579946037,0.3674419964171511,673.0011988424142,486.1631311802092
4460.910527236537,0.44494450157329446,673.8917427890751,486.5101378687806
4463.3261418373995,0.5224558278369907,675.1424868063854,486.997480052221
4466.631855250151,0.5846736779048566,676.8541045433203,487.66436200835045
4470.810220825066,0.6042195846728939,679.0175654401039,488.507232199295
4476.30890233144,0.5333872526297769,681.8646641710592,489.61634252367395
4479.241125864365,0.44190881133573884,683.3829104220217,490.20774092495583
4481.403754934043,0.339104788357831,684.5026780177781,490.6439002171912
4482.548560407069,0.265656477308227,685.0954368352981,490.8747778348171
4483.396242267894,0.19714271777328107,685.5343509001643,491.04573024336
4483.843719472253,0.15307362944568434,685.7660464581215,491.1359721329986
4484.182207560709,0.1137428461936944,685.9413094791051,491.20423390835265
4484.372464546372,0.08808780838817512,686.0398211283277,491.2426022237869
4484.509746013565,0.06716847117250875,686.1109030134062,491.27028711050224
4484.617048552078,0.04885138629113796,686.1664623505682,491.2919262446024
4484.701842382289,0.03298382423852094,686.2103670835186,491.30902613723634
4484.749858623702,0.02400036687415477,686.2352290380139,491.31870928975565
4484.785705016817,0.018653141383302894,686.2537896623511,491.32593821520686
4484.821551409932,0.017152263605148255,686.2723502871243,491.3331671359902
4484.854903767364,0.020333299226269613,686.2896195449723,491.3398930958036
4484.885121561056,0.025346394905703208,686.305265781758,491.34598692440545
4484.913252496347,0.030618867403758725,686.3198314806131,491.3516599066801
4484.964313276934,0.04035609541816512,686.3462698469503,491.3619569939833
4485.046657981663,0.05526580125966077,686.3889064760748,491.3785628818123
4485.145408717042,0.07159388211511544,686.4400378602214,491.39847722804694
4485.286286356282,0.0925423689774358,686.5129818158022,491.4268869408497
4485.49797369015,0.12032936932970464,686.6225897943639,491.46957616606284
4485.809486996337,0.155819560522623,686.7838859334034,491.5323961695432
4486.2617098236005,0.19990399711847223,687.0180390588541,491.6235911321234
4486.914713577838,0.2535418518389932,687.3561531833356,491.7552741368564
4487.854427426421,0.3172527969891771,687.84272112231,491.94477162379695
4489.199558260523,0.3902076608489114,688.5392076412456,492.2160176814873
4491.107804320034,0.46874291697498005,689.527266971777,492.60080485575367
4493.772184884004,0.5437609895289979,690.9068427392331,493.1380402874794
4497.369264726296,0.5965472842661048,692.7693598478527,493.8633009051571
4502.226228111343,0.592954270107428,695.2842338478268,494.8425112629629
4506.445409322125,0.5186245138140173,697.4688788813557,495.69306969080475
4509.484983414765,0.4129959582493642,699.0427402771385,496.3057876540761
4511.196281265998,0.32502834947793563,699.9288347760121,496.65073683696534
4512.378176663867,0.24485922944926167,700.5408100790526,496.88896734899885
4513.037128183821,0.18890751521419297,700.8820097359142,497.021787723806
4513.50538395102,0.14099576523045476,701.1244687977991,497.1161699078908
4513.774704899836,0.10850315563341704,701.2639210486863,497.1704541999653
4513.965554836081,0.08202899956643347,701.3627416469816,497.2089217287076
4514.0898652558935,0.06250432606457071,701.4271086129869,497.2339775466831
4514.1918568599685,0.044634739275452105,701.4799190742541,497.25453477700245
4514.264260184312,0.030927634850664628,701.5174089560364,497.2691282283258
4514.310096664016,0.022534889296932526,701.5411427319259,497.27836691645456
4514.346639792046,0.017776337124643295,701.5600644824734,497.28573245408614
4514.381700300753,0.017593617459499618,701.5782185445789,497.29279915433904
4514.4173454519605,0.02198153414829082,701.596675330518,497.2999836890248
4514.456014377529,0.02892104443236347,701.616697804132,497.3077776818764
4514.491882553813,0.03577918860171142,701.6352700716737,497.3150071593045
4514.573437935311,0.05088633146275982,701.6774988265543,497.3314451897843
4514.663851630721,0.06627107310040119,701.7243143515582,497.34966864462814
4514.787628089801,0.0853266483621281,701.7884048668845,497.3746165290586
4514.9748867891,0.11092981145906336,701.8853660166793,497.4123595338742
4515.251625751064,0.1439265054288026,702.028659397558,497.46813754045456
4515.654824732346,0.18524257302687908,702.2374328856141,497.5494036534083
4516.237638281189,0.2358227094943546,702.5392095848537,497.6668706600111
4517.077343042889,0.2964101080357838,702.9740029294395,497.8361123680044
4518.2816612354945,0.3667149836863243,703.597591025602,498.0788371735702
4519.9958172759225,0.4441680171323464,704.4851706985381,498.4243085265738
4522.40368934375,0.5217271624315155,705.7319540751847,498.9095738445175
4525.6999782263665,0.5841905362205047,707.4387582297236,499.57385084202224
4529.871054107648,0.6042834855450022,709.59852873447,500.4143618811746
4535.964609943538,0.5194276292873533,712.7537644666997,501.6421597527115
4538.566577720006,0.4329040505550256,714.1010641450521,502.16639330521815
4540.714761891616,0.32689510472901934,715.2133963299093,502.59918240789915
4541.727639646029,0.2599901154818533,715.7378661353943,502.80323861352326
4542.5805479366845,0.18950720026277862,716.1795037635645,502.9750642704814
4542.976775558178,0.14966926554119514,716.384671310052,503.0548868346916
4543.315521255581,0.10967192723554271,716.5600746319054,503.1231288621563
4543.4892107745,0.08588221536088275,716.6500114905696,503.15811933392655
4543.623189011828,0.06522803992966326,716.719385757559,503.1851097311489
4543.728111228527,0.04712283588811251,716.7737147486899,503.20624664444557
4543.808334377702,0.03203051543240515,716.8152545023513,503.22240782607844
4543.854905079594,0.023386706745574422,716.8393689330118,503.23178961605794
4543.890723157091,0.018287793393577896,716.8579156272938,503.239005256464
4543.926358092987,0.01728855865983246,716.8763674908253,503.2461839980531
4543.960507929657,0.02093526384099921,716.8940503664926,503.2530635587122
4543.988988339009,0.025774040958320928,716.9087975980284,503.25880099746666
4544.01651493649,0.03095207006628213,716.9230509435196,503.26434628608365
4544.070289334414,0.04119344147966965,716.9508954707615,503.27517923936824
4544.152813323927,0.056068680181484976,716.9936266155014,503.29180383195927
4544.253239329163,0.07258611934772788,717.0456274755979,503.31203478250546
4544.3973522817305,0.09388031198106803,717.1202495626978,503.3410664638249
4544.613660036223,0.1220653051194369,717.2322543325197,503.38464171426574
4544.931694355961,0.15800293968615103,717.3969334368483,503.4487095069685
4545.393148180093,0.20258555681998686,717.6358756450571,503.5416684256384
4546.05936350051,0.25676799815552775,717.9808441178893,503.6758748015136
4547.017866681461,0.32102203602287516,718.4771604760946,503.8689586412193
4548.38936769558,0.39440893964717005,719.187329145822,504.14523241817113
4550.333754200915,0.473046900024817,720.1941413343335,504.53689633680574
4553.0452995363075,0.5474333220572662,721.5981940859824,505.08306931762047
4556.695018360692,0.5981852964096759,723.4880422102749,505.8181731788555
4561.667015612515,0.5894896007726763,726.0625822680861,506.81952720727963
4565.41576263539,0.521965306999173,728.003719328757,507.5744630940907
4568.665265970428,0.409331225105173,729.686347264322,508.22881990623034
4570.238037720848,0.3283748466522328,730.5007468163537,508.54551785197003
4571.509317075914,0.2422887379028116,731.1590307335977,508.8015001181121
4572.110034001644,0.1912568892917124,731.4700894667003,508.9224573223705
4572.615396616221,0.13965098274667376,731.7317726451892,509.024213512877
4572.86493974038,0.10952313875867001,731.8609892769593,509.0744593990499
4573.066067520054,0.08167031647212641,731.9651358382743,509.114956624913
4573.1896963471945,0.06221693878824789,732.029152448452,509.13984931019274
4573.291366322566,0.04437555679935984,732.0817984844638,509.1603205371965
4573.362970174507,0.030812060669967972,732.118875892807,509.1747379353806
4573.40871562512,0.02244961627044978,732.142563484674,509.18394874864947
4573.445348225045,0.01772968872752498,732.1615323239592,509.1913246908116
4573.480439855967,0.017638340559137804,732.1797032297934,509.1983903558367
4573.515760543687,0.02203173829068926,732.1979927446797,509.20550213690484
4573.5555129243685,0.029185133392545637,732.2185770487805,509.21350622922836
4573.592100979672,0.03618271419027633,732.2375228241968,509.22087318373315
4573.674143523699,0.05134869414772303,732.280005532404,509.237392320004
4573.765257804728,0.06680679209839185,732.3271857081472,509.2557380087768
4573.890778113782,0.08606185895365884,732.3921817835818,509.28101123927803
4574.080481568829,0.11188935444675442,732.4904127512033,509.31920749741397
4574.360741485761,0.14514703152484093,732.6355350805723,509.3756368164942
4574.768877069201,0.1867507581888136,732.8468731886662,509.4578129506059
4575.358753630724,0.2376499523178338,733.1523193306916,509.5765807347696
4576.208528984774,0.29856743206368774,733.5923448362089,509.7476753193122
4577.427051312732,0.369161793415995,734.2233131063213,509.9930094077689
4579.160851516773,0.44675752866551455,735.1211005344453,510.34207933211866
4581.594882443953,0.5241114719408,736.3814796105529,510.83211075383264
4584.922710524513,0.585670674871773,738.1046841711224,511.502052832005
4589.156836809094,0.6036829922828871,740.2971906733897,512.354391246912
4594.578138998928,0.5315885946974012,743.1044474760141,513.4456206236343
4597.496342579042,0.43954453916398895,744.6155549768113,514.0329708547434
4599.630023528284,0.3373648001151579,745.7204220026405,514.4624008408108
4600.767877072477,0.2639637706667565,746.3096283145511,514.6914017334366
4601.60418964396,0.19605656762570117,746.742690183507,514.8597125976103
4602.049100650449,0.15207116383029823,746.9730754294496,514.9492515376652
4602.383219548571,0.11311348661389664,747.1460899967925,515.0164929717517
4602.572301939927,0.08754316244968345,747.2440012919891,515.0545456373073
4602.707993938129,0.06681445185758203,747.3142657978088,515.08185345775
4602.81491946292,0.04852532625510496,747.36963435226,515.1033720222762
4602.898898636092,0.03279366028511823,747.4131207484174,515.120272648505
4602.946580251091,0.02388524216961559,747.4378114141584,515.1298684592545
4602.98239385856,0.018585285459178695,747.4563565460003,515.1370758568229
4603.018207466028,0.017173502573898464,747.474901678303,515.1442832500105
4603.051631684113,0.020428816773360888,747.4922095287325,515.1510097809916
4603.082276652464,0.02554449893103387,747.5080782182879,515.1571769923362
4603.11030981638,0.030808387052355612,747.5225944540168,515.1628185827748
4603.162716002412,0.04079549533882489,747.5497316181843,515.1733651638574
4603.245127725962,0.055682429738927404,747.5924063622417,515.1899502465765
4603.344751338402,0.07210944418321796,747.6439938336375,515.2099991331911
4603.48730802952,0.09323755757414061,747.7178130785232,515.2386880854793
4603.701403087574,0.12123248841958648,747.8286766048144,515.2817737117975
4604.0163105889815,0.15695584027283627,747.9917432481138,515.3451470851761
4604.473330181004,0.2012989217577756,748.2283989974909,515.4371191199086
4605.133193608561,0.2552187952485802,748.570092301418,515.569910817481
4606.082657894079,0.3192100473067004,749.0617482349454,515.7609795289022
4607.441466416032,0.39238611057695094,749.7653732330268,516.0344186901301
4609.368447888648,0.47096923184835915,750.7632135130924,516.4221830717717
4612.057263531917,0.5456500409299287,752.1555532290553,516.9632294019428
4615.68160603957,0.5973639561995862,754.0323375449569,517.6924845767682
4620.5990068868205,0.5911006540105501,756.5787105781375,518.6818452628256
4624.572970600591,0.520216431352339,758.6365507764466,519.4813305511013
4627.721460471442,0.41087692555601424,760.2669393380203,520.1147084904618
4629.358812494901,0.3266032117444965,761.1148138884429,520.4440794342048
4630.586801395925,0.2433385575731171,761.7507074265014,520.691096667043
4631.214185227273,0.1900297783334575,762.0755878717524,520.8172966785012
4631.701635972468,0.140186819724276,762.3280063570305,520.9153478447155
4631.96017327448,0.10897249639878573,762.4618857524458,520.9673525368241
4632.15627513792,0.08178593091452821,762.5634339733696,521.0067982114164
4632.280202996057,0.062296533167877255,762.6276080444102,521.0317260973999
4632.381955149652,0.04444874089643267,762.6802987835504,521.0521933380896
4632.453789047673,0.03084393179688106,762.717496830733,521.0666425609934
4632.49955158434,0.022474499553794575,762.7411942370353,521.0758475806502
4632.536161264963,0.017743001874999276,762.7601519820456,521.0832115211658
4632.571244477152,0.017625475727942853,762.7783192699341,521.0902684123631
4632.606676571573,0.022020416903842453,762.796667221432,521.0973954760593
4632.646168079416,0.029122349330502822,762.8171172767048,521.1053390740964
4632.682595999662,0.03608890702901888,762.8359809018951,521.1126664360547
4632.764544661483,0.05124462883199422,762.8784167284425,521.1291501361777
4632.855495700344,0.06668524575862415,762.9255142972803,521.1474446080102
4632.980621958986,0.08589523388739115,762.990308972481,521.1726132560196
4633.169776790399,0.1116724550157628,763.0882598529354,521.2106608962808
4633.4492461224645,0.14487145532544815,763.2329787130683,521.2668746705925
4633.85626740795,0.18640972881267245,763.4437484246787,521.3487443748074
4634.444544936202,0.2372356367222532,763.7483789986171,521.4670716192795
4635.292035657972,0.2980763951333551,764.1872394023513,521.6375354492926
4636.50732926712,0.36860179962510164,764.8165614842014,521.8819747504559
4638.236653679207,0.44615954456948476,765.7120678386113,522.2297956191168
4640.6647038190995,0.5235506283808442,766.9694013056196,522.7181350402304
4643.985268971759,0.5852994420542276,768.6889152194166,523.3859488340228
4648.202078793227,0.6037723355913872,770.872544126487,524.2339573844735
4653.645789269885,0.5320481787707819,773.6915195490219,525.3286104610995
4656.5673747561605,0.4401877779813498,775.2044401078153,525.9160593278525
4658.709360559166,0.3378262738843193,776.3136529132221,526.3467345903146
4659.848881902601,0.26443056637928497,776.9037469744593,526.5758446002278
4660.688471922231,0.19634558334919522,777.3385237575776,526.7446482344745
4661.133981142832,0.15234824683828782,777.569228205569,526.834219070928
4661.469354271653,0.11328210129079005,777.7428993439361,526.901646314462
4661.658728461625,0.08769274273524806,777.840965749102,526.9397200998075
4661.794868125735,0.06691003718790817,777.9114649494871,526.9670909810956
4661.901894282004,0.048613740142137034,777.9668878794829,526.9886085482168
4661.986095547655,0.03284507305295222,778.0104910632647,527.0055371533317
4662.033861042819,0.02391756630480693,778.0352261755376,527.0151403620495
4662.069684170086,0.018604285384862675,778.0537769954875,527.0223425637736
4662.105507297352,0.017167507640864974,778.0723278158986,527.0295447612551
4662.138906739944,0.0204013515980989,778.0896235442034,527.0362596759701
4662.169422608562,0.025486355201553613,778.1054260290158,527.0423948486449
4662.197488116,0.030753475999925266,778.119959607254,527.0480373769168
4662.249509971465,0.04066922592458071,778.1468988574762,527.0584962862235
4662.331891082991,0.05556063243709774,778.1895594942533,527.0750588562119
4662.431262122031,0.07195902909497971,778.2410182812416,527.0950371898305
4662.573330154677,0.09303476586231745,778.3145874952958,527.1235996054756
4662.786731899838,0.12096987719822624,778.4250965261579,527.1665033567543
4663.100657524192,0.1566254517487236,778.5876613769051,527.2296168450418
4663.556282379077,0.2008923884308135,778.823604544764,527.3212178164267
4664.214145403756,0.2547283022606673,779.1642759200386,527.4534764944586
4665.1607597457505,0.31863468972233755,779.6544761239757,527.6437840624397
4666.51556081425,0.39174093604742644,780.3560546437283,527.916148441808
4668.437035947526,0.47030127855502324,781.3510842741554,528.302424580206
4671.118633834152,0.5450659771989532,782.7397432007308,528.8414886629218
4674.734815885658,0.5970693620953982,784.6123783273309,529.5683886538061
4679.634833177547,0.591545767853955,787.1498532965726,530.553287909146
4683.67894306942,0.5196185076169324,789.2441028947388,531.3660913225084
4686.794478366389,0.411354753599515,790.8574924440156,531.992229210479
4688.452327150409,0.326028803909631,791.7160159549484,532.3253988403396
4689.666316236123,0.2436805997518446,792.3446855983285,532.5693625150321
4690.3023643761935,0.18963299016115936,792.6740661645879,532.6971810583368
4690.784007427071,0.14036361479482826,792.9234874143399,532.7939698895847
4691.045480914888,0.10879515295572692,793.0588927953835,532.8465141150673
4691.239956196955,0.08182485719801555,793.1596028292596,532.8855946178427
4691.363969139479,0.0623260379212252,793.2238235820616,532.9105153975046
4691.465753286511,0.04447566158701867,793.276533040625,532.9309691954331
4691.537671857086,0.03085570164257058,793.3137764547868,532.945421405186
4691.583438667598,0.02248406537153327,793.3374770419148,532.9546183470908
4691.62004103916,0.01774806138935875,793.3564317759518,532.961973669796
4691.6551224494615,0.017620812462513787,793.3745988725083,532.9690233480834
4691.690592509172,0.022015775967851876,793.3929672336945,532.9761511221647
4691.72998843323,0.029098740059994823,793.413368625374,532.9840678011502
4691.76635899334,0.036054141723934195,793.4322033165149,532.9913765235456
4691.848262184439,0.05120410130386925,793.4746173284551,533.0078350854288
4691.939151717239,0.0666381811392149,793.5216849690162,533.0260994398363
4692.064124952121,0.08583054648962499,793.5864030455239,533.0512129088773
4692.253070194241,0.11158852077475923,793.6842493881567,533.0891815062821
4692.532236388465,0.14476485800681774,793.8288171750838,533.1452798160135
4692.93882808539,0.1862775136444356,794.0393730265027,533.2269837649905
4693.526486963589,0.23707438799227187,794.343695664665,533.34507192447
4694.3730914573525,0.2978842579936052,794.7821150435401,533.5151924002339
4695.58712923235,0.36838096754320954,795.4108124682524,533.7591424957253
4697.314706775599,0.4459207073610946,796.3054507358856,534.1062756011335
4699.740410018954,0.5233207844281966,797.5616201358724,534.5936712099572
4703.058089376701,0.5851343589664869,799.2797097327325,535.2602604132315
4707.268333082245,0.6037715490413598,801.4600273003283,536.1061327667601
4712.7198311761385,0.5321830731599222,804.283150435149,537.2012984443005
4715.642349577201,0.44039446603752525,805.7966156925548,537.7883714713089
4717.787190047803,0.33797084156518314,806.9073519551787,538.2192077835047
4718.927172908961,0.26458367859146603,807.4977090209688,538.4481913154377
4719.767894998648,0.19643669141639017,807.9330897443327,538.6170609374428
4720.213561871604,0.15243951538519634,808.1638852157715,538.7065778255051
4720.549366855312,0.11333568499577913,808.3377870581205,538.77402737558
4720.738825204164,0.08774170123436073,808.4359010333254,538.8120816855605
4720.875116017005,0.06694070513126706,808.5064813746301,538.8394567757592
4720.982174058814,0.04864226510777955,808.5619230702454,538.8609601904968
4721.066445121556,0.03286208662924316,808.6055641721867,538.8778866429326
4721.114237569289,0.023928445169355075,808.6303142478368,538.8874860916236
4721.15006475187,0.01861063487347773,808.6488679220406,538.8946822280078
4721.18589193445,0.01716561983225086,808.6674215967004,538.9018783602877
4721.2192830523045,0.02039239515029519,808.6847137170199,538.9085851887726
4721.249755561449,0.025467126996650987,808.7004943898446,538.9147057921424
4721.277833809223,0.030735672883777626,808.7150351566848,538.9203454897806
4721.3297351971805,0.04062901276513862,808.741913116013,538.9307702125456
4721.412104166542,0.05552136797703295,808.7845691989706,538.9473145244851
4721.511394818173,0.07191062122066773,808.8359884478638,538.9672576311098
4721.65330654155,0.09296950642820698,808.9094797051833,538.9957613739305
4721.866489005703,0.12088562931027813,809.0198796697744,539.038580112366
4722.180102202995,0.15651939267982265,809.1822893326087,539.101570589757
4722.635280649575,0.20076144670719637,809.418010909833,539.1929944602347
4723.292501084886,0.25456951516814497,809.758363353487,539.3249978645083
4724.238197144452,0.31844710899130363,810.2481079263144,539.5149394764791
4725.591702620531,0.39152836084961423,810.949043999314,539.7867840233457
4727.511389478776,0.4700771556430715,811.9431879432354,540.1723331449464
4730.190624915378,0.5448619003059904,813.3306797892019,540.7104100738745
4733.804075290853,0.5969473334074401,815.2019762091402,541.4360713626638
4738.698530615425,0.5916418520195248,817.736673599402,542.4189209142174
4742.762884680464,0.519415853442449,819.8414918719923,543.2350212325163
4745.868530091758,0.41147441632423953,821.4498249596634,543.8585828782102
4747.532269284294,0.3258448009672118,822.3114336657803,544.192621367344
4748.7420677850405,0.2437699654254222,822.9379585095272,544.4355140979312
4749.380620709679,0.18950784862797362,823.2686495478611,544.5637152952966
4749.860525917101,0.1404095184931333,823.5171808840987,544.6600642127739
4750.12284717949,0.10873832419219535,823.6530307754766,544.7127292439488
4750.316832371863,0.08183290858839075,823.7534910704505,544.7516746180231
4750.440865090208,0.06233189761098519,823.8177246578971,544.7765759443744
4750.542655361638,0.04448114095645056,823.8704394164707,544.7970117480849
4750.614592162341,0.03085796702802628,823.9076937753815,544.8114540353307
4750.660356501114,0.022486494348566873,823.9313940394118,544.8206418378263
4750.696958700284,0.017749255253420394,823.9503494494969,544.8279902136361
4750.732040942919,0.017619885661799874,823.9685177106159,544.835033434106
4750.767519172189,0.02201485834567986,823.9868910442585,544.8421561501526
4750.80690388537,0.029095488999815195,824.0072874538031,544.8500631390277
4750.843271137016,0.036050197466305625,824.026121192017,544.8573643292718
4750.925160710145,0.051197927121290156,824.0685298639656,544.8738046917357
4751.016042150968,0.0666311390750953,824.1155952141571,544.8920502601327
4751.140992321451,0.08582072479400293,824.180303958959,544.9171355031635
4751.329910057207,0.11157613315812999,824.2781400067812,544.9550629077725
4751.609035211276,0.14474920593530852,824.4226923758471,545.0111002821076
4752.0155654331975,0.18625769845375434,824.6332248896535,545.0927151551246
4752.60313279291,0.23704938499960795,824.9375124144786,545.2106740668085
4753.449603035231,0.29785308460985,825.3758799579917,545.3806079258917
4754.663446029499,0.3683428549257421,826.0045018710705,545.6242900928745
4756.390744690705,0.44587549135855176,826.8990317856484,545.9710418680389
4758.816056664926,0.5232696540081129,828.1550491775055,546.4579026566593
4762.13320898697,0.5850811697345684,829.872935012708,547.1237630355869
4766.342702326158,0.6037245473740143,832.0529516738668,547.9686958337375
4771.794110737687,0.5321432676362239,834.87614174633,549.0628247999271
4774.716231369671,0.4403663403008253,836.3894617101957,549.6492731808461
4776.860991535984,0.33794446223167074,837.5002008996288,550.079694116687
4778.000779786802,0.2645679051674483,838.0904808267123,550.3084265873542
4778.841478972295,0.1964210182767393,838.5258671221029,550.4771353497739
4779.287064119215,0.15243069123918593,838.7566295084379,550.5665530329308
4779.6228578965565,0.11332722934561629,838.9305325082483,550.633937955907
4779.812288130079,0.08773642143841309,839.0286358499469,550.6719514359191
4779.948570207963,0.06693635945270351,839.0992144923791,550.6992994624131
4780.055623014157,0.04863849038067327,839.1546556953978,550.7207819459352
4780.139882977962,0.032860292136519656,839.1982927958728,550.7376905229357
4780.1876703914695,0.02392773784288278,839.2230412548454,550.747280087216
4780.223498309244,0.018610161922800718,839.2415960522901,550.7544697188375
4780.259326227018,0.017165878149459465,839.2601508501817,550.7616593464915
4780.292717073189,0.02039317462482461,839.277443521792,550.768359920735
4780.323190759342,0.025468277258027236,839.2932254356737,550.7744751025746
4780.351271067923,0.030737243265752154,839.3077678516554,550.7801100006566
4780.403188563969,0.04063353310985912,839.3346552287061,550.7905283198791
4780.485554219771,0.055524880188965724,839.3773113025196,550.807056674926
4780.5848536657895,0.07191509083707393,839.4287371634126,550.8269831137791
4780.726781162269,0.09297554455802687,839.5022395299931,550.855463678786
4780.939989831274,0.12089385663362359,839.6126574828631,550.8982481067953
4781.253637369334,0.15652966047986674,839.7750914278118,550.9611872741092
4781.708860620577,0.2007734352475868,840.0108456380249,551.0525356807312
4782.366141845584,0.2545827956964016,840.3512431759758,551.1844293802393
4783.311920382694,0.31846074127166346,840.8410500444999,551.3742122123405
4784.665535456389,0.39154036208174037,841.5420708916346,551.6458279789364
4786.5853611037755,0.47008363825391075,842.5363264244766,552.0310496103288
4789.264751991458,0.5448556641381572,843.923954157322,552.568662449603
4792.878292689117,0.5969160868740767,845.7953719636189,553.2936750860079
4797.773346705403,0.591559621684016,848.3304803190064,554.2757437961701
4801.832672671674,0.519401934609392,850.4327782274335,555.090089222564
4804.939993259401,0.41139771718663315,852.042042715375,555.7134179147813
4806.602109771573,0.32584526366716443,852.9028452096841,556.0468265056866
4807.812623492725,0.24371860754001246,853.5297652940027,556.2896415393889
4808.450485910093,0.18951204705584018,853.8601118227481,556.4175875599458
4808.930692343842,0.1403815070307896,854.1088090073097,556.5139092428893
4809.192774137687,0.10873759409560134,854.2445402589818,556.5664783374929
4809.386833647989,0.08182127150831729,854.3450430212469,556.6054031988763
4809.510850810051,0.06232162642363692,854.4092710956778,556.6302787599941
4809.612628997449,0.04447209546916338,854.4619816832856,556.6506935570114
4809.6845393084495,0.030853736575175417,854.4992237983537,556.6651173987841
4809.730296373671,0.022484075564564186,854.5229212338263,556.6742953882999
4809.766903186756,0.01774782211800747,854.5418797839535,556.6816380081873
4809.801987978582,0.01762147915782259,854.5600500846242,556.6886753361761
4809.837454836917,0.022016558522136888,854.5784182567401,556.6957892954863
4809.876886697343,0.02910636828346673,854.5988398912231,556.7036985523146
4809.913288178922,0.036067651763274026,854.617692102661,556.7109999704636
4809.995187103579,0.051215758273303984,854.6601072967102,556.727427262243
4810.086097597523,0.06665203590610132,854.707189556692,556.745662071327
4810.211115498257,0.08584921734825987,854.7719359404296,556.770738096386
4810.400132804172,0.11161370192941793,854.8698274281725,556.8086509984668
4810.6793998635085,0.14479705227664189,855.014459011145,556.8646659071828
4811.086125574894,0.18631636096025198,855.2251011004696,556.9462458305205
4811.673969415908,0.23711951090798278,855.5295438544689,557.0641530421855
4812.520830397845,0.2979343017964401,855.9681311019065,557.2340109642903
4813.735219406768,0.36843232702635026,856.5970606518136,557.4775814952988
4815.4632641165645,0.44596547560887817,857.4920122951426,557.8241684686677
4817.889550255152,0.5233433165908543,858.7485838028712,558.3107836585692
4821.207822546448,0.5851061135177358,860.4671174286065,558.9762665019944
4825.420628416542,0.603645316197194,862.6489355125442,559.8211010940012
4830.866440905731,0.5319813883729253,865.4693384060778,560.913123246879
4833.787234239303,0.4401741555748079,866.9820303299857,561.4987789690672
4835.92986280762,0.33779867399991165,868.0917090841568,561.9283866343873
4837.068998656106,0.26443413801682997,868.681674244884,562.1567834326744
4837.908867665831,0.1963307685542519,869.11664763024,562.3251747282477
4838.354204205742,0.15235193519831147,869.3472902919704,562.414462554683
4838.689677090594,0.11327544453679207,869.5210339037129,562.4817228571955
4838.879000893763,0.08769324855314457,869.619085962434,562.5196809964293
4839.0151625030185,0.06690755733481056,869.689604974339,562.5469804099251
4839.122184150989,0.04861215410864161,869.7450322090033,562.5684374339946
4839.206376506973,0.03284536119637067,869.7886360018144,562.5853173351126
4839.254136589327,0.023918930325171176,869.8133712738143,562.5948928442613
4839.289962943916,0.018604917105080433,869.831925987419,562.6020757333102
4839.325789298506,0.017167639282785075,869.8504807014593,562.609258618525
4839.359185581487,0.020400778538089005,869.8677768651878,562.6159542912022
4839.389691687132,0.025483715975582445,869.8835761866063,562.6220705048223
4839.417766591683,0.030752402022135236,869.8981163725769,562.6276992809323
4839.4697959212,0.04066941516995063,869.9250627205354,562.6381307063257
4839.552164643677,0.05555841531323577,869.9677220508612,562.6546448980541
4839.651535440081,0.07195666598363466,870.0191868757768,562.6745678264829
4839.793599506477,0.09303161819337362,870.0927628472546,562.7030503106768
4840.007006615752,0.12096697325091912,870.2032878914176,562.7458362781693
4840.320931791744,0.1566215468114645,870.3658719779864,562.8087748545081
4840.776544530768,0.20088570465970393,870.6018371229247,562.900119719723
4841.434380129653,0.25471679679613324,870.9425350790137,563.0320067392454
4842.38094341862,0.31861553551679783,871.432767513199,563.2217774377139
4843.735654158026,0.39170990113137427,872.1343831897354,563.4933704817786
4845.656970823298,0.47025185557156174,873.1294497326488,563.8785475743786
4848.338283778335,0.5449881108369575,874.5181270182517,564.4160670160596
4851.953893733762,0.5969483019042889,876.3906893710428,565.1408499959687
4856.853865022148,0.5913517905212299,878.9284429509902,566.1230334428286
4860.890326638859,0.5195230417971353,881.0189806187951,566.9320758392096
4864.007509421605,0.4111844394528628,882.6334151679436,567.5568310126537
4865.662712424368,0.3259780115563723,883.4906703298735,567.8885601586348
4866.877417847428,0.24356954868079683,884.1197855845735,568.1320014192709
4867.51234177251,0.18960884896373556,884.4486229781347,568.2592459190029
4867.994293893445,0.14030231023918155,884.698233884465,568.3558326941148
4868.255371921142,0.10877720840368238,884.8334505085081,568.4081543798516
4868.449906156477,0.08179629109821311,884.9342030178736,568.4471401391297
4868.57388310077,0.06230054301340352,884.9984127416977,568.4719857608625
4868.675637067452,0.044453302461374744,885.0511128192155,568.4923777490569
4868.747490896902,0.030845144498203872,885.0883271187424,568.5067775864862
4868.793237493977,0.02247839755624185,885.1120200470608,568.5159454067445
4868.82985210072,0.017744629773963464,885.1309833652415,568.523283131348
4868.86494066494,0.0176247750429277,885.1491563208568,568.5303150267752
4868.900382203157,0.022019892774988302,885.1675120880401,568.5374176560018
4868.939899094703,0.02912634564977203,885.1879785495728,568.5453369983562
4868.976358715714,0.03609883044729132,885.2068615998338,568.5526436474601
4869.058280208523,0.05124871300698507,885.2492901189019,568.5690610173159
4869.149243540901,0.06669059420483958,885.2964015613977,568.5872903821456
4869.274386492062,0.08590191305447119,885.3612152088795,568.6123694205011
4869.463583666395,0.11168282284863477,885.4592036300537,568.6502850379967
4869.74310815376,0.14488498965693214,885.603974118482,568.7063022972613
4870.1501916900215,0.18642456573377403,885.8148096555694,568.787882231731
4870.738544532539,0.23724968536157945,886.1195277694064,568.9057878514747
4871.586127981656,0.2980864534085994,886.5585061013129,569.0756413725501
4872.801531077689,0.3686023011481892,887.1879850965088,569.3192013209169
4874.530969363351,0.4461407200216304,888.0836929554218,569.6657635743499
4876.959092054605,0.5234955744695075,889.341263981577,570.1523204764935
4880.279523432775,0.5851800295330258,891.0609818535265,570.8176538716291
4884.498198603,0.6035448586914642,893.2459234319247,571.6629270344547
4889.934932094709,0.5317422938273072,896.0617319897715,572.7521796363401
4892.853815968082,0.43987818877526663,897.5734926947997,573.33694427717
4894.993015323293,0.33757760638242706,898.6814376721769,573.765492472879
4896.131213307243,0.264225800855531,899.2709395575621,573.9935035514997
4896.969741281405,0.19619353325437827,899.7052349430373,574.1614804274753
4897.414725290802,0.1522290030724587,899.9357037963796,574.25062036591
4897.7496814388505,0.11319634869149585,900.1091863864509,574.3177189625281
4897.938849736347,0.08762615669825047,900.2071616344515,574.3556131149799
4898.074820311887,0.06686333565416226,900.2775843871643,574.3828506474512
4898.181794483398,0.048571591008690525,900.3329891405724,574.4042796026325
4898.265883119752,0.03282224616843836,900.3765408725344,574.421124127937
4898.313602389065,0.02390500892962054,900.401255947052,574.4306831802763
4898.349425896817,0.01859665273747081,900.4198098918177,574.4378592872115
4898.385249404569,0.017170380185368112,900.4383638370059,574.4450353904424
4898.418655166449,0.020412816674791955,900.4556655678364,574.4517271716564
4898.449214268716,0.025508484414913813,900.4714929384107,574.4578487123943
4898.477279069638,0.030776458536971637,900.4860284443521,574.4634705970976
4898.529483270044,0.04072588738663103,900.513066387241,574.4739280319043
4898.6118598367275,0.05561176026829501,900.5557314023797,574.4904295151917
4898.7113432304,0.07202271156419114,900.6072565012424,574.5103577723846
4898.853623660593,0.09312069204247266,900.6809473306791,574.5388589720749
4899.067342822455,0.1210828676434592,900.7916381970442,574.5816704598121
4899.381706109364,0.15676722057822218,900.9544553731574,574.6446423932014
4899.837935762545,0.20106404803206404,901.1907490023783,574.736031894268
4900.496651431977,0.25493032294055035,901.5319157155004,574.8679812598646
4901.444462854253,0.3188632902111755,902.0228132108529,575.0578380922713
4902.800919806611,0.3919831249144631,902.7253599313874,575.3295465224882
4904.724619348193,0.4705263987755237,903.7216983733616,575.7148687882401
4907.40901871231,0.545211470202579,905.1120268081273,576.2525435250272
4911.02799811387,0.5970215094322986,906.9864051258998,576.977378270443
4915.935715634037,0.5910594402962571,909.5282665060662,577.96027066986
4919.93717159948,0.5197432214092328,911.60075229467,578.7616107502193
4923.069869264567,0.41088711992116733,913.2232831815941,579.388939595777
4924.714621655133,0.3262090947867458,914.075157772983,579.7182933046892
4925.935929186856,0.2433614813904668,914.7077160794986,579.9628492544113
4926.56642601324,0.18977385754796075,915.0342728436669,580.0890989669803
4927.051123105408,0.14019277119418888,915.2853148197196,580.1861531981077
4927.3106936495105,0.10884733684360914,915.4197557283368,580.238128518523
4927.5059825007875,0.08176465561673903,915.5209028536085,580.2772322154829
4927.629903759526,0.06227459593821707,915.5850861403153,580.3020455540574
4927.731628324231,0.04443007452891042,915.6377729628067,580.322414311242
4927.803411946282,0.0308345854778032,915.6749522927838,580.3367878440657
4927.849146776187,0.02247122751851416,915.6986400135532,580.3459455114089
4927.885770581346,0.01774064266126398,915.7176088059214,580.3532788376609
4927.9208635728,0.017628862800418997,915.7357847349516,580.3603056395893
4927.956272164462,0.02202378223312996,915.7541241251439,580.3673956317954
4927.995889067968,0.029149816743100545,915.7746431527178,580.3753282655039
4928.032415610172,0.03613519794851659,915.7935615708215,580.3826421012152
4928.114362714866,0.051287033911485314,915.8360049435806,580.3990506392684
4928.20538783664,0.06673549871191421,915.8831501526422,580.4172768761789
4928.330676333312,0.08596328245653373,915.9480416095588,580.44236373439
4928.520082156036,0.11176324020773645,916.0461417649592,580.4802888955529
4928.799905384248,0.14498725995129902,916.1910724001469,580.5363183544664
4929.20740492105,0.18655047490425128,916.4021312881436,580.6179122506816
4929.796350161669,0.23740131356921806,916.7071676256251,580.7358363059385
4930.644775088753,0.2982639371791126,917.1465982051707,580.9057140526673
4931.861360192438,0.36880099809776745,917.776712932039,581.1493039229904
4933.592424271439,0.446346325987144,918.6732963003728,581.4958977535108
4936.0226924637955,0.5236756890538751,919.9320254754032,581.9824720109439
4939.345653756276,0.5852709935092854,921.6531177420871,582.6477491432163
4943.57110204543,0.6034356597633974,923.8416486113092,583.4936647547597
4948.997499822653,0.5314754461753654,926.6522082538917,584.5799314268912
4951.914273506778,0.4395448631721539,928.1629319071568,585.1637826438827
4954.049575766389,0.3373298192287172,929.2688993194583,585.5911914657721
4955.186739212548,0.2639907147122167,929.8578871189143,585.8188044806677
4956.023741668897,0.19603966420605384,930.2914083824044,585.9863353922941
4956.4683381940995,0.15209025107289625,930.5216850342649,586.0753231783572
4956.802707069627,0.11310756556126815,930.6948698416271,586.1422480927332
4956.991702897918,0.08755052544722589,930.792759369552,586.1800760259247
4957.127457174668,0.06681363592131466,930.863072685518,586.2072474832793
4957.234378107239,0.04852597055954486,930.918451904912,586.2286478598713
4957.318349604535,0.032796343084753786,930.9619445693752,586.2454548520243
4957.366024001071,0.023889257376025052,930.9866373125403,586.2549969287915
4957.401844406326,0.018587299755135293,931.005190333742,586.26216641352
4957.43766481158,0.017173510258639453,931.0237433553522,586.2693358946699
4957.471082058866,0.02042659945123856,931.0410516722131,586.2760243787117
4957.501702632387,0.025536986846670783,931.0569114644593,586.2821531039239
4957.529755681853,0.03080411024851299,931.0714414191034,586.2877679354405
4957.582160624066,0.04079073840081716,931.0985843310787,586.2982568042736
4957.6645477337215,0.05567329288713969,931.1412563780929,586.3147465996773
4957.764160732109,0.07209885446209585,931.1928505025361,586.3346841346537
4957.906690607697,0.0932233848416406,931.2666732445869,586.3632114316187
4958.1207687011665,0.12121638835590509,931.3775540935212,586.4060589690366
4958.435636317213,0.15693503236558107,931.5406384786293,586.4690792063966
4958.892576856334,0.20126957233819812,931.7773090052451,586.5605346150282
4959.552307218282,0.25517654496113185,932.119013827421,586.6925768299637
4960.501558293207,0.3191492289591642,932.6106750399841,586.8825632525651
4961.860030237179,0.39229886526236085,933.3142912410415,587.1544482051258
4963.786480825279,0.4708443917233385,934.312091167723,587.5399997623533
4966.47444623305,0.5454716566844288,935.7043176189369,588.0779404034081
4970.09732552521,0.597110553834777,937.5807845053891,588.8029530066275
4975.013933031923,0.5907300978737503,940.127343301036,589.7868091263392
4978.975031977763,0.5200132565624432,942.1790015836098,590.5794110981043
4982.125777094909,0.4105620068531714,943.8109391632141,591.209833260207
4983.7585971073795,0.3264914336849439,944.656664251083,591.5365280733798
4984.987599513614,0.24313555831555086,945.2932310853605,591.7824221837191
4985.613065784197,0.18997382759078077,945.6171940855136,591.9075614957502
4986.100958287002,0.14007475413966222,945.8699002337339,592.0051751783719
4986.358819958584,0.1089338825458667,946.003460893291,592.0567658434021
4986.554992608249,0.08173265656768922,946.1050694491752,592.09601419659
4986.678852610522,0.06224917221019744,946.1692233319919,592.1207948704526
4986.7805487878795,0.044407240801230215,946.221897358874,592.141141195839
4986.852263263682,0.030824234262132794,946.2590422203838,592.1554890736406
4986.897986745698,0.022464169629786142,946.2827249210998,592.164636939498
4986.93461955169,0.017736730375979858,946.3016990622634,592.1719660358682
4986.969717021083,0.01763290285611709,946.3198779687145,592.1789879552143
4987.0050916563,0.022027375083679183,946.3382004349536,592.1860653234618
4987.044803990763,0.02917207499112652,946.3587696343112,592.1940105268155
4987.08139370846,0.03616962359843162,946.3777214593614,592.2013309878183
4987.163362575356,0.05132285853001473,946.4201776404506,592.2177303875379
4987.254446107555,0.06677757299794228,946.4673548100973,592.2359533243439
4987.379870871236,0.08602075059348435,946.5323191960601,592.2610468192628
4987.569472329927,0.11183855007329552,946.6305242326955,592.298979942148
4987.849575493404,0.14508301129159445,946.7756051066402,592.3550193503517
4988.257464798154,0.1866683200969282,946.9868735134195,592.4366241679501
4988.846964985944,0.23754316510775456,947.2922083222904,592.5545623592054
4989.696178031044,0.2984298636293703,947.7320630001009,592.7244582583868
4990.913869875728,0.3689865523593105,948.3627737389814,592.9680695965541
4992.646455559797,0.4465379455107813,949.2601776024876,593.3146835683046
4995.07873014423,0.5238427538348716,950.5199913926414,593.8012605905009
4998.404052059239,0.585353449132645,952.2423683219337,594.4664658011382
5002.635847429363,0.6033285182765001,954.4342653355322,595.312960563057
5008.052455246766,0.5312209648118117,957.2398548306962,596.3963848459903
5010.967223498198,0.4392280509636893,958.7495937150462,596.9793608777138
5013.098832916455,0.3370945349043576,959.853687820561,597.4056845868538
5014.235015737932,0.26376761166959795,960.4421886786482,597.6329171104564
5015.070572700249,0.1958936620420312,960.8749766661452,597.8000233082585
5015.514801799977,0.15195863076294241,961.1050712014793,597.8888655996129
5015.848614324364,0.11302332924729114,961.2779740019632,597.9556251027471
5016.037446517212,0.08747879115195319,961.3757822555109,597.9933897102252
5016.17299585912,0.06676648778474459,961.4459919240865,598.0204982049227
5016.279866299217,0.048482699779390015,961.5013469602172,598.0418711749741
5016.363725972812,0.0327719271689668,961.5447832511129,598.0586422108817
5016.411358602158,0.02387432625068221,961.5694552386884,598.0681682177807
5016.4471763450365,0.01857842223104511,961.5880075407824,598.0753313720842
5016.482994087915,0.01717652780217741,961.6065598432705,598.0824945229298
5016.516422863416,0.020439859190410213,961.6238747469403,598.0891799037076
5016.54710297909,0.025564472933750734,961.6397659439588,598.095315580648
5016.575145080678,0.030830835896935326,961.6542907447663,598.1009236823196
5016.627744587748,0.04085349879835351,961.6815353996864,598.1114429803224
5016.710142762204,0.05573298327836872,961.724214695444,598.1279216549691
5016.809881458967,0.0721726978272521,961.7758757619112,598.1478682075181
5016.952653475346,0.09332297880093175,961.8498265492904,598.176420865282
5017.167079760812,0.12134584968807242,961.9608916916408,598.2193033976437
5017.482436571172,0.1570977057474226,962.1242352595834,598.2823705274118
5017.940066748384,0.20146876790248022,962.3612714059184,598.3738899447663
5018.600781461755,0.25541512935511324,962.7034982281458,598.5060223376471
5019.551429030845,0.31942619767943203,963.1959002362001,598.696134610872
5020.911855275721,0.39260451092500726,963.9005536680563,598.9681909593517
5022.84097333726,0.4711518420569835,964.8997706316486,599.3539650629701
5025.532394392868,0.5457224101989315,966.293836286818,599.8921635114895
5029.159043664504,0.5971943453811,968.172322215135,600.6173470993022
5034.0842457179415,0.5904059487257249,970.7234224869197,601.6021325558982
5038.005854343414,0.5202810528648585,972.7546980764978,602.3862050010554
5041.174232413286,0.41025241781269994,974.3958262350467,603.0196493182737
5042.7954649298335,0.32677414605051414,975.2355789375035,603.3437671512265
5044.032003123659,0.24292275164096655,975.876071367235,603.5909719609245
5044.652611348552,0.19017345356015433,976.1975293591094,603.7150404680352
5045.143630139093,0.13996426487372962,976.4518636703415,603.8132014602988
5045.399844658148,0.10902108732704895,976.5845758162948,603.8644217950279
5045.5968849012115,0.08170386788308508,976.6866373116396,603.903812368656
5045.720685831047,0.062226975994642976,976.7507628375068,603.9285615224034
5045.822357571816,0.04438725683642285,976.803426046732,603.9488867799488
5045.894011536856,0.030815184776875677,976.8405408626531,603.9632111498221
5045.939724904792,0.022458038128030485,976.8642191516781,603.9723497185071
5045.9763657024005,0.01773333018368131,976.8831980949466,603.9796745838141
5046.011467329354,0.01763645889649843,976.9013797897776,603.9866917500336
5046.046811024396,0.02203033579130306,976.9196868697169,603.9937573047861
5046.08660534499,0.029191045785705718,976.9402992539988,604.0017125797124
5046.1232491091605,0.03619899342540393,976.9592797354883,604.0090380238032
5046.205233962303,0.05135294842627996,977.0017456795968,604.0254275787375
5046.296367180676,0.0668129958757797,977.0489502326857,604.0436459583304
5046.4219065986745,0.08606909452755224,977.1139762747911,604.0687424218187
5046.611673275133,0.11190193855638088,977.2122703183793,604.1066784151035
5046.89201258568,0.1451635883276948,977.3574785745908,604.1627204836138
5047.300230325415,0.18676740870335473,977.5689244752217,604.2443260999001
5047.890197751384,0.23766228523153596,977.8745119540284,604.3622639857208
5048.74007387485,0.2985689380154001,978.3147254284763,604.5321574977513
5049.958696086589,0.36914162003158785,978.9459400547335,604.7757614403125
5051.692559380041,0.4466972335224003,979.8440369350534,605.1223558866096
5054.126515198434,0.523979903531837,981.1047653732336,605.6088834896711
5057.453804806912,0.5854169868001523,982.8282213105598,606.273955850152
5061.690974802848,0.6032283991021099,985.0229781698242,607.1208566883196
5067.099087504737,0.5309955439434317,987.824264246738,608.201730277669
5070.012079113001,0.4389501821062974,989.3331348509143,608.7838934557566
5072.140479459392,0.33688795821615564,990.4356046746557,609.209241563542
5073.275796282098,0.2635725817072146,991.0236771706527,609.4361230193118
5074.110097869262,0.19576563804251926,991.4558297494248,609.6028475156812
5074.554001767033,0.15184366582758108,991.6857637290393,609.6915552897079
5074.8873310194285,0.1129495203498605,991.8584221330572,609.7581659823902
5075.076018950874,0.08741610515571975,991.9561590154942,609.7958722171155
5075.211389900625,0.06672520958039524,992.0262786872909,609.8229238572627
5075.318216098809,0.04844484048632308,992.0816127045775,609.8442712683121
5075.401977281902,0.032750709004916244,992.1249994681629,609.8610095049453
5075.449573905528,0.02386131056781581,992.1496536511377,609.8705208661461
5075.4853896207405,0.018570670063344098,992.168205538855,609.8776780128691
5075.521205335953,0.017179208163934364,992.1867574269517,609.8848351562503
5075.554644645447,0.020451591411169253,992.204078380515,609.8915174135545
5075.585377622283,0.025588815007969917,992.219997503321,609.8976588553529
5075.613410569212,0.03085459438944642,992.2345180600063,609.9032607417884
5075.6661837668735,0.040909405949751454,992.261853617261,609.9138065222653
5075.748592264445,0.055786223351454736,992.3045397229041,609.9302743733267
5075.84844314924,0.07223855117604705,992.3562606711583,609.9502277470013
5075.99143139839,0.0934117992636611,992.4303259972968,609.9788012890104
5076.206168652282,0.12146130344955025,992.5415560211683,610.0217124350613
5076.521962144152,0.1572427361009015,992.7051313781036,610.0848175254349
5076.980207747025,0.2016462788027862,992.9424944223737,610.1763883941509
5077.641800639579,0.25562760221804154,993.2851878430104,610.3085930323562
5078.5936936861135,0.31967261456644536,993.7782518370407,610.4988057078797
5079.955862169172,0.39287601272862127,994.4838318150047,610.7709978542046
5081.887356717945,0.4714241288804849,995.484313894129,611.1569459940214
5084.581852533437,0.545942761105377,996.8800197807283,611.6953396524374
5088.211841165925,0.5972636163296003,998.7602994008744,612.4206266361753
5093.14469139431,0.590107167731495,1001.3154479435003,613.406176254217
5097.030740512783,0.5205171423771376,1003.3283729105934,614.1825380097968
5100.21484451223,0.4099747660763239,1004.9777023362846,614.8186349695271
5101.8256974063115,0.3270277412337914,1005.8121068188442,615.1404294337045
5103.06897351879,0.24273416314805443,1006.4561109948094,615.3887898136584
5103.685254568116,0.1903525863399168,1006.7753383747877,615.5118984032649
5104.17906657456,0.13986670553616137,1007.0311281028307,615.6105418172198
5104.433815922352,0.10909954540080441,1007.1630857692982,615.6614300588569
5104.631632072907,0.08167872369164701,1007.2655526103317,615.7009453193997
5104.755379168561,0.062207983409368575,1007.3296524074634,615.7256646794159
5104.857030204836,0.04437013601896026,1007.3823066631456,615.7459701655093
5104.928632409928,0.03080742786404683,1007.4193959160972,615.7602731772432
5104.974336821419,0.02245283703377311,1007.4430703620485,615.7694029273861
5105.010984596433,0.017730441421532808,1007.4620535577736,615.7767235522797
5105.046090012076,0.017639521233008222,1007.4802378265119,615.7837360779057
5105.081406303919,0.022032735339949885,1007.498531327461,615.7907907241823
5105.121269945075,0.029206959196745815,1007.5191803122389,615.7987537275848
5105.157959352517,0.03622367963510065,1007.5381850747248,615.8060826550092
5105.239955560739,0.051377855255936446,1007.5806583285174,615.8224618729856
5105.331130410257,0.0668423806910838,1007.6278860332459,615.8406745575579
5105.456764905144,0.08610916437732707,1007.6929635104175,615.8657707135594
5105.646669178006,0.11195451503621348,1007.7913321319013,615.9037050215143
5105.9272049108895,0.14523040641682974,1007.9366470136343,615.9597432382445
5106.335695435056,0.18684949246566582,1008.1482413194036,616.0413406134978
5106.9260505178045,0.2377607999612872,1008.4540398664143,616.1592653000363
5107.776476273728,0.298683676784095,1008.8945528267242,616.3291380909158
5108.995868848752,0.3692690671495717,1009.5261876748814,616.572708884319
5110.73078843991,0.44682724633661636,1010.4248618157429,616.9192484373632
5113.1661306643,0.5240899998813221,1011.6863506085818,617.4056801588409
5116.495032081183,0.5854634915384906,1013.4106990428203,618.0705656481075
5120.736698556953,0.6031349366539405,1015.6078582156339,618.9177179662825
5126.137490033407,0.5307964945492462,1018.4054450134599,619.9963064953034
5129.048910849463,0.4387076585041185,1019.913551949916,620.5777138121832
5131.174540875822,0.33670736731896417,1021.0146232238337,621.002186106817
5132.309094642289,0.2634030097822851,1021.6023198898762,621.2287432753831
5133.142313337284,0.19565388216625754,1022.0339258024032,621.3951252737583
5133.585929961438,0.15174379839298985,1022.2637185640574,621.4837085305624
5133.91884220062,0.11288515044822577,1022.436166653171,621.5501855385869
5134.107403350337,0.08736161602434821,1022.5338410873803,621.5878379236601
5134.242619952515,0.0666892449944014,1022.6038831204651,621.614838274384
5134.349407559981,0.0484118801969851,1022.6591989730413,621.6361618279043
5134.433082492829,0.032732350634593434,1022.7025424901549,621.6528701783191
5134.480648143385,0.023850027389557712,1022.7271814422636,621.6623681590444
5134.516462347732,0.018563938145129185,1022.745733159219,621.6695195895352
5134.552276552079,0.017181572920319504,1022.764284876539,621.6766710167955
5134.585725363207,0.020461901232036797,1022.7816113231777,621.6833501163203
5134.616504891655,0.025610215071735925,1022.7975550846642,621.6894962077249
5134.644530295369,0.030875566665372965,1022.8120722128373,621.695092350281
5134.697457427422,0.0409588530913948,1022.839488409398,621.705660891162
5134.779875370231,0.055833353501387295,1022.882180815286,621.7221181715915
5134.87982564872,0.07229683950481644,1022.9339549548233,621.7420762998169
5135.023005557279,0.09349041869492374,1023.0081220023915,621.7706665012367
5135.238018511074,0.12156349845678666,1023.119498505554,621.8136002468834
5135.554198940994,0.15737107201272738,1023.2832796878522,621.876734883498
5136.012989654239,0.20180327509600005,1023.52093292092,621.9683453715637
5136.6753601292785,0.25581537845204566,1023.8640404178325,622.1006053588418
5137.628355580359,0.31989014568966795,1024.3576916910986,622.2908944626173
5138.992065429112,0.3931152523822537,1025.0640933102782,622.5631888802178
5140.925660922239,0.4716632286784834,1026.0656965607852,622.9492653921885
5143.6228710934565,0.5461344989553022,1027.4628542886458,623.487795405322
5147.255792934254,0.597319407711873,1029.344714894113,624.213122560459
5152.195401625995,0.5898329332624584,1031.9034477903333,625.199281984516
5156.049799762553,0.520718298320947,1033.900042943569,625.96874421818
5159.2476933063135,0.40972462966398654,1035.5565689892524,626.6071189021454
5160.849336877766,0.327248529705928,1036.3862300419084,626.9268350426436
5162.098536958486,0.2425661397895605,1037.0333237323919,627.1761928649064
5162.710999321958,0.19050893587823176,1037.35058334176,627.2984475123183
5163.207265746422,0.1397799077807222,1037.6076527525975,627.3975074101427
5163.460723305185,0.10916787982563887,1037.7389455325115,627.4480999181288
5163.659220674374,0.08165607729552701,1037.8417685641173,627.4877217452281
5163.782918447343,0.062191033063165514,1037.905844884997,627.512412863275
5163.88455108973,0.04435485298369746,1037.9584913154374,627.5326995669237
5163.956107187363,0.030800493712162553,1037.9955578838517,627.5469827317916
5164.001803385675,0.02244822690949334,1038.0192288409114,627.5561040489275
5164.0384574629,0.017727879668314284,1038.0382159150952,627.5634204845227
5164.073566419854,0.017642266481500874,1038.056402606278,627.5704284991136
5164.108857542285,0.022034768621103287,1038.0746836608287,627.5774728722415
5164.14878212442,0.02922085584850612,1038.0953648811594,627.5854421150124
5164.185511584098,0.03624526741503114,1038.1143910054984,627.592773584152
5164.267516249641,0.05139936304984397,1038.1568700135344,627.6091423038994
5164.3587274199235,0.06686780134943161,1038.2041180596095,627.6273486885026
5164.484444153155,0.08614380440277558,1038.269240240722,627.6524425899372
5164.674467854935,0.11199999110888424,1038.3676739070722,627.690372518461
5164.95517389483,0.14528818587006626,1038.5130817057363,627.746403049663
5165.363900647424,0.18692040547391417,1038.72480521686,627.8279868986908
5165.954591135025,0.23784578048771815,1039.030787384161,627.9458908644758
5166.805492054841,0.29878243344011,1039.4715607059115,628.1157322602498
5168.025549979585,0.3693783765164931,1040.1035605902175,628.3592549533053
5169.761380632999,0.44693803483510813,1041.0027356363066,628.7057191787674
5172.197915793068,0.5241823268978338,1042.2648829864377,629.1920284243126
5175.528195458391,0.5854987945223143,1043.9900007655283,629.8566969132663
5179.773782326477,0.6030458022673152,1046.1892611568637,630.7040059628139
5185.16801961965,0.5306147516652336,1048.9835421695782,631.7804920683442
5188.078005648623,0.438488311175781,1050.4909539019593,632.3611858408807
5190.201152363789,0.3365438642377859,1051.590773795274,632.7848511369826
5191.335011387874,0.2632501370048181,1052.178129239926,633.0111035900723
5192.167259986433,0.1955528314301383,1052.6092463266336,633.1771701124012
5192.61061458686,0.1516538355332798,1052.8389106461009,633.2656362067412
5192.943153158902,0.1128269894342726,1053.011170639336,633.3319899770314
5193.131599106454,0.08731250732918218,1053.1087884943431,633.369591808508
5193.266677118181,0.06665677279074758,1053.1787609562589,633.3965447394056
5193.373429852665,0.04838213920255338,1053.2340604978265,633.4178457253447
5193.457026585199,0.03271587043195206,1053.277364880052,633.434526241905
5193.504564595991,0.023839877084410384,1053.3019902954043,633.4440117554841
5193.5403776289795,0.018557873459716788,1053.3205419936573,633.4511577178888
5193.576190661968,0.01718373189437709,1053.3390936922608,633.4583036771699
5193.609648332081,0.020471286415909756,1053.3564252772019,633.4649796559195
5193.640470353516,0.02562971041695448,1053.3723915560795,633.4711297278974
5193.668489285454,0.030894740006708575,1053.3869057919173,633.476720483411
5193.721557555224,0.04100412044170543,1053.4143959689561,633.4873094514585
5193.80398446491,0.05587654560744182,1053.4570943729334,633.503756477055
5193.9040258768455,0.07235024892951226,1053.5089173618453,633.5237181841862
5194.047381608436,0.09356245914794677,1053.5831778387967,633.5523225473659
5194.262647482299,0.12165713594537414,1053.6946888875545,633.5952753452502
5194.579182738665,0.15748862912821096,1053.858659064144,633.6584345935895
5195.038473205023,0.20194702540936135,1054.096578704202,633.7500777922288
5195.701556392607,0.2559872081532111,1054.4400662604999,633.882383278434
5196.6555619994615,0.3200890234662694,1054.9342564316478,634.0727348574736
5198.020683700322,0.3933336521605619,1055.6414117494135,634.3451120836896
5199.956202460302,0.4718808756536178,1056.6440429202005,634.7312905772369
5202.655894485867,0.5463077040043877,1058.042530353621,635.2699232407742
5206.29148692857,0.5973663786062106,1059.925833602697,635.9952554376091
5211.2372780728365,0.5895742818487403,1062.487849425937,636.9819323465249
5215.06273179893,0.520892034873659,1064.4695132357015,637.7450633988415
5218.273006504656,0.4094910409630638,1066.132504677837,638.385446620411
5219.866243143406,0.3274437676641099,1066.957836598955,638.7032550941337
5221.120776836879,0.24241071801417186,1067.6077133597114,638.953497022981
5221.7297710764415,0.19064770072560597,1067.9231862692372,639.0749717884061
5222.228246321083,0.1396996087675481,1068.1814078919479,639.174400907038
5222.480531482837,0.10922820079540553,1068.3120974240608,639.2247231214702
5222.679640626104,0.08163458383962575,1068.4152405642562,639.2644384411067
5222.803291575584,0.06217495645966904,1068.4792946205987,639.2891024388646
5222.904906783641,0.044340361723526484,1068.531933655466,639.3093710569702
5222.97641923655,0.030793909077998703,1068.5689787665517,639.3236352317789
5223.022107571563,0.02244386218881672,1068.5926463856624,639.332748412941
5223.058767622067,0.01772545848876034,1068.6116371440285,639.3400607721323
5223.093880019724,0.01764487819930731,1068.6298261825802,639.3470644273254
5223.129146645277,0.022036600365526637,1068.648095115101,639.3540988424411
5223.169127730657,0.029233676093396062,1068.6688062478977,639.362073618022
5223.205894156264,0.036265181530990204,1068.6878521124872,639.3694071822622
5223.287905666305,0.05141902617065759,1068.7303359856728,639.3857654830357
5223.379150304228,0.06689107502690292,1068.7776028363614,639.4039654366511
5223.504942325898,0.08617550340946854,1068.842766041288,639.4290562916209
5223.695075575139,0.11204161490109468,1068.9412595127335,639.466980769438
5223.9759377207665,0.14534105619848225,1069.0867526928835,639.523002113132
5224.384880866024,0.18698525070428534,1069.2985948731935,639.6045704199497
5224.975878437643,0.23792341063123165,1069.6047456129127,639.7224508212907
5225.827214180634,0.29887251112087865,1070.0457578554206,639.8922568169631
5227.047880583999,0.369477834837148,1070.678092536099,640.1357258615948
5228.784543652081,0.44703837503869487,1071.5777266368243,640.4821073202589
5231.222166950667,0.5242649765071253,1072.8404766979609,640.968284773419
5234.553698155674,0.5855279457030406,1074.5662960468126,641.6327268680402
5238.80289217046,0.60295883658578,1076.7674927368332,642.4801497398953
5244.190986122271,0.5304423741481366,1079.5586770569914,643.5546434559313
5247.099613008363,0.4382814748337074,1081.0654308281137,644.1346532749282
5249.220430517104,0.33638968221371235,1082.1640777092566,644.5575532795597
5250.353633268301,0.26310629564519605,1082.7511111008491,644.7835143615873
5251.184972262632,0.19545763260887125,1083.1817701261173,644.9492817635908
5251.62807916279,0.15156923396390928,1083.4113131267457,645.0376357644384
5251.9602673536265,0.11277221772377424,1083.5833968587735,645.1038726503699
5252.148604557428,0.0872663172764884,1083.6809613540659,645.1414261572536
5252.283552490467,0.06662620297800292,1083.7508685619327,645.1683340562201
5252.390272384877,0.04835415087391986,1083.8061527751147,645.1896134042731
5252.473795239013,0.032700425646925074,1083.8494202045058,645.2062673739542
5252.521307535398,0.023830336562152877,1083.8740330487203,645.2157410412407
5252.557119606481,0.018552167037551623,1083.8925848134688,645.2228817501749
5252.592931677565,0.017185785488303653,1083.9111365785536,645.2300224560877
5252.6263979627765,0.020480198998854716,1083.9284731540047,645.2366954240468
5252.657260503427,0.02564824972574323,1083.944460909142,645.2428492192869
5252.685273584075,0.030913024239237717,1083.9589725556643,645.2484348482973
5252.7384766693085,0.041047318731553595,1083.9865334081246,645.2590431979285
5252.820912514884,0.05591782295470392,1084.0292377408787,645.2754803569303
5252.92104102284,0.07240128030779532,1084.0811074255967,645.2954452935387
5253.064564895199,0.09363129310050179,1084.155457264816,645.3240629265041
5253.280072548792,0.12174659124909198,1084.2670969564394,645.3670335191614
5253.596946947754,0.1576009105856756,1084.4312478084269,645.4302156739107
5254.056715070289,0.20208428956135172,1084.669422126384,645.5218892441922
5254.720479396176,0.25615122603213686,1085.0132729780205,645.6542369193069
5255.675450268918,0.32027875561655916,1085.5079782059202,645.8446463206318
5257.04192078515,0.39354181597627125,1086.2158537268983,646.1170999412403
5258.97927626025,0.4720879449240983,1087.2194667881108,646.5033718983194
5261.68133660568,0.5464716801823699,1088.6192234431098,647.0420968036537
5265.319469934071,0.5974087404424404,1090.5038998715686,647.7674248036742
5270.271156625569,0.5893226221994665,1093.0690469973486,648.7545838224722
5274.069261262687,0.521045172463979,1095.0366025140809,649.5117281191233
5277.290985227764,0.4092642168944018,1096.7055749209867,650.1539458041916
5278.876283193933,0.3276203035668693,1097.5268189977285,650.4699498675317
5280.135763622619,0.24226098628048703,1098.179277774863,650.7210032020653
5280.74149934255,0.19077376134228777,1098.493072067358,650.8417437219372
5281.242022398101,0.13962214517849594,1098.752362242979,650.9415116950926
5281.493206595642,0.10928252712832562,1098.8824853334463,650.9915793761828
5281.6928810950185,0.08161312738681407,1098.9859244275713,651.0313797021815
5281.816485837561,0.06215881967698647,1099.0499564580175,651.0560172989548
5281.918083508695,0.044325823095900274,1099.1025879784663,651.076268295201
5281.989552219901,0.03078729473168958,1099.1396115347625,651.0905138101822
5282.035232726427,0.02243946612626031,1099.1632758044211,651.0996190799697
5282.071898697054,0.01772302949467763,1099.1822701961196,651.1069275233334
5282.10701456558,0.01764750539583753,1099.2004615752671,651.1139269897274
5282.142255987407,0.022038343708301406,1099.2187179962032,651.1209514791454
5282.182292022601,0.029246099453236644,1099.2394582128818,651.1289316504307
5282.219094121667,0.036284448135586546,1099.2585231257706,651.136267215044
5282.3011116671405,0.05143794222218283,1099.3010113926252,651.1526153202888
5282.392388685004,0.06691348960358387,1099.348296427028,651.1708090468012
5282.518253211172,0.0862060237148439,1099.4134991353287,651.1958968720893
5282.708492001603,0.11208168677189372,1099.5120502180653,651.2338159658633
5282.989504492449,0.1453919414560815,1099.6576256204692,651.2898282533239
5283.398656041035,0.18704764104376523,1099.8695820759806,651.3713812910652
5283.989949330064,0.23799806780286212,1100.1758951308695,651.4892385591203
5284.841703731908,0.2989590784322138,1100.6171373889133,651.6590098176947
5286.062955842965,0.36957330478917705,1101.2497943075794,651.9024262456678
5287.800419834395,0.4471344720682927,1102.1498700645548,652.2487265871458
5290.239089249506,0.5243436627529399,1103.4131995441442,652.7347750043385
5293.571820849078,0.5855544946906264,1105.1396918807677,653.3989957605173
5297.824494209849,0.6028724509702387,1107.3427560693353,654.2465258190565
5303.206603271849,0.5302737314032607,1110.130922166657,655.3190855179853
5306.1139042684035,0.43807958505389183,1111.6370333170516,655.8984318833177
5308.232452472763,0.33623932698296977,1112.7345368031085,656.3205890025664
5309.365016483578,0.2629660514006363,1113.3212564872001,656.546267630536
5310.19546928005,0.19536485347607765,1113.7514690229152,656.7117446711261
5310.638335135298,0.1514867750451769,1113.9808938648152,656.7999900202103
5310.970182015617,0.1127188405663509,1114.1528058139622,656.866113460554
5311.158413323423,0.08722130288771728,1114.2503183024749,656.9036201100072
5311.293234559635,0.06659641065777386,1114.320161918995,656.9304843100057
5311.399922456383,0.048326877507134575,1114.3754311717807,656.9517426897398
5311.483373082938,0.032685426917893286,1114.4186624485037,656.9683708475039
5311.53086062927,0.023821036193929595,1114.443263190361,656.9778330870745
5311.566671868569,0.01854660002411906,1114.4618150663675,656.9849687340025
5311.602483107868,0.017187806994811906,1114.4803669426967,656.9921043780068
5311.63595807532,0.02048896740980088,1114.4977085225728,656.9987745005942
5311.6668606970925,0.025666525709526666,1114.5137175087802,657.0049320629546
5311.694868249023,0.030931089020002665,1114.5282267152247,657.010512760629
5311.748204620563,0.04109000563092775,1114.5558574215033,657.0211403951638
5311.830649739035,0.05595868489994298,1114.5985678058423,657.0375681326069
5311.930864434802,0.07245178617567398,1114.650483655342,657.0575365554889
5312.074554816547,0.0936994188729416,1114.7249219262765,657.0861677485756
5312.290301739771,0.12183510473940494,1114.8366888318346,657.1291565627596
5312.6075117746195,0.15771199079710566,1115.0010183530364,657.1923622923714
5313.067752700469,0.2022200712717328,1115.2394445594716,657.284067254522
5313.732191272802,0.2563134518341434,1115.583654738379,657.416458615427
5314.688117624669,0.32046637499981995,1116.078869380531,657.6069280200397
5316.055923182753,0.39374758218402856,1116.787457149667,657.8794612059805
5317.995096326756,0.4722924650281688,1117.7920410708891,658.2658312295953
5320.699499514351,0.5466332746810326,1119.193052121867,658.8046550476893
5324.340142022549,0.5974495430272776,1121.0790830976014,659.5299884944473
5329.297649899546,0.5890714555125126,1123.647320080162,660.5176357945687
5333.069245340914,0.5211810251044408,1125.6011992043072,661.2689854540772
5336.301781294046,0.4090365393496407,1127.2758207761665,661.9129221275449
5337.879379172115,0.3277816826260227,1128.0930993796853,662.2271786623254
5339.143546569009,0.24211165591192127,1128.7480049666847,662.4789960012573
5339.746137686979,0.19088972595979115,1129.0601791821134,662.5990285980455
5340.248600401678,0.1395446890351256,1129.320481633208,662.6991155843724
5340.498722512532,0.10933184146043924,1129.4500582331998,662.7489379123731
5340.69893000006,0.08159073960811261,1129.5537764059723,662.7888175446963
5340.822487597312,0.06214179941146614,1129.6177858462042,662.8134291245489
5340.924066687496,0.044310498428239344,1129.6704092477191,662.8336627546616
5340.995489318172,0.030780314931154996,1129.7074099918614,662.8478894786914
5341.041161743212,0.022434795372380936,1129.7310707523845,662.8569869951551
5341.077833819172,0.017720463283386865,1129.7500688507653,662.8642917235522
5341.112953315964,0.017650280803753894,1129.768262630339,662.8712871901329
5341.148167493328,0.022040080044611346,1129.786505459824,662.8783015133974
5341.188259168685,0.029258646902786893,1129.8072750948159,662.8862873836637
5341.225097008974,0.036303850796864025,1129.8263590693296,662.893625118578
5341.307120298176,0.05145693199823439,1129.868851527971,662.9099633388854
5341.398429953266,0.06693601199886827,1129.9161548236598,662.9281512928204
5341.524367321784,0.08623668717415137,1129.9813971343817,662.953236704154
5341.714712060246,0.11212193241324166,1130.0800059242235,662.9911513248643
5341.995875470423,0.1454430347703804,1130.225663676357,663.0471558977125
5342.405236324123,0.18711028585582012,1130.4377346265335,663.1286956353123
5342.996826687701,0.23807303406928165,1130.7442103416156,663.2465326268224
5343.84900172595,0.29904600960991773,1131.1856831238958,663.4162732679775
5345.07084235886,0.36966917904077345,1131.8186629989016,663.6596429818628
5346.809111156331,0.44723097183197213,1132.719181371341,664.0058705802919
5349.248831737437,0.5244226571934568,1133.9830914077847,664.4918016407368
5352.582769175083,0.5855810801068059,1135.7102575294573,665.155816761165
5356.838932622106,0.6027854008273974,1137.9151922634892,666.003474219868
5362.215025663396,0.5301045919981384,1140.7003205232302,667.0741193065658
5365.121002547586,0.43787695465790877,1142.2057881516844,667.6528158452734
5367.2372705669,0.33608868099380496,1143.3021412415303,668.0742379177444
5368.369197842308,0.2628253221772161,1143.8885475453098,668.2996396784001
5369.198759969243,0.19527192275987504,1144.3183107410762,668.4648293805783
5369.641385746365,0.1514040421686921,1144.5476176474274,668.5529682940523
5369.972889708485,0.11266536291492314,1144.7193567680345,668.6189795278298
5370.161015273943,0.08717615646048507,1144.8168172112944,668.6564402110628
5370.295709345894,0.06656655264515422,1144.8865969082378,668.6832612490406
5370.402365196383,0.048299541199249084,1144.9418511093727,668.7044991309248
5370.485743215512,0.03267043831597815,1144.9850459835616,668.7211017893749
5370.533206285735,0.023811699288000223,1145.0096347352596,668.730552872296
5370.569016775125,0.01854100812131515,1145.0281867430576,668.7376836319988
5370.604827264516,0.01718985336287041,1145.0467387511658,668.7448143888719
5370.63831124042,0.020497845546451957,1145.06408548429,668.7514818766307
5370.669254711796,0.02568507709105491,1145.0801160820151,668.7576434849046
5370.697256858764,0.030949460823318568,1145.094622895236,668.7632194011294
5370.750728777048,0.041133408751704285,1145.1223245977774,668.773866970492
5370.833183829972,0.0560003187643315,1145.1650413263867,668.7902857798854
5370.933486283069,0.0725032328371318,1145.217004095173,668.8102584211417
5371.077346341915,0.09376881401715102,1145.291532356147,668.8389043951105
5371.293336862613,0.12192524048179869,1145.4034285931818,668.8819131812277
5371.610888672092,0.1578250926560623,1145.5679397802767,668.9451450187046
5372.071611209768,0.20235832750026783,1145.8066221718404,669.036885031579
5372.7367366896215,0.25647864442024476,1146.151197852088,669.1693253505188
5373.693636537628,0.32065743863126167,1146.6469306881402,669.3598623056392
5375.062802374011,0.39395713921495695,1147.3562429859717,669.6324857515814
5377.003827573214,0.4725007648045245,1148.3618144553532,670.0189687370761
5379.710617757453,0.5467978648134468,1149.7641012031252,670.5579115167706
5383.353814907888,0.5974911342851037,1151.651508144726,671.283274753997
5388.317236343517,0.5888155113016798,1154.2228800116782,672.271448843935
5392.062660792203,0.521299740603218,1156.1632549047135,673.017094677977
5395.305524563437,0.40880129594848685,1157.8432731808607,673.662665122083
5396.87550232845,0.32792846039753415,1158.656626571666,673.9751989318978
5398.144164709927,0.24195813182701942,1159.313878886042,674.2277462914739
5398.743660127772,0.19099618324211726,1159.624457905983,674.3470841412375
5399.247982643732,0.13946473736681664,1159.8857310159733,674.4474759045445
5399.497059355919,0.10937615905392367,1160.0147695902206,674.4970575646039
5399.697774365218,0.08156640462438457,1160.1187535438537,674.5370121587254
5399.821282412978,0.06212300457110707,1160.182739072926,674.5615977899085
5399.922840847585,0.04429359052443145,1160.235353219308,674.5818140850964
5399.994212654857,0.030772604663113046,1160.2723286500363,674.5960213950907
5400.039876421725,0.022429587345154732,1160.295985575065,674.6051112430586
5400.076555039462,0.017717621494361846,1160.3149875844429,674.6124125003142
5400.111678471662,0.017653349312030674,1160.3331839026303,674.6194041791072
5400.146861796806,0.02204187775005812,1160.3514112497135,674.6264077775182
5400.187011881727,0.029271793034163083,1160.3722117153573,674.6344000566529
5400.223886751911,0.03632409954955393,1160.391315398086,674.6417403681953
5400.305915867942,0.051476722359606895,1160.433812042601,674.6580690731861
5400.39725963381,0.06695950237312638,1160.4811343092335,674.6762519339526
5400.523272953799,0.0862686684333376,1160.5464177598012,674.7013360753261
5400.713727974193,0.11216388546691046,1160.6450863910904,674.7392478803205
5400.995048509216,0.1454962846343671,1160.7908295438617,674.7952471488818
5401.404627475391,0.18717559185829755,1161.003019312533,674.8767770526769
5401.996527583854,0.23815122428252966,1161.3096639064922,674.9945987660622
5402.849141365565,0.299136744418225,1161.7513760961592,675.1643159612063
5404.071596078674,0.3697693558364102,1162.3846914551602,675.4076491628991
5405.810705003508,0.4473319938347143,1163.2856697271536,675.7538183257421
5408.251523614663,0.524505740323192,1164.5501831746378,676.2396515756651
5411.586722525963,0.5856100212791985,1166.2780499546504,676.9034861283824
5415.84650934374,0.6026965240308435,1168.4849218580232,677.7513148184336
5421.21638636689,0.5299311878318822,1171.2669053122154,678.8200299980423
5424.121013319457,0.4376685155240174,1172.771714289327,679.3980842751739
5426.234927212366,0.33593409031506344,1173.8668773637921,679.8187661634249
5427.366206170477,0.2626804740720636,1174.4529636026007,680.0438937163964
5428.194848305291,0.19517655989683996,1174.8822617538274,680.2087939911303
5428.637229994324,0.15131888528418408,1175.1114483801052,680.2968276076365
5428.968379919993,0.11261045796704035,1175.2830087074794,680.3627259148318
5429.156397521258,0.08712971563029921,1175.3804158408423,680.4001410133757
5429.290960538567,0.06653588044567839,1175.450129519937,680.4269187182186
5429.397583504755,0.048271451307928606,1175.505368171677,680.448136395094
5429.480886705006,0.03265507879311852,1175.5485254465825,680.4647134858131
5429.528324991464,0.0238020804456379,1175.5731020201529,680.4741535580289
5429.5641347816045,0.018535245127581385,1175.5916541649294,680.481279592275
5429.599944571745,0.01719197727568231,1175.6102063100034,680.4884056237812
5429.633438140168,0.020507067078343075,1175.6275584795533,680.4950707322361
5429.6644243610535,0.025704403170057514,1175.643611656076,680.5012368847556
5429.692421078439,0.030968633840050334,1175.658116046716,680.506808134487
5429.746034379628,0.04117868285384413,1175.6858917415389,680.5174769909419
5429.82850037093,0.0560438475045533,1175.7286152863792,680.5338874182319
5429.928894493602,0.0725570063234711,1175.7806269448754,680.5538654577533
5430.072931943738,0.09384134792775543,1175.8552491127607,680.5825283119093
5430.2891768593745,0.12201942126204893,1175.9672801552695,680.6255600685025
5430.607085705793,0.15794326022400862,1176.1319807385657,680.688822304506
5431.068311589239,0.2025027945837141,1176.3709303183514,680.7806035149239
5431.7341551369545,0.2566512957577168,1176.715887272621,680.9131016238582
5432.692072799886,0.3208571891025637,1177.2121607295703,681.1037187356441
5434.062661044291,0.3941763201838429,1177.9222289803415,681.376450227249
5436.0056231945255,0.472718799598329,1178.9288308967948,681.7630707654374
5438.714910282599,0.5469704893348829,1180.332448767423,682.302165143097
5442.3607800589925,0.597535664683227,1182.2212907471767,683.0275962745698
5447.330363488048,0.5885496756278465,1184.7959234876164,684.0163658217547
5451.049595327031,0.5213985153977544,1186.7227800446533,684.756325884273
5454.302353381175,0.4085512682895025,1188.4079688340746,685.4034546741793
5455.864667724058,0.328058461482028,1189.217373455394,685.7142656156027
5457.137658516814,0.2417955188960661,1189.8768855928452,685.9675139646574
5457.734057739943,0.19109192259513447,1190.1858687291974,686.0861602468177
5458.2401710318,0.13937957096747744,1190.44807649877,686.1868446675257
5458.48820205582,0.10941457724683229,1190.5765767246917,686.2361869013502
5458.689400660977,0.08153884801066127,1190.6808139622149,686.2762123984915
5458.812855083924,0.062101289509742745,1190.744773396296,686.3007717942606
5458.9143894521485,0.044274076679670066,1190.797376461433,686.3209705016725
5458.98570262502,0.030763692913976674,1190.8343224895164,686.335157152189
5459.031356729264,0.02242350509808138,1190.857975032137,686.3442393230569
5459.068042640254,0.017714328056713212,1190.8769813209099,686.3515374087946
5459.103170520546,0.01765689863001084,1190.8951804232163,686.3585255461456
5459.138317234606,0.022043803007403384,1190.9133892832288,686.3655174275807
5459.178530748902,0.029286042516161098,1190.934223158716,686.3735172653915
5459.215445213786,0.03634594489277529,1190.9533478582491,686.3808608069035
5459.2974805422145,0.05149806474020377,1190.99584884135,686.3971804112366
5459.388861175967,0.06698485400730332,1191.0431914557184,686.4153590965481
5459.514956428673,0.08630318608610524,1191.1085190745143,686.4404436597642
5459.705530143504,0.11220913695583366,1191.207251799113,686.478355082249
5459.987019852181,0.1455537117799874,1191.3530864373392,686.534352566826
5460.396833943697,0.18724605457220778,1191.565403609087,686.6158776590988
5460.989068210057,0.23823566027573076,1191.8722293982048,686.7336913183419
5461.842155583292,0.2992348478817016,1192.3141985717075,686.9033954101193
5463.065273538361,0.3698778735171813,1192.9478741997016,687.1467067689191
5464.80529053118,0.44744180202963457,1193.849346595912,687.492837968302
5467.2472974015045,0.5245968177883437,1195.1145088331166,687.9786011256946
5470.583865397717,0.5856436974620834,1196.8431301517162,688.6422898976231
5474.847535413344,0.6026045558968278,1199.052071508641,689.4903580312264
5480.210820726512,0.5297496028089108,1201.8307122950532,690.5570920792726
5483.114043738155,0.43744899519139063,1203.3348329571434,691.1345055163098
5485.225463950569,0.3357717713944512,1204.4287324554527,691.5544286478976
5486.356069163364,0.2625277307295083,1205.0144847988013,691.7792816898697
5487.183736110554,0.19507640484467076,1205.4432888166396,691.9438851519293
5487.625864633047,0.15122907136813515,1205.6723502032314,692.0318135203352
5487.956639511467,0.11255275176248154,1205.8437206555395,692.0975961533422
5488.144544485623,0.08708077441523632,1205.9410719542618,692.1349655286732
5488.27896900406,0.06650361864663645,1206.0107156793129,692.1616989979611
5488.385557431713,0.04824189223493958,1206.0659378636253,692.1828965809319
5488.468781674765,0.03263895959104478,1206.1090553462411,692.1994476371153
5488.516194299721,0.023791925529896174,1206.1336192595281,692.2088767224059
5488.552003420857,0.018529159142158705,1206.1521715367535,692.2159981823852
5488.587812541992,0.017194235546299827,1206.1707238142642,692.2231196397105
5488.621316583708,0.020516882860283952,1206.1880818579464,692.2297826772182
5488.6523486910255,0.025725043722608896,1206.2041592221763,692.2359541125131
5488.680339832994,0.030989149186533543,1206.2186610987562,692.2415207814688
5488.734104284196,0.041227094212882995,1206.2465158197354,692.2522130488459
5488.81658263199,0.05609050889967293,1206.2892468693494,692.2686157071557
5488.91707491777,0.07261463354243129,1206.34131072772,692.2886008196293
5489.061302492134,0.0939190800849943,1206.4160333230016,692.3172836245176
5489.277819732388,0.12212031502374777,1206.5282083452803,692.3603427283721
5489.596110934299,0.1580698442715253,1206.6931112727345,692.4236415944583
5490.057876148529,0.20265758429463912,1206.9323464382223,692.5154728977391
5490.724489320782,0.2568363476387452,1207.2777110223008,692.6480415612305
5491.683498113225,0.3210713912519055,1207.7745625725754,692.8387570244012
5493.055611558504,0.39441153407698504,1208.4854393006376,693.1116221796418
5495.000651203642,0.4729531024478784,1209.4931434405557,693.498415567739
5497.712617472559,0.5471566540784586,1210.8981854195633,694.0377080703267
5501.361357321718,0.5975854329603818,1212.7885627669402,694.7632603312004
5506.3375215427495,0.5882681801690164,1215.3666707536959,695.7527269645476
5510.030276844141,0.521470810035882,1217.2798591024757,696.4869661717419
5513.292442546503,0.40827740699685616,1218.9699647474686,697.135567030334
5514.84694447754,0.32816609581323336,1219.7753423391114,697.4446335924619
5516.124080235176,0.24161770123974002,1220.4370186700182,697.6985504348809
5516.717341672971,0.1911735257698394,1220.7443839627358,697.816500014584
5517.225170233278,0.13928573492131927,1221.0074870405908,697.917463642549
5517.472140956517,0.10944501504919732,1221.1354411826437,697.9665647874817
5517.673795131047,0.08150627712651312,1221.2399170856586,698.0066562928755
5517.797189670408,0.062075015069633845,1221.3038471125901,698.0311887113631
5517.898694639484,0.04425049573171867,1221.3564362769673,698.0513691790152
5517.969937001788,0.030752903644208563,1221.3933465531052,698.0655330463444
5518.01557981382,0.02241606716347078,1221.4169938436044,698.0746073993846
5518.05227421006,0.01771033333853963,1221.4360050093055,698.0819026941039
5518.087407362149,0.017661199356964277,1221.4542073032387,698.0888875918224
5518.12250845258,0.022045922735264508,1221.472392986471,698.0958661127825
5518.162793030607,0.029301970149264073,1221.4932642066456,698.1038751706232
5518.199751079827,0.03637023580779053,1221.5124119706988,698.1112228716851
5518.28179324837,0.05152179119147388,1221.5549175725403,698.127533823538
5518.373214957253,0.0670130604717437,1221.602282665007,698.1457095226111
5518.4994013120295,0.08634159411424418,1221.6676591353062,698.1707968096779
5518.690106670393,0.11225945462772441,1221.7664625602076,698.2087111492522
5518.971784095111,0.1456175606376741,1221.912398140004,698.2647116087305
5519.381859446335,0.18732444529517828,1222.124856035415,698.3462386489836
5519.974465337884,0.2383296972053145,1222.4318821140794,698.4640539632429
5520.828079760728,0.2993442771771799,1222.8741355108796,698.6337588355495
5522.051936355323,0.3699992125923891,1223.5082098159894,698.8770680094666
5523.792965606149,0.4475651232095603,1224.4102293850947,699.2231886014556
5526.236299133676,0.5247002108187051,1225.6761108076573,699.7089185089159
5529.57440146995,0.5856847219190949,1227.4055704931905,700.3725071332915
5533.842354489004,0.6025080250328704,1229.6167862179504,701.2209099463402
5539.19847651194,0.5295554778611903,1232.3917851110764,702.285571820348
5542.100210769695,0.4372125177924402,1233.895171905814,702.8623392118908
5544.208924597842,0.3355975282231971,1234.9876964181828,703.2814701290189
5545.338815542177,0.26236288807782887,1235.5730932423567,703.5060451610019
5546.165423242071,0.19496884192571518,1236.0013591029244,703.6703385531764
5546.6072839984145,0.15113211595100526,1236.2302874404943,703.7581605485096
5546.937651792937,0.11249072043909673,1236.4014512312147,703.823822514162
5547.12543679214,0.0870279924613471,1236.4987427840535,703.8611454618733
5547.25971141437,0.06646890680850784,1236.5683105739529,703.8878329852652
5547.366262745407,0.04821006977503417,1236.6235149071015,703.9090103874905
5547.4494017236375,0.032621655668344046,1236.6665892824908,703.9255344973268
5547.49678721133,0.023780952596180342,1236.6911397446597,703.9349524924025
5547.532595683966,0.01852258111732632,1236.70969214563,703.9420695211344
5547.568404156602,0.01719669366726404,1236.7282445468738,703.9491865472945
5547.601919914112,0.020527580890000435,1236.745609090638,703.9558478880884
5547.633002490235,0.025747622710402453,1236.7617130011765,703.9620256259709
5547.660987819234,0.03101164094310702,1236.7762122253814,703.9675877767687
5547.7149178067275,0.041280127873360495,1236.8041534010335,703.9783064858111
5547.797410456945,0.05614176148169833,1236.8468929194657,703.9947020784739
5547.898010439935,0.07267791278323874,1236.8990138657339,704.0146965242234
5548.042446793319,0.09400443606982344,1236.9738464807124,704.0434034998756
5548.25926269294,0.12223106261651642,1237.0861790172569,704.0864959573101
5548.577973418286,0.15820878806464228,1237.2513033841174,704.149839980037
5549.040330745259,0.2028275343345539,1237.4908512470658,704.2417335228447
5549.707789138866,0.2570396126503692,1237.8366622889512,704.3743901578077
5550.66799654752,0.3213068227052551,1238.3341471340302,704.5652287781836
5552.041785899225,0.3946703100939504,1239.0459097223295,704.8382624796308
5553.989109126393,0.4732113369092628,1240.0548218696895,705.2252766767058
5556.704022013926,0.5473627935685629,1241.4614251334672,705.76483025076
5560.355922490901,0.5976430686575054,1243.3534865096424,706.4905747101095
5565.339285235667,0.5879640832310143,1245.9353873108523,707.4808786556879
5569.005152953842,0.5215042371263707,1247.8346918410596,708.2093358211429
5572.276031731845,0.40796744674420726,1249.5293529949151,708.859280883942
5573.822486940262,0.3282403982694925,1250.330581136029,709.1665643001357
5575.103504186155,0.2414163699432662,1250.9942845836424,709.4211011363399
5575.693554607047,0.19123411493842707,1251.2999936971894,709.5383424693159
5576.202990683497,0.13917846291720168,1251.563936032313,709.6395654089474
5576.4488750706105,0.10946352761476462,1251.691330443911,709.6884214836643
5576.650944161967,0.08146601961454526,1251.796023855423,709.7285715751742
5576.774269511644,0.06204170335798412,1251.859919587053,709.7530756496657
5576.875736832089,0.04422064131777145,1251.9124905222877,709.7732366304164
5576.946889643906,0.03073921144819332,1251.949355297821,709.7873742782076
5576.992518568176,0.022406546727425123,1251.9729959670763,709.7964404734792
5577.029223291221,0.01770526377668656,1251.992012944704,709.803733480178
5577.064363037674,0.017666664146463635,1252.0102190971122,709.8107155329913
5577.099404287426,0.022048293218961717,1252.0283742179363,709.8176780126837
5577.139770416633,0.02932018378705236,1252.0492881970124,709.825698509999
5577.176777500419,0.03639786079741236,1252.0684618310288,709.8330515831789
5577.258827257363,0.05154874859971136,1252.1109723962402,709.8493543406128
5577.350295763935,0.06704513909377093,1252.158362884579,709.867528527173
5577.476585645591,0.08638527690506755,1252.2237945796105,709.8926214632319
5577.667440242695,0.11231664597699254,1252.322677723919,709.9305429070869
5577.949330568236,0.14569012515339472,1252.4687271501396,709.9865523677674
5578.359702647191,0.1874135957827178,1252.681343936199,710.0680898939565
5578.952730989053,0.238436762445387,1252.9885963348518,710.1859191166124
5579.806944960506,0.2994690729588423,1253.431171081634,710.355642278483
5581.031642430563,0.37013794494867497,1254.0656964086422,710.5989740316961
5582.773825199252,0.4477067745051947,1254.9683354502472,710.945118416593
5585.218673007789,0.5248203107779669,1256.2350320207436,711.4308612487569
5588.558533722481,0.5857357219368338,1257.965444442777,712.094406431737
5592.831311876293,0.6024053316778918,1260.1792133024778,712.9432666208249
5598.1794976037445,0.5293443389611034,1262.9501668357377,714.00572448966
5601.079627483518,0.4369530436787659,1264.4527583166755,714.5818340385165
5603.185347011529,0.33540707556506005,1265.543757512226,715.0001240372994
5604.314468100351,0.2621816311137352,1266.1287694156574,715.2244143864679
5605.139902788919,0.1948512020233805,1266.556437723329,715.3883784319065
5605.5814756741665,0.15102547104851768,1266.785222360717,715.476091764442
5605.911393015396,0.11242280755548818,1266.9561568390961,715.5416257705109
5606.09904797926,0.0869699970630508,1267.0533833338575,715.5789010174948
5606.233157255335,0.06643086551777201,1267.1228671108358,715.6055400597639
5606.3396680103215,0.0481751720428306,1267.1780517342584,715.6266969942081
5606.422713158298,0.032602740929481566,1267.2210785195878,715.6431927849072
5606.470069466161,0.023768873733295,1267.245614447268,715.6525994662511
5606.505877318359,0.018515337723035725,1267.2641669680631,715.6597122023013
5606.541685170558,0.01719942188238983,1267.2827194891208,715.6668249358585
5606.575214299614,0.020539468413099667,1267.3000913738672,715.6734850303855
5606.60319355744,0.025198195651294074,1267.3145877971813,715.6790427186125
5606.631046896088,0.03040905586294147,1267.3290189802642,715.6845753932442
5606.68106780381,0.03995227519369751,1267.3549354744252,715.6945113404296
5606.763308522238,0.054873613823573426,1267.3975454799563,715.7108472875984
5606.861264810752,0.07111019020807541,1267.4482979323177,715.7303048917337
5607.000596159495,0.09188989030113554,1267.5204873555667,715.7579810228007
5607.21012881125,0.11948778725397656,1267.6290490142455,715.7996015431413
5607.5185566105165,0.1547578797421982,1267.7888495828902,715.8608659468426
5607.966350730334,0.19858746281439316,1268.0208577411945,715.9498129818543
5608.612957329934,0.2519350559133783,1268.3558733926182,716.0782502022813
5609.543498352071,0.31533713405885894,1268.8379994704624,716.263084661276
5610.875633292951,0.3880061464068054,1269.5281971786435,716.5276852683162
5612.7658317677215,0.4663652274456543,1270.5075360154713,716.903127560908
5615.406103510082,0.5414823556846644,1271.8754997482413,717.4275422128841
5618.97436699612,0.5949258901801757,1273.724271943858,718.1362545201865
5623.775791905294,0.5932069183488853,1276.2119681158185,719.0898529600861
5628.14064663934,0.5171149023625152,1278.4734742405872,719.9567067995619
5631.110179553637,0.41397826468650134,1280.0120423881103,720.5464308062983
5632.865755208934,0.32384639104562973,1280.9216383892588,720.8950652534431
5634.018250635444,0.245672725758948,1281.5187677809618,721.123932612458
5634.69653254938,0.18811108124242992,1281.8701984254835,721.2586274799647
5635.152532581404,0.14143586512178674,1282.1064606891848,721.3491805767565
5635.428467708033,0.10816020406123779,1282.2494279311325,721.4039759501493
5635.6159371453505,0.08214453301060197,1282.3465594240981,721.4412036673554
5635.740390048028,0.06261268016942134,1282.4110408518184,721.4659175117245
5635.842509800286,0.04473340942326904,1282.4639510497466,721.4861964192703
5635.915231670388,0.030970438732837096,1282.501629643614,721.5006374926628
5635.961043738053,0.022577124916994665,1282.5253657539354,721.5097348254517
5635.997578668318,0.01779784243270818,1282.5442952018595,721.516989907006
5636.032653215639,0.01757749124952736,1282.5624679976304,721.5239549843058
5636.068396428365,0.021957517464403137,1282.5809872420286,721.5310528422572
5636.1067483778725,0.028832028714878822,1282.600858123298,721.5386687383045
5636.142449390352,0.0356567255954927,1282.61935550347,721.5457582111022
5636.223639755116,0.05070560608629739,1282.6614217915958,721.561880906738
5636.313818241673,0.06606603544172839,1282.7081449998896,721.5797884391759
5636.436922191052,0.08504150990044326,1282.7719275263655,721.6042342442083
5636.623318678662,0.11056382135122107,1282.8685031413568,721.6412485351466
5636.8987908518075,0.14346141246303698,1283.0112305996715,721.6959511993348
5637.300153685624,0.18465886036516324,1283.2191844702522,721.7756526968232
5637.880282214392,0.23509713856596798,1283.519760372535,721.8908524362597
5638.716094329355,0.2955225444482301,1283.952811044876,722.0568237281063
5639.914825003474,0.36565584244624605,1284.5738971948547,722.2948591989237
5641.6210769873305,0.44295275084356794,1285.4579407027056,722.6336699327522
5644.018042310603,0.5204226681269248,1286.69985768182,723.1096263418432
5647.30009436844,0.5829594977955845,1288.4003581408174,723.7613133403197
5651.457324866748,0.6034082627897763,1290.5543101025394,724.5867470796204
5657.523665787829,0.5197337260428264,1293.6974200413727,725.791183003925
5660.138664303233,0.43318598997144264,1295.0523128096647,726.3103539124895
5662.2895340109935,0.3273274577041065,1296.1667304435086,726.7373689309592
5663.307209803991,0.2602312943204274,1296.6940132114687,726.9394064116913
5664.160775561197,0.1897914208041776,1297.1362667055023,727.1088618927263
5664.558737131996,0.14982580809276141,1297.3424604703816,727.1878673679757
5664.897806266518,0.10982700443718926,1297.518140627274,727.2551809637375
5665.072064411261,0.08597878911094238,1297.6084281175756,727.2897754240222
5665.206272651538,0.06530205023469285,1297.6779647577175,727.3164189696763
5665.311278766146,0.04719208779271193,1297.732371049917,727.3372651712496
5665.391691262268,0.032068704579579214,1297.7740347752251,727.353228942818
5665.438269140093,0.023420684020775275,1297.7981679391928,727.362475741377
5665.474100531941,0.01830677649433097,1297.816733080169,727.3695891082434
5665.509771678876,0.017282360781391743,1297.8352151944957,727.3766706603529
5665.543864040323,0.02090451050005349,1297.8528793007674,727.38343878459
5665.572296088434,0.02572727708451632,1297.8676106571188,727.3890832037099
5665.599884190828,0.030914356857677336,1297.8819047442048,727.3945600786292
5665.653457221452,0.041117686356904985,1297.9096622741029,727.4051955573042
5665.735905614042,0.05598429076042282,1297.9523808538588,727.4215634488452
5665.836176981925,0.07248329468614798,1298.0043339658635,727.4414695913258
5665.979978530528,0.09374205174481823,1298.078841160341,727.4700174296422
5666.195894344763,0.1218913405708744,1298.190712574921,727.5128814967392
5666.51333211716,0.15778157515047375,1298.3551850864008,727.5758997595447
5666.973880639206,0.20230190502363238,1298.593806919878,727.6673282635104
5667.638745002718,0.2564054196423983,1298.9382900301541,727.799317026014
5668.595257263713,0.32056282369692973,1299.433883474554,727.9892022201951
5669.963851586497,0.39383581094440057,1300.1429874774944,728.260890252822
5671.9040387636105,0.47234685282840017,1301.1482491040115,728.6460426435158
5674.609605285082,0.5466056101872526,1302.5500749797325,729.1831209824101
5678.25099715794,0.5972569798898707,1304.4367790829087,729.9059470635359
5683.212519545418,0.5885353142005952,1307.0074828441122,730.8907826440789
5686.95195600162,0.5210937083562617,1308.944992803782,731.633010326756
5690.1943601248495,0.40858204783486085,1310.624978158943,732.276562691369
5691.762067244088,0.32780511753779745,1311.437254256001,732.5877141769356
5693.0306277265545,0.24182281312745124,1312.0945338523634,732.8394890317663
5693.6291969869,0.1909281746314409,1312.4046708179837,732.9582877589794
5694.1334914590825,0.13938995038489368,1312.6659611980276,733.0583751441129
5694.382239314179,0.10933523518348759,1312.7948450829317,733.1077439870959
5694.582904392433,0.08152809063395243,1312.898815816689,733.1475697853896
5694.7063640415,0.0620889825795505,1312.9627840526643,733.1720726618526
5694.807882666356,0.0442637743069207,1313.0153839723293,733.1922209104787
5694.879169088309,0.030758415296612805,1313.0523196596869,733.2063690078726
5694.924809030645,0.0224214344217742,1313.0759671178091,733.2154270862308
5694.961501850495,0.0177129946119309,1313.0949787968275,733.222709442262
5694.99663527061,0.017658833940909544,1313.1131825031032,733.2296823047715
5695.031762641276,0.022044697448784026,1313.1313830752117,733.2366539643666
5695.072028828391,0.029296924753995163,1313.152246226609,733.2446455118524
5695.108982314724,0.03636419439910735,1313.1713929660039,733.2519795917656
5695.191007225234,0.051512886831458965,1313.2138925993554,733.2682588924051
5695.2824170262975,0.06700273647999985,1313.261254835184,733.2864007765754
5695.408571025617,0.08632721594352927,1313.326619113839,733.3114382330332
5695.599238035415,0.11224122709100254,1313.4254095791507,733.3492793629774
5695.880857497629,0.14559421843864184,1313.5713253313722,733.4051714396197
5696.290844413779,0.1872942228520974,1313.7837522584678,733.4865399141212
5696.8833168589035,0.23829041231005396,1314.0907306507331,733.6041250155262
5697.73673262636,0.2992933529931723,1314.5329120091842,733.7734971142443
5698.96029553619,0.36993360084844706,1315.1668784050903,734.0163276491592
5700.700892940297,0.44748133712910626,1316.0687371169784,734.3617650164099
5703.143594089275,0.5245945492951739,1317.3343790245085,734.8465317922777
5706.480767009893,0.5855540204878472,1319.0634773286017,735.5087933247207
5710.748059741689,0.6023507240358833,1321.2745041913718,736.3556070693792
5716.101399056558,0.5293917098528826,1324.0482529619417,737.4178915771712
5719.001724162648,0.4370651233952245,1325.5510131832252,737.9933926808196
5721.109305043773,0.33547952265918657,1326.6430258018488,738.4115827114924
5722.23855279003,0.262271006766204,1327.2281295713824,738.6356467533117
5723.064736152154,0.19489862114972414,1327.65620496387,738.7995756284527
5723.5063424332275,0.1510794302309263,1327.8850171556076,738.8871973366868
5723.836542511127,0.11245153085664111,1328.056105786865,738.9527140494932
5724.024230058376,0.08699839717253326,1328.1533535186143,738.9899540218175
5724.158433997084,0.06644767300988343,1328.2228894552782,739.016582019351
5724.264961496078,0.04819108311455011,1328.2780852253868,739.0377185885098
5724.348048343172,0.03261176277783377,1328.321135543035,739.0542041849152
5724.39541568062,0.02377523786969077,1328.3456782840728,739.0636025237092
5724.431225419355,0.018519064987173952,1328.3642326129643,739.0707076713871
5724.467035158089,0.017198185051018524,1328.3827869420984,739.0778128167192
5724.500556841686,0.020533595106170123,1328.4001557467993,739.0844639782755
5724.528543475289,0.025192200076113915,1328.4146566407453,739.0900169084612
5724.5564072985335,0.030404677903210633,1328.4290939023201,739.095545469972
5724.606400294911,0.039942601162436496,1328.454997094769,739.1054647568533
5724.688635175768,0.05486352031247089,1328.4976059830258,739.1217812598998
5724.786572469045,0.07109782038975387,1328.5483508649922,739.1412133159853
5724.925865624668,0.09187315383126003,1328.6205237299996,739.1688508926657
5725.135347469901,0.11946634859949727,1328.7290639223145,739.2104147529193
5725.443700467823,0.1547305632718097,1328.8888328837704,739.2715957603593
5725.891384156144,0.1985527771922044,1329.1207942017613,739.3604213720616
5726.537828156982,0.2518912715130983,1329.4557405852374,739.4886826778129
5727.468131775761,0.31528247568069984,1329.9377652025803,739.6732633846774
5728.799922995964,0.3879390644551286,1330.6278156383964,739.9375001357976
5730.689629341441,0.4662849786428808,1331.6069431706196,740.3124256199374
5733.329208671387,0.5413901272496963,1332.9746090654528,740.8361180807473
5736.896530226445,0.5948268185981898,1334.8229753775342,741.5438544181272
5741.696709016009,0.5931136408671346,1337.310136134011,742.4961461396013
5746.061208164335,0.5170221596539155,1339.5715579266023,743.3619685452895
5749.029705948166,0.4139111323570965,1341.1096575334545,743.9508347244495
5750.785020219094,0.32378465749875546,1342.0191581206425,744.299032044124
5751.937084436944,0.24563336790464382,1342.6160903314696,744.5275611303466
5752.615273209974,0.18807502343157612,1342.9674881529231,744.6620888487539
5753.071102205718,0.14141365632212477,1343.2036721697443,744.7525080964809
5753.346997876593,0.1081404644601938,1343.3466252440633,744.8072351899439
5753.534406058665,0.08213159959997199,1343.4437292613757,744.8444096895321
5753.658844677575,0.06260088342659001,1343.5082061179662,744.8690934401648
5753.760950377633,0.04472312620179622,1343.5611113567438,744.88934719311
5753.83364210561,0.030965665917569336,1343.5987759860832,744.9037663600084
5753.879446444055,0.022574326561029735,1343.6225091330898,744.9128521262096
5753.915986641197,0.01779615033453737,1343.6414421405875,744.9201002510654
5753.951063288154,0.017579195686995258,1343.659616821631,744.927058063388
5753.986800990278,0.0219605176444968,1343.6781340233006,744.934147000496
5754.025212946683,0.02884682780152199,1343.6980368684865,744.9417664006039
5754.060960764017,0.03568054911667972,1343.7165593117618,744.9488573393896
5754.142189718572,0.05073456332075598,1343.7586474404009,744.9649699102058
5754.232409480721,0.06609902257920718,1343.8053940850227,744.9828658831699
5754.3556224857975,0.08508684270564919,1343.869235915724,745.0073063651403
5754.542174566896,0.1106232670794279,1343.965896386191,745.0443107086156
5754.81787002593,0.14353698921926647,1344.108745797581,745.0989973569029
5755.219541410393,0.1847514438188288,1344.3168686589158,745.1786722062891
5755.80010724528,0.23520772468406262,1344.6176843222463,745.2938317396954
5756.636537924618,0.29565040369682555,1345.051074470599,745.459742893313
5757.836133149314,0.36579617959316374,1345.6726357716539,745.6976877638373
5759.543565819731,0.44309271922118976,1346.5573297085884,746.0363599126761
5761.942070310582,0.5205345335043033,1347.8000984387709,746.5120984764325
5765.22588434219,0.582990019615252,1349.5015859823359,747.1634196759442
5769.383388316259,0.6032817276288887,1351.6557733042446,747.9880033658941
5775.45245734951,0.5192407170190901,1354.800433002547,749.1916642154177
5778.0599070932085,0.432764296197927,1356.1514729424002,749.7087719837417
5780.207773052276,0.3269115056728418,1357.264382263025,750.1347262980082
5781.22225704691,0.2599561575273994,1357.7900339293801,750.335910969088
5782.074870779232,0.189535430987558,1358.23181317719,750.5049933587039
5782.471611126867,0.14966224948476706,1358.4373830432885,750.5836707574363
5782.810267169454,0.1096869001604576,1358.6128567170065,750.6508292627301
5782.984104385675,0.08588261647706315,1358.7029299886046,750.6853026497187
5783.118091669355,0.06523047203401922,1358.7723551318952,750.7118734221666
5783.223017107778,0.04712738392000624,1358.8267219621096,750.7326809711328
5783.303238668786,0.032037289697436536,1358.8682885468586,750.7485895315374
5783.349781373655,0.023398565283429373,1358.8924045239735,750.7578193072021
5783.385622100141,0.018293182368675463,1358.9109753000948,750.7649267957773
5783.421261016649,0.017287475794325293,1358.9294415091501,750.7719942616378
5783.455399218755,0.020927338270938064,1358.9471301272774,750.7787641224023
5783.4839315050485,0.025773172601941487,1358.9619140552807,750.7844222865526
5783.511538355335,0.030965904759440607,1358.9762184712272,750.7898969284978
5783.565463018564,0.04123409813591024,1359.0041593922535,750.8005905828765
5783.647941131154,0.05609654057520888,1359.04689520825,750.8169465847225
5783.748448306978,0.07262193236909496,1359.0989727373703,750.8368778629157
5783.892706484411,0.09392904801167863,1359.1737197362481,750.8654852403748
5784.109275039731,0.12213392099240629,1359.2859341761764,750.9084321880867
5784.427630370792,0.15808599125776615,1359.4508891876285,750.9715639618082
5784.889474717171,0.2026744590726675,1359.690192703006,751.0631501491606
5785.55618967753,0.2568513713314094,1360.0356494928492,751.1953626002196
5786.5153274475015,0.3210799689763576,1360.5326246157006,751.3855623725133
5787.887594729922,0.394405328468063,1361.243662175365,751.6576840775962
5789.832790617989,0.47291724142558506,1362.2515621352125,752.0434122714414
5792.5448298525125,0.5470652729027302,1363.6568018196251,752.5811926918018
5796.193201194629,0.5973966826547039,1365.5472028888973,753.3046214159638
5801.170526176182,0.5878928227774627,1368.1262042220567,754.2915280179341
5804.847226562354,0.5212950525477517,1370.0312896721607,755.0205180990334
5808.11235394176,0.4079549006291649,1371.72312024483,755.6678844987752
5809.6616170677125,0.3280822300247143,1372.5258738873742,755.9750454203985
5810.940175100886,0.241414923241349,1373.1883614926135,756.2285324813361
5811.531332508103,0.19113488224729103,1373.494671078029,756.3457344482315
5812.039762184703,0.13917530795787614,1373.7581151472707,756.4465344519425
5812.286007848596,0.1094147080339488,1373.885707951424,756.4953543424618
5812.487777535671,0.08145548032883852,1373.9902554254559,756.5353564866633
5812.611100506173,0.062030894044294155,1374.0541555383224,756.5598060273422
5812.712554469152,0.04421154805023135,1374.1067241709895,756.579919882242
5812.783683819606,0.030734549329868185,1374.1435800285346,756.594021690615
5812.829299872082,0.022404789637062064,1374.1672161049898,756.6030653342764
5812.866010885731,0.017704117926224203,1374.1862380126424,756.6103435003447
5812.901155897787,0.01766839519441106,1374.2044484927023,756.6173111955318
5812.936178467689,0.022048835110165258,1374.2225955292583,756.6242546137273
5812.976588020797,0.029328906696931455,1374.2435338455791,756.632266028473
5813.013627578449,0.036412691450626956,1374.2627259901385,756.6396093206932
5813.095665521544,0.051560150507930815,1374.3052341677544,756.6558737771552
5813.187157498307,0.06705898500485019,1374.3526409793833,756.6740125319479
5813.313493198753,0.0864038134893357,1374.418102161766,756.6990592100401
5813.5044221445105,0.11234150270316469,1374.5170325130277,756.736911765839
5813.786415149954,0.14572140782430731,1374.6631479657638,756.7928180804477
5814.1969225360035,0.18745040238749305,1374.8758535242137,756.8742026699512
5814.790135786125,0.2384778350698622,1375.1832286937945,756.9918088442962
5815.644602586654,0.2995115668898625,1375.625973259822,757.1612081797672
5816.869638936633,0.3701757352908584,1376.2607297890092,757.4040712640874
5818.612256219397,0.4477277055792025,1377.1636730042153,757.749540097773
5821.057605562293,0.524801629748008,1378.4307401921958,758.2343145994552
5824.397842747539,0.5856374534209167,1380.1614986752543,758.896477929965
5828.673633067172,0.6021604297107533,1382.377020974797,759.7440755226804
5834.012769781157,0.5290102435454112,1385.1435260852923,760.8024176477551
5836.91020130198,0.4365987145786168,1386.644849375028,761.3767358734927
5839.012421918821,0.3351373166154932,1387.7341298007145,761.79342123288
5840.140285931002,0.2619458378438405,1388.318540804849,762.0169742723058
5840.96437000372,0.1946874613615164,1388.7455461476134,762.1803139406409
5841.405458784289,0.15088821688146117,1388.9740996561475,762.2677405768558
5841.734852727377,0.11232967615327946,1389.1447776567793,762.3330283582816
5841.922306697417,0.08689441680001107,1389.2419083790587,762.3701827339552
5842.05621455727,0.06637944327717497,1389.3112937745705,762.3967239481782
5842.16266931434,0.04812850189834425,1389.3664541343207,762.4178237966981
5842.245587276407,0.032577981387706206,1389.4094187221829,762.4342585248992
5842.292903056862,0.023753576979224224,1389.4339357628894,762.4436367287475
5842.328712006283,0.018506060019875026,1389.4524904496022,762.4507342235502
5842.364520955704,0.017203132769424697,1389.4710451365393,762.4578317161421
5842.398067453608,0.020555148434650724,1389.488427516748,762.4644807788035
5842.426044380382,0.025217046508386385,1389.5029239802752,762.4700259266147
5842.453885106762,0.030426440562256504,1389.5173498706374,762.4755440775797
5842.504039378355,0.03999440906612979,1389.5433376995056,762.4854848652064
5842.5862743590305,0.05491120451226199,1389.5859484001423,762.5017841749525
5842.684312586955,0.07115691175462346,1389.6367476789128,762.5212157377517
5842.823798851373,0.0919528328687763,1389.7090235866342,762.5488624360331
5843.03356072546,0.1195701290769299,1389.8177133620097,762.5904379593475
5843.342306497771,0.15486094216201343,1389.9776924417124,762.6516322930557
5843.790541414909,0.19871197750750139,1390.209948961838,762.7404734993651
5844.437770285864,0.25208109159985287,1390.5453158582543,762.8687551609526
5845.369184991655,0.315501343202354,1391.0279360814425,763.0533615840388
5846.702527101145,0.38817793756213026,1391.7188185718644,763.3176274324377
5848.594342552309,0.46652021790493187,1392.6990792784761,763.6925763795699
5851.236637344523,0.5415713388468639,1394.0682084544735,764.2162565202216
5854.8068806425545,0.594859699744465,1395.9181645464944,764.9238290606007
5859.614359632267,0.5927978417289893,1398.4092097613766,765.8765700123722
5863.951241008443,0.5169954743230091,1400.6564133518193,766.7360145548189
5866.928939486586,0.4135026134000483,1402.199342996281,767.3260897559261
5868.675204323256,0.3237846134010251,1403.1041914601274,767.6721310573447
5869.831119483414,0.2453428422344019,1403.7031433131222,767.9011853186889
5870.505394667393,0.18809226547261246,1404.0525275128816,768.0347975391892
5870.962860383169,0.14125208545216741,1404.2895691937176,768.1254470466913
5871.237387471233,0.10813230797441521,1404.431818914356,768.1798460242452
5871.425194434137,0.08206350867377249,1404.5291335008283,768.2170608818993
5871.549558831136,0.06253737927890249,1404.5935745114473,768.2417042554197
5871.651588584938,0.0446669055929312,1404.6464425416318,768.2619218977125
5871.724110000637,0.03094004952563685,1404.684020447704,768.2762923229002
5871.76988981698,0.022556155892174436,1404.7077418499355,768.285363782494
5871.806450872054,0.01778591769668256,1404.7266864323847,768.2926085039285
5871.841533037995,0.01758853620383286,1404.7448647095628,768.2995601753447
5871.877228556439,0.021975582486772824,1404.763360803475,768.3066333828649
5871.915920955918,0.028917499882857352,1404.7834097702487,768.3143004317167
5871.951870388211,0.035790331917310306,1404.80203743336,768.3214239487149
5872.033290074589,0.05087077119815079,1404.8442260973025,768.3375575617126
5872.123703086092,0.06625465659177657,1404.8910747703496,768.3554732222619
5872.2474275217,0.0853011704154126,1404.955184191556,768.3799896377504
5872.4346935377525,0.11090308532833451,1405.0522185118914,768.4170969829137
5872.711418441643,0.14389297701735013,1405.1956071287602,768.4719307766959
5873.114528895858,0.1851906914535433,1405.4044840898005,768.5518079790065
5873.69715060047,0.23573865294429683,1405.7063772052952,768.6672552336613
5874.536508848323,0.2962751177252041,1406.1413018466912,768.8335741582035
5875.740227329464,0.3665010386352198,1406.765024799962,769.0720890152294
5877.453351134316,0.44383193320035264,1407.6527034135618,769.4115374723508
5879.859409634576,0.5212017032174558,1408.8994364958523,769.888279705084
5883.152265733842,0.5833732343227324,1410.6056778348557,770.5407182808946
5887.313737840816,0.603069585695919,1412.7620078413556,771.3652361464277
5893.397896436539,0.5175594530251558,1415.9146123449475,772.5706458596741
5895.97779246166,0.4313274820447052,1417.2514287974684,773.0817629410188
5898.115377774918,0.325454590664368,1418.3590553761194,773.5052430035131
5899.118322059635,0.2590073436491187,1418.8787484646436,773.7039350788419
5899.967745116805,0.18863443699964888,1419.3188919816168,773.8722119313618
5900.360088460623,0.14909485661021038,1419.5221916360767,773.9499375778826
5900.697342698771,0.10919437428497158,1419.69694591515,774.0167495252554
5900.869674582762,0.08554751270505338,1419.7862427518742,774.0508893600078
5901.002891506645,0.06498054081085582,1419.8552714783937,774.0772802854016
5901.107535552499,0.04690093058178577,1419.9094946603389,774.098010762806
5901.187082874774,0.03192832057580733,1419.9507135278116,774.1137694490242
5901.233515827991,0.02331967020888228,1419.97477359331,774.1229680232739
5901.269391181659,0.018244841268676135,1419.9933630499506,774.1300750876921
5901.304922828853,0.017306434748487122,1420.0117744091438,774.137114060231
5901.339234880274,0.021012185017803397,1420.0295538131513,774.1439114235814
5901.36820188302,0.025955198547481677,1420.044563584607,774.149649908517
5901.395935364021,0.031180189584573706,1420.0589341848022,774.1551440262958
5901.451289429424,0.041711535707716886,1420.087616886183,774.1661098927184
5901.533924058907,0.05656314270535101,1420.1304355018895,774.1824801407537
5901.635405916671,0.07319753714271644,1420.1830201486123,774.202584083865
5901.781558939497,0.09470541243224706,1420.2587519646322,774.2315375248726
5902.000820459957,0.12313952449005121,1420.3723662696289,774.2749739559104
5902.322970405145,0.1593483585949611,1420.539294079227,774.3387927775831
5902.790190225086,0.2042224163221351,1420.7813924942213,774.431350046039
5903.4645958149795,0.25870990568807806,1421.1308480344212,774.5649506247495
5904.434661782126,0.3232447321027908,1421.6335055181398,774.7571205547519
5905.822245073629,0.3968060070202823,1422.3525075400132,775.031997873217
5907.788380474602,0.47535296018931034,1423.3712976214167,775.4214796355802
5910.527599152599,0.5490940946094236,1424.790676437668,775.9640946437748
5914.205619100342,0.5981847670343033,1426.6965151479144,776.6926582219286
5919.247120734775,0.5855800822711202,1429.3088724923398,777.6912716266634
5922.794751108741,0.5193970436324784,1431.1471523702069,778.3939558691507
5926.342381482707,0.39155556496307237,1432.9854343314887,779.0966192621098
5927.659117097521,0.3208174510571119,1433.6677301039222,779.357413939276
5928.975852712334,0.22867076114958151,1434.3500261626186,779.6182057507497
5929.4637792617195,0.185861580256609,1434.6028563082496,779.7148434428691
5929.951705811105,0.13509124442808892,1434.8556864931572,779.8114807418152
5930.176763897285,0.10752746289599513,1434.9723054475328,779.8560549527135
5930.377380476168,0.07945074310039317,1435.0762594873179,779.8957882943735
5930.498006402864,0.060242950394204284,1435.1387645559112,779.9196789656652
5930.597422938119,0.04261072718349148,1435.1902794975429,779.9393689747023
5930.664001006539,0.029956875976694452,1435.224778440706,779.9525551298898
5930.708736011345,0.021883204414518888,1435.2479589031634,779.9614151412428
5930.7457468478015,0.01746555389643796,1435.2671369119712,779.9687453364875
5930.776179821769,0.017582160011562434,1435.2829064515151,779.9747727489894
5930.806612795736,0.021130560994971587,1435.298675991212,779.9808001599627
5930.838549115767,0.026645464291465724,1435.3152245241297,779.9871253149074
5930.867360675283,0.032103416934853024,1435.330153891233,779.9928315932714
5930.92889442114,0.0437595616685383,1435.3620390064368,780.0050186652785
5931.0125888165585,0.05862798472530154,1435.4054071691303,780.0215947568554
5931.118362469624,0.07573386107268547,1435.4602162051494,780.0425437387667
5931.27297262594,0.09812610577111526,1435.5403309949093,780.0731649923658
5931.504142174265,0.1275564171116375,1435.6601167925603,780.1189491126157
5931.843075196317,0.164881678635114,1435.8357427189474,780.1860760915164
5932.334127080169,0.211001637015712,1436.090192559395,780.2833304555893
5933.042639177802,0.2668412831829334,1436.4573244867636,780.4236527955748
5934.061153307553,0.3327008377665132,1436.9850912804318,780.6253702529594
5935.516577439192,0.4072627203776283,1437.7392534529527,780.9136150851896
5937.575286561865,0.4859014358420302,1438.8060224966086,781.3213337606228
5940.434053714984,0.5577504850508324,1440.287361769199,781.887489002572
5944.238769518173,0.6012587308234754,1442.2588692641837,782.6409607527748
5949.5445072836455,0.5746196452395249,1445.008172317274,783.6916496934997
5953.195339992725,0.4926738410835423,1446.89994685865,784.4145930136362
5955.9341303944875,0.3854642196403841,1448.3191242230544,784.956918075849
5957.399899212342,0.303683881887349,1449.078651967304,785.2471591267856
5958.466622216271,0.22659948203332092,1449.6314035524856,785.4583817809447
5959.032243103908,0.1759354129991422,1449.9244954993383,785.5703800623807
5959.456359029779,0.13052974254872018,1450.1442628105094,785.6543586823467
5959.691355174901,0.1010157823876922,1450.2660325274987,785.700889824659
5959.863321296239,0.07633907578823754,1450.3551415094641,785.7349404542052
5959.981111002411,0.05724769669708178,1450.4161774925765,785.758263704404
5960.077288591104,0.03991592374011409,1450.466014562946,785.7773075755985
5960.137854131829,0.028370253548918034,1450.497398269171,785.7892999911835
5960.179758998436,0.021015819166220532,1450.5191124325102,785.7975974546881
5960.21632507729,0.017205862494260798,1450.53806015584,785.804837797673
5960.242699304574,0.017654872389459016,1450.5517266900206,785.8100600804033
5960.269073531857,0.020674246328726036,1450.565393224314,785.815282362002
5960.298636082251,0.02565209713170456,1450.580711876418,785.8211359525465
5960.326423040121,0.03087352402504769,1450.5951104563374,785.8266379621285
5960.379576907598,0.0409987401282475,1450.6226536016552,785.8371627915211
5960.4619813991785,0.055866729821865385,1450.6653537670845,785.853479435507
5960.562012474669,0.07233842075929403,1450.7171876357395,785.8732862469054
5960.705344803491,0.09354659189474124,1450.7914592493541,785.9016669631216
5960.920601101653,0.12163862905687307,1450.9030002647767,785.944289021693
5961.23710078373,0.15746310496048171,1451.0670033585293,786.0069577502895
5961.696309564432,0.20190819632963325,1451.3049551609759,786.0978833986113
5962.359245530492,0.2559270566529339,1451.6484739312011,786.22914744969
5963.313000961302,0.3199959513653098,1452.1426890469547,786.4179936994685
5964.677702242977,0.3931899946668347,1452.8498475317201,786.6882058105901
5966.612506974823,0.4716591920995871,1453.8524217234199,787.0712937494611
5969.310939589883,0.5459652519170686,1455.2506924632416,787.6055685322175
5972.944016364622,0.596840302487553,1457.1332778962058,788.324879083049
5977.889414955952,0.5887354344834903,1459.695884818041,789.3039811080215
5981.681077454841,0.5205234540064375,1461.6606513520007,790.0546369398427
5984.898699208478,0.40881617536403575,1463.3279628164732,790.6916286796861
5986.48089251747,0.3272853855200465,1464.147826426578,791.0048489711467
5987.738803568915,0.2419871091091619,1464.7996531908277,791.2538695703902
5988.343268860205,0.19058167102073015,1465.1128762656574,791.3735307913082
5988.843177577604,0.13946922959692074,1465.371920042614,791.472493329801
5989.093893269922,0.10917287513150632,1465.5018364555278,791.5221251625786
5989.2933013944685,0.08152979807026954,1465.605166206425,791.5616000456498
5989.416806893672,0.06208392097942325,1465.6691645672117,791.5860491937038
5989.518316449473,0.04426033055707346,1465.7217650217758,791.6061440065814
5989.589598171552,0.03075605534340337,1465.7587019490745,791.620254913211
5989.635225088338,0.02242172561873318,1465.7823450105664,791.6292871986109
5989.67192281017,0.017712907843163615,1465.8013611213612,791.6365518618819
5989.707060851336,0.017659536426107174,1465.8195690334035,791.6435077694978
5989.742182038967,0.02204493308990052,1465.8377682124378,791.6504603388182
5989.7824830882155,0.029303632746733498,1465.8586515045042,791.6584383080118
5989.819465574519,0.036376316090953736,1465.8778151760803,791.6657593343763
5989.901475584862,0.05152117222139341,1465.9203113165474,791.6819939691576
5989.992904026753,0.06701289788168006,1465.967687923333,791.7000930562529
5990.119092142413,0.08634065820412855,1466.033076382462,791.7250731131722
5990.309818283835,0.11225951675534496,1466.131907314702,791.7628289963491
5990.591518121499,0.1456171079476724,1466.2778792269628,791.8185937999219
5991.001607707223,0.18732037327016854,1466.4903804760215,791.8997741844219
5991.5942170160115,0.23831802192968263,1466.7974602996003,792.0170852743314
5992.447815435215,0.29931900233493897,1467.2397802328885,792.1860599652991
5993.671615501551,0.3699506297608474,1467.8739324563544,792.4283161546156
5995.412501454616,0.4474772494966159,1468.7760301337294,792.7729274632752
5997.855497902103,0.5245467501916515,1470.0419504097813,793.2565145554494
6001.1927641846705,0.5854237451510466,1471.7712680159195,793.9171054729034
6005.462726569568,0.6020741638447797,1473.9838962659758,794.762291833474
6010.806687618779,0.5290285137657954,1476.7530579874588,795.8200220995976
6013.704054215137,0.4366874338716605,1478.254432450971,796.3934789393242
6015.807994729085,0.33519037700696686,1479.3446655421353,796.8098897964016
6016.935869618237,0.2620214021518583,1479.9291151103619,797.0331153447469
6017.760651251588,0.19472351934608367,1480.3565059634657,797.1963523280931
6018.201727281605,0.1509343318907481,1480.585065728875,797.283647623303
6018.531383197761,0.11235212131412156,1480.7558890846344,797.3488910731907
6018.718852860856,0.08691830519248953,1480.853033403522,797.3859938269735
6018.852845776196,0.0663928507166067,1480.9224667769568,797.412512783042
6018.959313295589,0.048141423495634134,1480.977636852786,797.4335840818441
6019.04226509674,0.03258539247731024,1481.0206213922595,797.4500013035021
6019.089588600365,0.023759079513831636,1481.045143813969,797.4593672248371
6019.125399650555,0.018509259581272405,1481.0637006328502,797.4664546833286
6019.161210700745,0.01720212761047807,1481.0822574519316,797.4735421397917
6019.194750484072,0.020550164005309388,1481.0996373303324,797.480180082186
6019.222734878244,0.025212150595245113,1481.114138478643,797.4857185422586
6019.250585951576,0.030423179720232774,1481.1285705419527,797.491230615247
6019.300721335829,0.03998750933207834,1481.154550045129,797.5011530267785
6019.3829494361835,0.054903439056885106,1481.1971595766736,797.5174269744482
6019.480974115634,0.07114745321577405,1481.247954691316,797.5368272445277
6019.6204321000805,0.09193999213575436,1481.320220008583,797.5644276407903
6019.830158499168,0.11955382111174469,1481.4288975118784,797.6059349354133
6020.138850280614,0.15483997397040572,1481.588857606809,797.6670285042101
6020.587002885781,0.19868474371228548,1481.821084526087,797.755722667499
6021.234108075905,0.2520456450147226,1482.156406172597,797.8837911017341
6022.16533890677,0.315455348213745,1482.638958212317,798.0680896130617
6023.498409274157,0.38811860417638233,1483.329738652401,798.3319132076571
6025.389824921072,0.46644431852585266,1484.3098471265032,798.7062322783358
6028.03153278289,0.5414753997280634,1485.6787487849872,799.2290278798238
6031.600902489562,0.5947408013019864,1487.5283555146207,799.9353908782576
6036.407557710245,0.5926518874501361,1490.0191126107254,800.8865757548426
6040.741267539291,0.516879430301327,1492.2647975324282,801.7441388127304
6043.718615979917,0.41338015480663315,1493.807631271055,802.3332853642089
6045.463665499781,0.32370942636774647,1494.711900021564,802.6785827825435
6046.619438956336,0.24526603484727344,1495.3108115454163,802.9072760187486
6047.293212695989,0.18805007048573552,1495.6599551979407,803.0405948661028
6047.750632905965,0.1412089772452895,1495.8969863852767,803.1311036816819
6048.024976403896,0.10810742631185405,1496.0391488229086,803.1853873204159
6048.212748373459,0.08204096315096741,1496.1364506468371,803.2225412069486
6048.337087640349,0.0625167371196079,1496.2008821913294,803.2471438211799
6048.439092789681,0.044648832503276926,1496.2537403889164,803.2673272367867
6048.511560939023,0.03093167078671577,1496.291292766226,803.2816662557508
6048.557328786298,0.022550953121197172,1496.315009274997,803.2907221752157
6048.593898274334,0.017782874937169367,1496.3339592725592,803.2979580460463
6048.628983918613,0.017591594836867938,1496.3521403551038,803.3049003121802
6048.664665360505,0.021980278942861267,1496.3706301750983,803.3119604646062
6048.703456579069,0.028941611869428764,1496.3907314551604,803.3196359345692
6048.739479334309,0.03582857564182728,1496.4093981412427,803.326763617188
6048.8209494449875,0.05091520327589303,1496.4516152619858,803.3428837839862
6048.911428475073,0.06630572249069526,1496.4985007295872,803.3607864977101
6049.035320861796,0.08537122239438828,1496.5627007178261,803.3853005542451
6049.222826462827,0.11099485892516135,1496.6598645408174,803.4224014398347
6049.499894871269,0.14400958140197173,1496.803439066004,803.4772236128986
6049.903481349769,0.18533367249994875,1497.0125742148284,803.5570790846218
6050.486778819428,0.23590974803157377,1497.3148341451213,803.6724925488074
6051.327094058903,0.29647347159595383,1497.7502786518314,803.8387595983597
6052.532151722238,0.3667196703845711,1498.374729897043,804.0771936529617
6054.247107252156,0.44405169213166396,1499.2634065208192,804.4165127724086
6056.655559464381,0.5213808845147723,1500.5114484895141,804.8930386238528
6059.951170291619,0.5834314574640326,1502.219210861214,805.5450792139649
6064.119342469375,0.6028762861727002,1504.3791307496008,806.3697330054837
6070.2086699182755,0.5166407304924551,1507.5345856028378,807.5744302570154
6072.774341529418,0.43054280191630206,1508.8641037132966,808.0819991417764
6074.906307388443,0.32467566333676146,1509.9688784397506,808.5037599481178
6075.903255533718,0.2584941056886619,1510.4854925353045,808.7009809918842
6076.750908282879,0.18815472968134886,1510.9247425378671,808.8686665038725
6077.140964550996,0.1487888749657564,1511.1268680517042,808.9458283725979
6077.477445063695,0.10893208192715298,1511.3012308532775,809.0123915685267
6077.6489911595,0.08536738422386266,1511.3901253328524,809.0463270667212
6077.78179147272,0.06484698461162222,1511.45894191067,809.0725977867633
6077.8862858872,0.046780014139392,1511.513090489677,809.0932689803006
6077.965468112707,0.031871354725337954,1511.554122396781,809.1089328791574
6078.011845832562,0.023278207246691364,1511.5781551429586,809.1181073568107
6078.047744579652,0.01821926427381327,1511.5967577282058,809.125208873415
6078.083223156553,0.017317161124232414,1511.615142583154,809.1322272696957
6078.117635485986,0.021059738166301318,1511.6329749131605,809.1390347383258
6078.146898465158,0.026066727763457885,1511.6481388708169,809.144823557819
6078.17476771326,0.03132234749441561,1511.662580602779,809.1503366674002
6078.231057713608,0.04202525738929965,1511.6917498542825,809.1614719817655
6078.313813421326,0.05687259485516373,1511.734633529632,809.1778427459737
6078.415942147121,0.07357881560841943,1511.7875562265533,809.1980458731496
6078.5633576534765,0.09521969851699962,1511.8639463546515,809.2272076130146
6078.784410744055,0.12380521531109882,1511.978495191633,809.2709362793772
6079.10908212135,0.16018308765365968,1512.1467386281251,809.3351625527813
6079.579872810614,0.20524466067298594,1512.3907005480235,809.4282937623823
6080.259383904109,0.2599350233053552,1512.7428206351547,809.5627131738273
6081.236698508011,0.3246678450629872,1513.2492614999717,809.7560421865729
6082.63442859888,0.39837721914822516,1513.9735603857453,810.0325337964908
6084.614408931218,0.4769337059717571,1514.9995798270506,810.424197954845
6087.371523373166,0.5503826903634572,1516.4283086392536,810.9695786709807
6091.0687346508785,0.5986168686977902,1518.3441947175281,811.7009002860742
6096.151909721199,0.5838860725614794,1520.9782872465064,812.7063364041268
6099.709326665168,0.5154679573414713,1522.821736830307,813.409958905891
6102.8966408827755,0.40158501183920087,1524.4734011732746,814.0403623248459
6104.3895541851025,0.323118240291736,1525.2470284793942,814.3356330947261
6105.639172582862,0.23715144608979352,1525.894580678439,814.5827820084489
6106.209106638605,0.1880692886958333,1526.1899205575987,814.6955024992809
6106.706073180445,0.13674582886871187,1526.4474487035186,814.793791209467
6106.944750039748,0.107629824527012,1526.5711311052535,814.840995945561
6107.141622058185,0.0801332444247044,1526.6731502354403,814.8799325906032
6107.263381418082,0.06081533278228093,1526.7362459696628,814.9040136927392
6107.363424537498,0.0431274105084206,1526.7880883436517,814.9237998227712
6107.431418624938,0.030216507337860927,1526.8233229006592,814.9372474141343
6107.476478480293,0.02205111984499604,1526.8466729319275,814.946159163403
6107.513444229668,0.01753450150517503,1526.8658285951446,814.9534700920277
6107.548934357968,0.017884514969727212,1526.8842195912364,814.9604891766452
6107.580880162961,0.021996832772510373,1526.900773917989,814.9668072786405
6107.61946697013,0.02892220435110752,1526.9207696144747,814.9744388070211
6107.655499724591,0.035810874138769475,1526.939441800184,814.9815652040932
6107.73692685505,0.0508909622327319,1526.9816373677952,814.9976694906358
6107.827373394038,0.06627820060896263,1527.0285067972188,815.0155575828804
6107.951175588495,0.08533316360319869,1527.0926611413997,815.0400425800998
6108.138558350414,0.11094534077794692,1527.1897629640757,815.0771021891942
6108.415448503336,0.14394644613082344,1527.3332475622683,815.1318640171445
6108.818782984607,0.18525509744717145,1527.542255686827,815.2116331084567
6109.401717509825,0.23581348076296424,1527.8443326838756,815.3269219910405
6110.241512157662,0.29635796749678545,1528.2795148279622,815.4930100416667
6111.445830285776,0.3665854218718188,1528.903593462356,815.7311888456566
6113.159752670122,0.443903611781631,1529.791749804171,816.0701486403237
6115.566805368882,0.5212325136063055,1531.0390877144428,816.5461802516814
6118.860658551333,0.5833117801398688,1532.7459681885034,817.1975760872787
6123.025142169016,0.6028372685007783,1534.9040131421532,818.0211252846632
6129.111064672887,0.5168700472971572,1538.0577566696218,819.2246024923571
6131.68102194144,0.430740547780853,1539.3895179472404,819.7327889386818
6133.814436620827,0.32488767074280805,1540.4950619818253,820.1546454043772
6134.813162277211,0.2586286854780502,1541.012605844867,820.3521287536553
6135.661247774062,0.18828739581469175,1541.4520874528314,820.5198240483504
6136.051977760351,0.14887039235568494,1541.6545654730046,820.5970842694018
6136.38865284748,0.1090045062512248,1541.8290320212454,820.6636558686279
6136.560427156666,0.0854159172905955,1541.9180462491213,820.697621163079
6136.693339589372,0.0648832912702799,1541.9869220788735,820.7239021868855
6136.797874882743,0.04681305926228573,1542.041092747194,820.7445721273104
6136.877156979475,0.0318870382602113,1542.082177094284,820.7602486995361
6136.923547882357,0.023290038730400118,1542.1062170738976,820.7694216405134
6136.959441215679,0.01822647838780419,1542.1248171648133,820.7765188795219
6136.99493429786,0.01731416566135163,1542.143209843924,820.7835369744168
6137.029318576229,0.021046314263720625,1542.1610279359522,820.7903358222454
6137.058499063146,0.026035380508470384,1542.1761493993238,820.796105716273
6137.086330385379,0.03128240415230646,1542.1905717194272,820.8016088371005
6137.142360933979,0.04193772192299641,1542.2196070095993,820.812687821368
6137.225079280057,0.056785500757845914,1542.2624720410406,820.82904380568
6137.327027258671,0.07347153950577026,1542.3153019588087,820.8492020710867
6137.474089548298,0.09507501345409507,1542.3915103254997,820.8782808023591
6137.694643948155,0.12361811206951688,1542.5058026534894,820.9218911203061
6138.018610747768,0.1599480768925474,1542.673683786459,820.9859490853979
6138.488399710538,0.20495574467519362,1542.9171306833134,821.0788401924815
6139.166474642381,0.2595867835367006,1543.2685124258956,821.2129149852865
6140.141744580883,0.3242599028956381,1543.7739021892614,821.4057525198925
6141.536602462555,0.39792071655097994,1544.4967247631027,821.6815515955726
6143.512643144014,0.4764628082097841,1545.5207197514746,822.0722604039871
6146.264614969275,0.5499743182680472,1546.9468073983578,822.6163789929066
6149.956136431858,0.5984174396176333,1548.8597767843064,823.3462471917911
6155.027741036694,0.5842270742321622,1551.4879170205338,824.348945141979
6158.577370220388,0.5165052153172511,1553.3273613558113,825.0507133337833
6162.126999404081,0.38630785736795537,1555.166807485886,825.7524628692515
6163.396179638234,0.31709421165615237,1555.8245072323016,826.0033709335604
6164.665359872386,0.2275753454687475,1556.4822072076042,826.2542766178614
6165.153041702634,0.18461780789384816,1556.7349281343113,826.3506863609848
6165.6407235328825,0.13360635257003461,1556.9876490947884,826.4470957529726
6165.861549675203,0.10640282078599338,1557.1020831309577,826.4907505633016
6166.058931009201,0.07864202782079746,1557.204367868491,826.5297705414415
6166.178590862116,0.05950311633629705,1557.2663766559092,826.5534258649961
6166.277183225738,0.041947597244342584,1557.3174680867496,826.5729163816964
6166.342075667098,0.02960139525214834,1557.3510959219316,826.5857448239187
6166.38627316695,0.021670472873849933,1557.3739994563268,826.5944821256828
6166.423273105486,0.017388193068252344,1557.3931731511548,826.6017965559415
6166.452068501454,0.017560601711057992,1557.4080951797184,826.6074890482048
6166.480863897422,0.0208337212784715,1557.4230172084003,826.6131815392446
6166.510567764894,0.025873530973474595,1557.438410015168,826.6190536225008
6166.538310470608,0.03109660778451739,1557.4527865306848,826.624538007419
6166.593070175251,0.041518313933435365,1557.4811634943635,826.6353633107944
6166.675629247311,0.05637186102133566,1557.5239463371217,826.6516841903406
6166.776715534825,0.07296177265042846,1557.576330148429,826.67166765128
6166.922097105058,0.0943874253351509,1557.6516681708936,826.7004076943635
6167.140270355932,0.12272828368153033,1557.7647274951753,826.7435376462178
6167.460879356203,0.1588312188561157,1557.9308699505707,826.8069176568155
6167.925905385949,0.20358548685908007,1558.1718506299771,826.8988466678604
6168.597161765405,0.2579401700732145,1558.519701789194,827.0315439142666
6169.562738122619,0.32233958645350236,1559.0200723489215,827.2224226096896
6170.944003712714,0.3957870347468466,1559.7358571263703,827.4954738981857
6172.9014503806075,0.4742904637293416,1560.7502248017365,827.8824209809766
6175.629267854492,0.548149350935886,1562.1638069345915,828.4216451833673
6179.2944325854105,0.5976685555519727,1564.0631333852614,829.1461432885301
6184.310115941777,0.5861915199981442,1566.6623156817534,830.1375683320742
6187.878753982921,0.5204775975229513,1568.5116253234592,830.8429407502325
6191.447392024064,0.39262485060214203,1570.3609367465801,831.5482945656283
6192.7720191062235,0.32171861563542337,1571.0473749847954,831.8101070225229
6194.096646188383,0.22925926328943427,1571.733813467837,832.0719169218788
6194.586448044283,0.18637125713879144,1571.9876350373752,832.1687246338521
6195.076249900184,0.13549999006780494,1572.2414566403622,832.2655319964141
6195.3023469006075,0.10785605392955064,1572.3586230167505,832.3102190393605
6195.50398963655,0.07967691238867024,1572.4631168844721,832.3500727454563
6195.624879439594,0.06045179144396329,1572.5257635430642,832.3739659987125
6195.724532160971,0.042798065889807606,1572.5774048729513,832.3936618350497
6195.7916154397435,0.030052585036259353,1572.6121682969585,832.4069204841871
6195.836471565843,0.021944850375596424,1572.6354133228863,832.4157860525274
6195.873475200575,0.017489909624204533,1572.6545890862221,832.4230996166309
6195.904429489333,0.0175913635799784,1572.67063000018,832.4292175593708
6195.935383778091,0.021231172052378563,1572.6866709142716,832.4353355007161
6195.968219108115,0.026933492957921707,1572.7036866085014,832.4418252177798
6195.997796067065,0.03254730390493322,1572.7190137726748,832.4476709349062
6196.062322568956,0.04474022588130401,1572.7524522442295,832.4604242253022
6196.146695540656,0.05964314119205275,1572.7961754151431,832.4771000466806
6196.254567938923,0.07697380028390248,1572.8520762958779,832.498420376351
6196.413388318097,0.09979835157875523,1572.9343790863536,832.5298102367047
6196.650429692065,0.129708109960956,1573.057217022362,832.5766599220061
6196.997631978577,0.16756890019564735,1573.2371417961976,832.6452820473594
6197.500438420168,0.21428497947278502,1573.4977027116363,832.7446579445552
6198.225757753485,0.2707649344443536,1573.8735727980263,832.8880111871746
6199.268107301079,0.33723786245530357,1574.4137322690863,833.0940214357596
6200.756819343858,0.4122319742849248,1575.1852030145058,833.3882481520214
6202.860736533892,0.4908209625013904,1576.275481924841,833.8040575626555
6205.777229101053,0.5615903522494653,1577.7868496192254,834.3804503600127
6209.639552901867,0.6021533870758055,1579.7883622457239,835.143750888684
6215.063647030239,0.5681978515190805,1582.5992105493995,836.2156634201721
6218.606965783308,0.4831553539440921,1584.4354145546401,836.9158731399186
6221.216584755313,0.3770729129975016,1585.7877616191222,837.4315590600252
6222.629080650386,0.2961700902345503,1586.519740392355,837.7106778075456
6223.644887048607,0.2212105954968856,1587.0461482654598,837.9114062526611
6224.191703504914,0.17136880147223235,1587.3295177615387,838.0194593162097
6224.595947172583,0.1274243370206508,1587.5390036639312,838.0993391646971
6224.823592005448,0.09845754560224464,1587.6569730745418,838.1443224122888
6224.988034233881,0.07459070158165677,1587.7421898287648,838.17681660441
6225.103845845258,0.05563508087708207,1587.802205373933,838.1997012426976
6225.198320626795,0.038469401476630416,1587.8511638126308,838.2183696605257
6225.2565813509855,0.027366332318027948,1587.881355511462,838.2298820971861
6225.296403113837,0.020529643534739676,1587.9019918269769,838.2377509550745
6225.336224876689,0.017034509966147915,1587.9226281427086,838.2456198106856
6225.362658073986,0.01821097349493338,1587.9363262758632,838.2508430591784
6225.388793806232,0.021647436399281236,1587.9498702576548,838.2560075270424
6225.422572406002,0.0276054790137605,1587.9673749037672,838.2626822378703
6225.454715587202,0.033729057988636305,1587.9840320482483,838.2690337855863
6225.526869213194,0.04726489508889796,1588.0214232878407,838.2832914603895
6225.613359480855,0.062312313458191736,1588.0662440206013,838.3003820692422
6225.72666610015,0.08020814796260285,1588.1249614459798,838.3227716138406
6225.8966608329865,0.10415868554993299,1588.2130556233144,838.3563627734628
6226.149089673589,0.13529387282653027,1588.3438685721464,838.4062429334238
6226.518009380087,0.17452790524108816,1588.535049098631,838.4791416259811
6227.051756308312,0.222775360380921,1588.8116459545324,838.5846099026702
6227.821314497745,0.2808917031151427,1589.2104443380947,838.7366737136838
6228.926351207409,0.34891143321917667,1589.7830936432315,838.9550262080879
6230.502463872594,0.42494696274813,1590.5998630167844,839.2664591063964
6232.724663324554,0.5032657938079723,1591.751446530365,839.7055498543574
6235.790700711396,0.5709963312992355,1593.3403230620236,840.311365355457
6239.791413954147,0.6036584458206357,1595.41356760024,841.1018424015019
6245.49485169794,0.5501589871555773,1598.3691996154666,842.2287111565208
6248.675560754039,0.4618894956053326,1600.0175066233646,842.8571263563227
6251.059605216527,0.356531243995938,1601.2529670095248,843.3281344785487
6252.314414802467,0.2802036710961154,1601.9032351957271,843.576039998116
6253.245707376528,0.20812271582192657,1602.3858503363901,843.7600286766743
6253.733947527305,0.16177257657066252,1602.6388665624545,843.8564862293828
6254.105133763602,0.11999420631714387,1602.8312230308802,843.9298181860001
6254.311113388557,0.09297064069729023,1602.937965987154,843.9705116605173
6254.46154058156,0.07057121849796015,1603.015920513147,844.0002301208797
6254.572664094474,0.05196684390005256,1603.0735070498413,844.0221837088578
6254.6630642993205,0.03525406918193065,1603.1203543345714,844.0400431821945
6254.716185701835,0.02520486494476797,1603.1478829615185,844.0505378462839
6254.752811461462,0.019361936225284482,1603.1668631999435,844.0577736288953
6254.78943722109,0.01703355973812301,1603.1858434385485,844.0650094096059
6254.817076944689,0.018909132988296096,1603.2001669244937,844.0704699088502
6254.844025300864,0.022855144143804098,1603.2141321294018,844.0757938206178
6254.874812409382,0.028427871917864306,1603.230086656624,844.0818761142588
6254.9123146466245,0.035592050894457265,1603.2495211049722,844.0892850452766
6254.992429875962,0.050452670681938226,1603.2910385029923,844.1051125798703
6255.082403975507,0.06580085809360432,1603.33766497608,844.1228878183155
6255.204587746233,0.0846670611987415,1603.4009831807978,844.1470263650494
6255.389792625593,0.11007864855718545,1603.496960255852,844.1836152809296
6255.663516187495,0.14284251437853196,1603.638809587783,844.2376917822538
6256.062412639472,0.1838891769994276,1603.8455261735303,844.3164971008716
6256.638988656799,0.23415503081411473,1604.14432010914,844.4304041002803
6257.469706954074,0.2943937878119813,1604.5748160493042,844.5945180222791
6258.661204915548,0.36434684755672836,1605.1922758681449,844.8299046607144
6260.357360508525,0.4415144361682092,1606.0712604320966,845.164985584108
6262.740667474139,0.5189925195219942,1607.3063423703143,845.6358085746277
6266.005612369796,0.5818297158537319,1608.9983096509638,846.2807863839705
6270.150245660977,0.6030393908327426,1611.146153129478,847.0995217497849
6276.186740963443,0.5214021391194138,1614.2744067259675,848.2919343779658
6278.834432484249,0.43464304937526316,1615.6465041616755,848.8149271466142
6280.996118398782,0.32890598741634874,1616.7667424894462,849.2419129959371
6282.0272744597905,0.261233781422454,1617.301112910336,849.445589237997
6282.884074070082,0.19078292737803296,1617.7451276389424,849.614825073628
6283.287149563343,0.1504328782815439,1617.9540113526355,849.694440555173
6283.627657523438,0.11036924347043159,1618.1304710361833,849.7616975189205
6283.803652368933,0.0863401523445032,1618.2216759430448,849.7964598701309
6283.938689916669,0.0655742408167067,1618.2916557621554,849.8231323415843
6284.044004563117,0.04743989838176198,1618.3462324355128,849.8439339597876
6284.1251318563445,0.03219374689971926,1618.3882746208822,849.85995811144
6284.171840308891,0.023511218071817,1618.4124801055486,849.869183896729
6284.207655160708,0.01836131983025627,1618.4310402549079,849.8762579918553
6284.243457185777,0.01726344010358974,1618.4495937572954,849.8833295516691
6284.277382326478,0.02081772232819583,1618.467174611546,849.8900303905741
6284.305559309405,0.02557509410172426,1618.4817766271522,849.8955958614322
6284.333169238861,0.03075883174756356,1618.4960847816033,849.9010493277536
6284.3856934409,0.04076756353686311,1618.5233041341203,849.9114238158925
6284.4680384162775,0.05564291362820962,1618.5659773564512,849.9276884430444
6284.567606006593,0.07206187151379867,1618.6175757690742,849.9473548365668
6284.710040451699,0.09317346322864402,1618.6913888589906,849.9754881823768
6284.924024788672,0.12115520984070806,1618.8022808964538,850.0177538559187
6285.238722742863,0.15685424910021617,1618.9653652612642,850.079912125566
6285.695368819859,0.20115739545221006,1619.2020107231424,850.1701073497908
6286.354625116627,0.25501822658168816,1619.5436539362422,850.3003209612644
6287.303131257083,0.3189245680736778,1620.0351938021618,850.4876649557731
6288.660437582901,0.39197887890488964,1620.738584467142,850.7557508501353
6290.585051778022,0.4703866204932171,1621.735968916567,851.1358831225941
6293.2700534961505,0.5448135523693401,1623.127406500171,851.6661915907374
6296.887712629711,0.5961650982242395,1625.0021728599322,852.3806911954913
6301.801941992185,0.5893234244049664,1627.548858845019,853.3512385639323
6305.710030801695,0.5193395666091567,1629.5741379520114,854.1230519096742
6308.871636612277,0.4094230002710842,1631.2125704932116,854.7474259207912
6310.486764359676,0.32617100748246625,1632.0495753583382,855.0663862800023
6311.720689861136,0.24241556061049513,1632.6890306697337,855.3100632270912
6312.3388082784495,0.18982877662486683,1633.0093572990493,855.4321291324623
6312.828815673285,0.13968080472525454,1633.2632931704115,855.5288953231108
6313.084111684941,0.1088236613313743,1633.3955948905636,855.5793108034705
6313.280700001202,0.08155006712186438,1633.4974726038333,855.6181327133129
6313.404317742563,0.06208868122748081,1633.561534871387,855.6425444969431
6313.505826237569,0.04426638996201983,1633.614139493326,855.6625901751794
6313.577134124294,0.030757680607516078,1633.6510932921526,855.6766718940532
6313.6227506318355,0.02242506224163621,1633.6747330793473,855.6856801342676
6313.659449696974,0.01771448935874096,1633.693751591413,855.6929273769251
6313.694590427022,0.017658497224892156,1633.7119625295365,855.6998668815952
6313.729724349158,0.022044326154988924,1633.7301699397638,855.706805040152
6313.770031870569,0.029303940134248963,1633.7510584583208,855.7147648659808
6313.807026086923,0.03637868379071759,1633.7702299269502,855.7220703868618
6313.889018489388,0.05151984225953949,1633.8127207525465,855.738262024863
6313.980449466335,0.06701159538732343,1633.8601029204433,855.7563175561017
6314.106635189212,0.08633837906377348,1633.925496001322,855.7812363375216
6314.297368086529,0.11225708312078607,1634.0243392934997,855.8189016613696
6314.57907332627,0.14561341584871482,1634.170327087724,855.8745318212862
6314.989160514175,0.18731331315542227,1634.3828461350654,855.9555142011621
6315.581755986627,0.23830474674630808,1634.6899462951394,856.0725371784744
6316.435321043134,0.2992951888514933,1635.1322885421462,856.2410943557866
6317.659050923047,0.3699093243203091,1635.7664611351797,856.4827478279783
6319.399794178863,0.4474070951342871,1636.6685655053407,856.8264938713985
6321.842496097148,0.5244291840684795,1637.9344461667029,857.3088492564079
6325.1790964085085,0.5852293258787569,1639.6635727593148,857.9677076916977
6329.4503566849835,0.6017570681629641,1641.8770703352523,858.8111055266
6334.785473157211,0.5286505224451034,1644.641893983556,859.8645360123788
6337.67976424619,0.4363112536379604,1646.1418073634065,860.4360038763917
6339.780257290419,0.3349017309268863,1647.2303501063889,860.8507318746579
6340.906739608409,0.2617773400301071,1647.8141295399707,861.0731456320171
6341.7301988170775,0.19455014752914876,1648.2408727369962,861.2357291195941
6342.170736787789,0.15079297358476962,1648.4691737982841,861.3227083974376
6342.499878220452,0.11225390383024514,1648.639745577565,861.3876935065763
6342.687129372374,0.08683991957163231,1648.7367852116392,861.4246639808517
6342.820920838532,0.0663385573227067,1648.8061203014238,861.4510794577666
6342.927327996684,0.04809253126574177,1648.8612639536607,861.4720882229885
6343.01014752046,0.03255938398457966,1648.9041837271345,861.4884398935491
6343.057428120887,0.02374312351146514,1648.928686073924,861.4977748476754
6343.093240761127,0.018499583494712334,1648.9472453504907,861.5048455966711
6343.129053401367,0.017206085804339667,1648.9658046272207,861.5119163439203
6343.162612244413,0.02056678579903827,1648.9831959129785,861.5185421061876
6343.190595687652,0.025232360318042185,1648.9976978450286,861.5240670762445
6343.2184339120095,0.03044191091802077,1649.0121245200219,861.5295633736478
6343.268712425678,0.04003273688741909,1649.0381804844214,861.53949021331
6343.3509356094755,0.0549439076368161,1649.0807912186783,861.555724105874
6343.44904896163,0.07119769023080526,1649.1316367573124,861.5750952923698
6343.588674210806,0.09200755209700734,1649.2039951168306,861.6026624324684
6343.798647965584,0.11964199802189762,1649.312810371809,861.644118895199
6344.107682643619,0.15494997243624667,1649.4729622415891,861.705133481073
6344.556310171844,0.19881698670390507,1649.7054557100398,861.7937084964799
6345.204084673541,0.25219956496219686,1650.041153703311,861.9216017176851
6346.136252806623,0.3156262407676943,1650.524233897934,862.105643133513
6347.470613015767,0.3882931931740706,1651.215743450608,862.3690887684609
6349.363744355082,0.46659317852874166,1652.196827054816,862.7428496508034
6352.007567168601,0.5415402303596244,1653.5669447010862,863.2648113946755
6355.578891266023,0.5946171891775118,1655.417726022695,863.9698717957529
6360.392188673436,0.5921201788768611,1657.9121426020756,864.9200985923399
6364.691225728238,0.5167278252173068,1660.1400542133701,865.7687751833403
6367.678774237015,0.41279426234338856,1661.6883078825456,866.3585350163462
6369.4123488927335,0.323639921605119,1662.586708309531,866.7007474454368
6370.572425863294,0.24486317179256448,1663.1879019224498,866.9297475873065
6371.24127284798,0.18803196219002966,1663.5345225643068,867.061777705841
6371.700533636653,0.1409851411797601,1663.7725281092253,867.1524352474928
6371.973149154899,0.10807569462250143,1663.9138073394865,867.2062490972946
6372.16134832763,0.08194259470370015,1664.0113389690537,867.2433992426268
6372.285575652213,0.062426183882989775,1664.075718071709,867.2679214452819
6372.387472707349,0.044568938606851995,1664.12852482074,867.2880356860147
6372.459701581137,0.030894958352975545,1664.165956443137,867.3022934885789
6372.50543048297,0.022525670379412395,1664.1896548191557,867.3113202580381
6372.542030641686,0.017768701320996335,1664.2086223494805,867.3185450346907
6372.577127422172,0.017605169074762384,1664.2268107748118,867.3254730466784
6372.612730378338,0.02199887876534864,1664.2452615189077,867.3325009747202
6372.651910823135,0.029036932336699017,1664.265566247641,867.3402350874524
6372.688204662486,0.035976271605263885,1664.2843750328204,867.3473993903173
6372.76986254403,0.05108582765014248,1664.3266931121839,867.3635184223695
6372.860598371327,0.06650271433067645,1664.373715713653,867.3814294044156
6372.985135938651,0.08564155086627727,1664.43825560625,867.4060127312503
6373.173551278341,0.11134798120472168,1664.5358992852478,867.4432052912334
6373.451926837283,0.14445813825090437,1664.6801636285606,867.4981556113314
6373.85733727151,0.18588563513369052,1664.8902620837423,867.5781819663239
6374.4432356613315,0.23657419195810495,1665.1938960085993,867.6938355126038
6375.287247446703,0.2972505391212143,1665.6312937889547,867.8604386012883
6376.497498319952,0.36758794995353905,1666.2584902166548,868.0993335183997
6378.219594846817,0.44494636577300556,1667.150944165772,868.4392597415866
6380.637461488611,0.5221559626786012,1668.4039724796946,868.9165179625721
6383.944141636506,0.583800773058795,1670.1176181486128,869.5692047663402
6388.142740071134,0.6023487863421869,1672.293491281872,870.3979211915164
6393.57605715148,0.5308047311614119,1675.1092457423465,871.4703106095075
6396.486289439171,0.4392319522558168,1676.6174418547414,872.0446953571148
6398.623408698108,0.3370102228163968,1677.724981245356,872.4664856860729
6399.757731710469,0.2638785442976341,1678.3128323450671,872.6903577073256
6400.595626336816,0.19586752667444612,1678.7470626195263,872.855724994264
6401.039023395739,0.1520375209833144,1678.9768486210633,872.9432336742578
6401.373691847247,0.11302059112346699,1679.1502871472603,873.0092835436095
6401.562309142427,0.08751283496630859,1679.248036151019,873.0465088205419
6401.698088362612,0.06677130760875662,1679.318402360029,873.0733060108876
6401.804951687812,0.048492052640913885,1679.3737832002116,873.0943963848554
6401.888822903485,0.0327815092125949,1679.417248612575,873.1109490624588
6401.936444556539,0.023885959550677256,1679.4419280547784,873.1203475851253
6401.972278156807,0.01858462786805502,1679.460498457501,873.1274196371915
6402.008111757075,0.01717602883117761,1679.4790688603816,873.1344916875543
6402.041524064126,0.020432450656726435,1679.496384452551,873.1410858746143
6402.072138600753,0.025542397027372196,1679.5122501284502,873.1471278979182
6402.100226365656,0.03081577824660921,1679.5268063304022,873.152671241549
6402.152778070605,0.04082861900991131,1679.5540407237434,873.1630427353639
6402.235124488743,0.055699301826344,1679.596715928667,873.1792944436588
6402.334813733922,0.07213198767027332,1679.6483788808002,873.1989688821876
6402.477478230709,0.09326788842880859,1679.7223133284672,873.227124793906
6402.691793883828,0.12127781607579505,1679.833380275522,873.2694215496319
6403.006956561875,0.1570079769479609,1679.9967101964405,873.3316210898945
6403.464257346151,0.20134508268441764,1680.233701797855,873.421872337015
6404.124447105197,0.2552420621564191,1680.5758386459606,873.5521645375428
6405.074275405422,0.31918268737851413,1681.0680779126876,873.7396175368596
6406.4334274427865,0.3922605173387995,1681.7724454126267,874.0078503867749
6408.360550516347,0.47066364919019854,1682.7711588397265,874.3881698825302
6411.048775382042,0.545026065195998,1684.1643068795936,874.9186853071344
6414.669852042713,0.5962016335156424,1686.0408982579308,875.6332819492338
6419.592293329299,0.5889405674627899,1688.5919130612551,876.6046669653371
6423.459346992601,0.5195753792460267,1690.5959839570312,877.367761465188
6426.638620896075,0.40907937318328014,1692.243619628274,877.9951201012959
6428.241721537974,0.32644189929042716,1693.074415388491,878.311451146702
6429.483251965091,0.24218527955940342,1693.717830113004,878.556433211771
6430.096367330201,0.19002287143331575,1694.0355730620038,878.6774140107827
6430.589527667161,0.13956136524040574,1694.2911501506755,878.7747247549869
6430.843130007821,0.10890722559328529,1694.422577900839,878.8247656229886
6431.040587994656,0.08151699359562817,1694.524909213162,878.8637280167743
6431.164138035157,0.06206328068793279,1694.5889382172977,878.8881068746709
6431.265618748496,0.04424357724626876,1694.6415299376924,878.9081310044253
6431.336858474657,0.030747236244330456,1694.6784494636936,878.922187987823
6431.382463570328,0.022417970848295988,1694.7020840090395,878.9311867566096
6431.4191711975955,0.017710664545216727,1694.721107499217,878.9384298805498
6431.454317481762,0.01766267887062262,1694.7393218335933,878.9453649196823
6431.489406340698,0.02204622812812198,1694.7575064078649,878.9522886260966
6431.529782578423,0.02931913893173552,1694.7784311321914,878.9602556319951
6431.566818935131,0.036401934946456854,1694.7976249849337,878.967563613451
6431.648815666636,0.05154208831751494,1694.840119262223,878.9837431302797
6431.740285995457,0.06703808510903335,1694.8875231711831,879.0017919579037
6431.86655788441,0.0863743932666429,1694.952962766267,879.0267077742175
6432.057416052171,0.1123042513041858,1695.0518737890004,879.0643676372815
6432.339299283294,0.14567307471186763,1695.1979579757358,879.1199883495701
6432.74963308363,0.18738609050019892,1695.4106108678998,879.200954520423
6433.34257799294,0.23839119873580944,1695.7179008462101,879.3179527279187
6434.196636511564,0.2993942910184047,1696.1605113885894,879.4864723237257
6435.421053991466,0.3700164897840881,1696.7950583244412,879.7280680846367
6437.162731233753,0.44751078991164295,1697.6976723076689,880.07172350622
6439.606637253281,0.5245051415164349,1698.9642128388791,880.5539310590982
6442.944567863233,0.5852317514013213,1700.6940777393015,881.2125261837518
6447.220106526656,0.6016054800152325,1702.909855011611,882.0560961939225
6452.54675116758,0.528398117387294,1705.6703659429263,883.1070176985941
6455.4391104868455,0.4360183946437554,1707.1693202782446,883.6776509300278
6457.53639083968,0.3346855759807323,1708.2562285541187,884.0914163449261
6458.661970250627,0.261576764383625,1708.8395563997199,884.3134757877862
6459.484175856009,0.194417822701288,1709.265661858841,884.4756832256231
6459.9243741553155,0.1506754931148565,1709.493793270716,884.5625266407867
6460.2530333848845,0.1121778519343266,1709.6641199185026,884.6273651874898
6460.440134623182,0.08677583676562978,1709.7610845728757,884.664276829638
6460.573747153054,0.0662960825259288,1709.8303288674279,884.6906361031008
6460.680108733514,0.04805371711242868,1709.8854504403541,884.7116192532828
6460.762822750316,0.032538652158168084,1709.9283167346339,884.7279371714058
6460.810072221389,0.023729777854462234,1709.9528036334702,884.7372585984357
6460.845885086918,0.018491543606381944,1709.971363545437,884.7443237975652
6460.881697952447,0.017209256721746728,1709.9899234575564,884.7513889950368
6460.91527351956,0.02058051276220066,1710.0073238964974,884.7580128145619
6460.943253772119,0.025248676584586835,1710.0218245802237,884.7635327840446
6460.971078143186,0.03045642780771152,1710.036244478917,884.7690220000825
6461.021464166845,0.04006724110865504,1710.062356888125,884.7789621959494
6461.1036880194,0.0549757185600655,1710.1049691595695,884.7951833776353
6461.201868967058,0.07123707761648193,1710.1558511500007,884.81455257525
6461.341623668043,0.09206064336817069,1710.2282786190963,884.8421234469471
6461.551785098857,0.11971107864466418,1710.3371941764178,884.8835841431679
6461.8610825794985,0.15503656481795342,1710.4974867161002,884.9446023186653
6462.310078392461,0.19892235606878086,1710.7301775394214,885.0331799469768
6462.958376444937,0.25232455604951814,1711.0661562327598,885.1610753436825
6463.8912842062155,0.3157692085287945,1711.5496332171433,885.3451172211111
6465.2266737375485,0.3884471009265139,1712.2416954959288,885.6085578127594
6467.121198088847,0.4667405657993939,1713.2235283567736,885.9822984581447
6469.76679699441,0.5416446655478568,1714.5946045779335,886.5041989429585
6473.339969732969,0.5946113814674381,1716.4463953530928,887.209068732761
6478.158181971844,0.5918610256153735,1718.9434281424647,888.1595179984215
6482.435890094717,0.516714025112562,1721.1603476008893,889.0033214840523
6485.430771875256,0.41248880337803506,1722.712444417567,889.5940658609712
6487.157430484535,0.3236536868034967,1723.607285335291,889.9346463322436
6488.32060095469,0.24464857144344587,1724.2100986911064,890.1640775791767
6488.986466143896,0.18805458652009396,1724.555183545286,890.2954163465222
6489.447036514231,0.14086661875357354,1724.7938743221303,890.3862613480334
6489.718613655133,0.10807463114322144,1724.9346192945902,890.4398283356145
6489.907137108225,0.08189364042089937,1725.0323216619634,890.4770134182731
6490.031307738147,0.06238117081977206,1725.0966731510248,890.5015052806344
6490.133151387983,0.04452908694089482,1725.1494536731948,890.5215932743199
6490.205260478683,0.030876687928082954,1725.18682424604,890.5358163127282
6490.250971327244,0.02251284493668507,1725.2105139168164,890.5448324700612
6490.287586063302,0.01776160065558462,1725.2294895227863,890.5520544784786
6490.322688497473,0.017612017424457022,1725.2476813776645,890.5589781939963
6490.358244936317,0.0220070876280085,1725.2661085208497,890.565991457233
6490.397608262477,0.029081137096344044,1725.2865085855663,890.5737556009519
6490.434024797176,0.036044171651469156,1725.3053814742025,890.5809385086837
6490.515754714861,0.05116172898532749,1725.3477380484348,890.5970591593198
6490.606608091773,0.06659090181400629,1725.3948228612835,890.6149793380254
6490.731433658319,0.08576245170444208,1725.4595137817778,890.6396002709482
6490.920255251193,0.11150586068356028,1725.5573706825887,890.6768439156945
6491.199214040236,0.1446586312593674,1725.7019412455918,890.7318663639214
6491.605439529963,0.1861325001431781,1725.912467870302,890.8119909999787
6492.192501181837,0.23687170069186128,1726.2167129879028,890.9277837094832
6493.038167344313,0.297599063801953,1726.6549801473013,891.0945830949787
6494.250744056441,0.3679784132341777,1727.2833991355901,891.3337504097941
6495.976041721944,0.44535060662583914,1728.1775365214476,891.6740430204748
6498.398134805629,0.5225100692026714,1729.4327894728417,892.1517631059503
6501.709799693264,0.5839790553628401,1731.149065294013,892.8049252839745
6505.921752749721,0.6021324392623613,1733.3319187892562,893.6356318629912
6511.334442730033,0.5302807008881967,1736.1370597234888,894.7031219502536
6514.24060757211,0.43857560200767265,1737.6431887536296,895.2762601492585
6516.369981639287,0.3365268982799689,1738.7467441497236,895.6961970769581
6517.502346654941,0.26341609109448966,1739.333596406068,895.919510082192
6518.337206033353,0.1955681748508304,1739.76626538659,896.0841511485628
6518.77987802175,0.15176466379230816,1739.99568182488,896.1714493120628
6519.113379434322,0.11284763984896846,1740.1685202127358,896.2372180739617
6519.301668967863,0.08736438436800781,1740.2661019922537,896.2743499971835
6519.437021062578,0.06667421726313241,1740.3362487417273,896.3010422848305
6519.543780763927,0.048402871982059816,1740.3915773736278,896.3220959556921
6519.627422381225,0.03273102210580355,1740.4349249691556,896.3385905879098
6519.674960581447,0.0238545608523025,1740.4595618278377,896.3479654042462
6519.710788487191,0.018565970311295615,1740.4781297806576,896.3550308788544
6519.746616392936,0.01718237035095566,1740.4966977336253,896.362096351845
6519.7800557723795,0.02046070467295371,1740.5140278235826,896.3686907919908
6519.8108003079105,0.02560154341819498,1740.5299613001935,896.3747537919975
6519.838863483492,0.030873089956450564,1740.544505151546,896.3802880112929
6519.89182746707,0.040962238252118775,1740.5719539450326,896.390732810141
6519.974205354499,0.05582776682177385,1740.6146466108987,896.4069781911253
6520.074163430247,0.07229063119316737,1740.6664502799172,896.4266904722681
6520.217348656954,0.09348188275824659,1740.740656593285,896.4549273628915
6520.432407971301,0.12155536840725752,1740.8521119429304,896.4973381585206
6520.748617473782,0.15735644073056967,1741.0159887917061,896.5596961822522
6521.207397683926,0.2017718653992758,1741.2537535046058,896.6501696063507
6521.869701634533,0.25575347963531464,1741.5969952677344,896.7807783169811
6522.822531321951,0.3197766667534468,1742.0908032844843,896.9686787744917
6524.185885365044,0.3929162307981588,1742.7973674664142,897.2375337007228
6526.1187450447105,0.47132329926036265,1743.799080794403,897.6186917627067
6528.814399688107,0.545563744048573,1745.1961167983363,898.1502644163917
6532.44355659669,0.5963802528276628,1747.0769461582306,898.8659056977056
6537.384277727749,0.5882392577625315,1749.6375028794369,899.8401506324516
6541.168401343032,0.5201185652280325,1751.5986482606863,900.5863091696742
6544.383635377509,0.40844456022257314,1753.2649643872871,901.2202792508278
6545.962770962244,0.3270356357606493,1754.0833621900756,901.5316436877937
6547.219819928286,0.2417621559694674,1754.7348366044578,901.779498805085
6547.823060801596,0.1904407684083046,1755.0474704676176,901.8984404397249
6548.322640410434,0.1393442726049951,1755.306381176033,901.9969427312819
6548.572913122156,0.10909108948947856,1755.4360868110136,902.0462889752446
6548.7721554026075,0.08146298066036835,1755.5393455625965,902.0855734987534
6548.8955782544435,0.06202439454151579,1755.6033103496732,902.1099087100106
6548.997017864832,0.0442082817432711,1755.6558821639057,902.1299094842583
6549.068150759244,0.030731276715042895,1755.6927473033409,902.1439346977066
6549.113740571592,0.022406745089469493,1755.716374555181,902.1529235996621
6549.150460709451,0.017704674720740644,1755.7354050338763,902.1601636740619
6549.185615124165,0.01766917659806813,1755.753624065299,902.1670950347569
6549.220631408669,0.022048780440958184,1755.7717715098727,902.1739991589278
6549.261100649161,0.02933971141633677,1755.7927449887907,902.1819784348236
6549.298192223999,0.03643307698963961,1755.8119679680215,902.1892917382856
6549.380195978993,0.05157214732131333,1755.8544670127903,902.2054603189546
6549.471719223808,0.0670738955938464,1755.901899603562,902.2235058359761
6549.59810725957,0.08642311895090403,1755.9674011287018,902.2484255805392
6549.789133100272,0.11236798902595037,1756.0664016730536,902.2860898290503
6550.071255047543,0.14575375112430944,1756.2126134509504,902.3417152629264
6550.481920915248,0.1874848151966112,1756.425444078809,902.4226852738328
6551.075337682303,0.23850906708242225,1756.7329867475732,902.5396874737266
6551.930064264328,0.2995304462443438,1757.175955248177,902.7082105747619
6553.155415541501,0.37016559597958876,1757.811002937338,902.9498067151751
6554.898366928534,0.44765869004499176,1758.7143011411674,903.2934521650527
6557.343928863,0.524621407248814,1759.9817333389803,903.7756200317814
6560.683729391848,0.5852582919655881,1761.7126129862897,904.4340843227764
6564.9648534167345,0.6014392130241482,1763.93134326255,905.2781167205108
6570.281167007985,0.5281047191376198,1766.6865725126247,906.3262073433704
6573.171314986834,0.4356701331007961,1768.1844200617065,906.8959741887438
6575.2646897783525,0.3344303045041201,1769.269332669266,907.3086578953738
6576.389231466003,0.261336626626189,1769.8521379466997,907.5303455606366
6577.209868249924,0.1942649774618723,1770.2774414757716,907.6921216428732
6577.649719184883,0.1505346883399024,1770.5053988179993,907.7788312355443
6577.977777350213,0.11208949156258079,1770.6754184034537,907.8435025128074
6578.164716646588,0.08669953754296356,1770.7723016601108,907.8803544644775
6578.298110959355,0.06624630822296072,1770.8414346681773,907.9066508930656
6578.404419672093,0.04800810034069408,1770.896530280065,907.9276078388732
6578.487008963304,0.03251441134530568,1770.939333052383,907.9438888965243
6578.534223043495,0.023713991905014973,1770.9638022483664,907.9531963362567
6578.570036295642,0.018482030225953024,1770.9823628449053,907.960256297996
6578.605849547789,0.017213041235615834,1771.0009234415868,907.9673162581589
6578.639445715264,0.020596934971352135,1771.0183350108189,907.9739391571826
6578.667423278008,0.025268391260178706,1771.0328346788017,907.9794544451261
6578.695230829751,0.03047395647671304,1771.0472462368703,907.9849362174162
6578.74574584346,0.04010875812616023,1771.0734261777093,907.9948943660995
6578.827971636132,0.05501421969821979,1771.1160405661885,908.0111037317936
6578.926234036819,0.07128472694339308,1771.1669660977122,908.0304744211958
6579.066145056294,0.09212488389357769,1771.239476469583,908.0580553765914
6579.276532378579,0.11979461231034097,1771.3485119380236,908.0995294294487
6579.586146681627,0.15514133401899108,1771.5089728540293,908.160564186787
6580.035587340437,0.19905005756400157,1771.7419002897354,908.2491629252969
6580.684518621641,0.252476431372657,1772.0782159169398,908.3770870350911
6581.618322094074,0.3159436108000356,1772.5621697080637,908.5611672183699
6582.954960129197,0.3886360810190956,1773.2548970544894,908.824656103239
6584.8511780742,0.46692393546698596,1774.2376331764062,909.1984501402695
6587.498945752757,0.5417798941422401,1775.6098690044591,909.7203868692618
6591.074407131372,0.5946194973276091,1777.4628939122476,910.425180034114
6595.8985019524225,0.5915735581114325,1779.9630400181313,911.3760784422211
6600.151033280136,0.5167257798035402,1782.16696847878,912.2142899300383
6603.154979139495,0.41214922309183966,1783.7238028316256,912.8063809197575
6604.873543439058,0.3236922303502896,1784.6144717715858,913.1451125937804
6606.04054248954,0.24440897884138219,1785.2192848263746,913.3751278601053
6606.702917057191,0.1880948566396554,1785.5625694784435,913.5056810114366
6607.165103004711,0.14073476520600645,1785.8021036766995,913.596776934863
6607.435468121936,0.10808082950567637,1785.9422241129482,913.6500652370545
6607.624398873033,0.08184062351290407,1786.0401400749581,913.6873029725249
6607.748506588133,0.062332654114416686,1786.1044606085266,913.7117642409123
6607.850292846369,0.044486091693470176,1786.1572127407399,913.7318260013501
6607.922272763119,0.030856965413859794,1786.1945173260588,913.7460130153779
6607.967964357152,0.022498962872639628,1786.2181976255931,913.7550186808453
6608.004594568199,0.017753964518107544,1786.2371817384371,913.7622383751906
6608.039703454647,0.017619471394298654,1786.2553774039313,913.7691582199229
6608.075204474872,0.02201516791227728,1786.273776298311,913.7761553513973
6608.114757122045,0.02912642073229516,1786.2942750045145,913.7839510430902
6608.151297964486,0.03611344225301629,1786.3132128014292,913.7911531166677
6608.233091828823,0.051237444054487866,1786.3556036032717,913.8072743983671
6608.324064800239,0.06667923425109538,1786.4027516052136,913.8252048401064
6608.449178305838,0.08588343312679629,1786.4675934131426,913.8498642405368
6608.638406778192,0.11166383671721614,1786.5656636942592,913.887160423189
6608.917949226769,0.14485918136443485,1786.71054045371,913.9422570534545
6609.324990658797,0.18637939854068244,1786.9214953487565,914.0224830227359
6609.9132169231125,0.2371692033285396,1787.2263518402503,914.1384193230017
6610.760539349303,0.2979474980567103,1787.665488609082,914.305421375372
6611.975444343969,0.3683686125217987,1788.2951303523714,914.5448701785983
6613.703945915054,0.4457542466678751,1789.1909510824112,914.88554199266
6616.130267312729,0.5228629517375218,1790.448427494554,915.3637415957774
6619.44691192811,0.5841550461218653,1792.1673279197964,916.0174019878862
6623.672168467155,0.6019104842360391,1794.3571317229732,916.8501167807622
6629.064194099689,0.5297555981865241,1797.1516342530524,917.9127475143667
6631.9663183880275,0.4379177589886843,1798.6557073461393,918.4846677136247
6634.0879322371575,0.33604391897539204,1799.755268789373,918.9027667027926
6635.218357718816,0.2629529906818258,1800.3411306767323,919.1255334750558
6636.050174927821,0.1952691748348959,1800.772233926944,919.2894541675165
6636.492128810071,0.15149154631539502,1801.0012839853011,919.3765467459871
6636.824461342947,0.11267482242856951,1801.1735209430954,919.4420369026833
6637.012424716296,0.08721589541995292,1801.2709361466852,919.4790773067019
6637.1473494935835,0.06657719008258367,1801.3408632013816,919.5056658024514
6637.254005786506,0.04831373960032242,1801.3961396358939,919.5266836493128
6637.337414968222,0.03268117773085907,1801.439367861209,919.5431203765461
6637.3848731481385,0.02382317680773007,1801.4639638694673,919.5524725465551
6637.4206964552895,0.018547278905054608,1801.4825299073495,919.5595319317757
6637.456519762441,0.01718891817602458,1801.5010959453696,919.5665913154576
6637.489988992177,0.020489768109958183,1801.5184419428688,919.5731868004431
6637.520869357146,0.02566273759738873,1801.5344462172818,919.5792721195626
6637.548909436132,0.030932774953367694,1801.5489784652607,919.5847977277722
6637.602304885858,0.0411016959262602,1801.5766515657288,919.5953198900822
6637.684719216901,0.05596244547911591,1801.6193641958644,919.61156053632
6637.784959005525,0.07245687667625592,1801.6713151738472,919.6313138731606
6637.928690692205,0.093706135020182,1801.7458065707422,919.6596377389029
6638.144529462685,0.12184610950978857,1801.8576686972353,919.7021710300189
6638.461836164203,0.15772136453622201,1802.0221183198178,919.7646995386806
6638.9221675634535,0.202218768421646,1802.2606929563062,919.8554123023754
6639.586688451682,0.2562889642309383,1802.6050923348405,919.9863621361187
6640.542665366951,0.3203985120440937,1803.1005438948832,920.1747450807427
6641.910425272839,0.3936025216671299,1803.8094092777612,920.4442712752841
6643.849298754385,0.47201331685088554,1804.8142645573291,920.8263353669081
6646.55273811139,0.5461253098539273,1806.2153702192618,921.3590532412418
6650.190337108862,0.5965648008650393,1808.1006220073605,922.0758352829226
6655.150061200122,0.5874985510416024,1810.6710914253147,923.0531141746039
6658.853945490564,0.5205251670525782,1812.5907001744242,923.7829195376695
6662.101203995964,0.40775408438863897,1814.273655090149,924.4227389336795
6663.657081020941,0.32751472631214384,1815.0800190334578,924.7292947246739
6664.928089682243,0.24131065463216195,1815.7387445211486,924.979720526321
6665.521898758315,0.1907837908977144,1816.0464979296175,925.0967175888685
6666.027247126077,0.139110256103615,1816.3084048393614,925.1962850787779
6666.274342490741,0.10923596454497868,1816.4364669693086,925.2449695331954
6666.475164208576,0.08139478042414938,1816.5405468582053,925.284536777274
6666.598441201848,0.06197277363666195,1816.6044376381765,925.3088256150702
6666.699824916966,0.044161611256617564,1816.6569817878333,925.3288008828275
6666.770817144618,0.03071003096716018,1816.693774938445,925.3427882181677
6666.81638683623,0.022391748886041205,1816.7173923484368,925.351766642366
6666.8531227456815,0.01769675907245391,1816.736431473161,925.3590045780445
6666.88828795182,0.01767781882112735,1816.7546565494017,925.3659330425619
6666.9232035395435,0.022051435033130905,1816.772752256002,925.3728123242802
6666.963775682453,0.029362285756916084,1816.793779586422,925.3808060931344
6667.000926789103,0.03646704746601695,1816.8130338960339,925.3881258270351
6667.0829375150815,0.051604822913118444,1816.855537607796,925.4042840664615
6667.174518550532,0.06711287772629738,1816.9030013261831,925.422327895585
6667.301032888067,0.08647615574254468,1816.968569934277,925.4472544710595
6667.492240782484,0.11243733537757129,1817.0676672867517,925.4849273036782
6667.774621984541,0.14584152423541047,1817.2140170541043,925.5405635244354
6668.185648910447,0.1875922912122417,1817.427040083953,925.6215460296081
6668.779579109149,0.23863751906001104,1817.7348564712293,925.7385646655996
6669.635033053666,0.29967906045080656,1818.1782129163773,925.9071090810038
6670.86140169792,0.3703287562547875,1818.8138036004605,926.1487308493179
6672.605742536599,0.4478213032433009,1819.7178442632335,926.4924015427571
6675.05311305093,0.5247508754036758,1820.9862451141662,926.9745773515971
6678.394963875463,0.5852922300303542,1822.7182300727277,927.632970383981
6682.682108071274,0.6012663988032915,1824.9401350550802,928.4775806409563
6687.9874300442,0.5277968768012671,1827.689735303258,929.522752172633
6690.875280277724,0.4353022991833804,1829.1864286831296,930.0916573552984
6692.964503998999,0.3341616612570159,1830.2692164406556,930.5032273827852
6694.087967622297,0.26108262565312246,1830.8514772286064,930.7245438137533
6694.9069311646745,0.19410451791546052,1831.2759239491306,930.8858743973826
6695.346427326748,0.15038573902150967,1831.5037029876328,930.9724520086792
6695.673845075503,0.11199660775162378,1831.6733948124513,931.0369508244962
6695.860616726019,0.0866189440312582,1831.7701935472696,931.0737433683819
6695.993779500305,0.06619390611379923,1831.8392082422422,931.099975361023
6696.100032700319,0.047960042634065274,1831.8942764278097,931.1209063696642
6696.1824898707955,0.03248901724624689,1831.9370117699036,931.1371497466203
6696.229667657152,0.023697323414207223,1831.9614627528051,931.1464433746739
6696.2654816014965,0.01847197490704252,1831.9800241609532,931.1534984194641
6696.301295545841,0.017217097077238206,1831.9985855692348,931.1605534627539
6696.334914421396,0.020614532178164984,1832.0160093322672,931.1671760947438
6696.362891126625,0.025289863082346115,1832.0305089095818,931.1726872662531
6696.390680838722,0.030493135043689702,1832.044911573443,931.1781616008094
6696.441336386078,0.04015406830912822,1832.071164987817,931.188140306159
6696.523565113097,0.05505639055988732,1832.1137819367075,931.2043386488344
6696.621916559924,0.07133690203046557,1832.164754860777,931.2237130164308
6696.761998682223,0.0921952321563913,1832.2373556794191,931.2513079395113
6696.972632822235,0.11988604960060359,1832.3465217263504,931.2928009348003
6697.28259353103,0.1552560298003665,1832.5071660884107,931.3538602595431
6697.732521020276,0.19918994490727357,1832.7403515146314,931.4424915148749
6698.382145692455,0.2526429616107613,1833.07703470556,931.5704607181935
6699.316930475226,0.31613512014534273,1833.561508874947,931.7546025879033
6700.654937143695,0.3888440920252849,1834.25496241509,932.0181727635111
6702.553013212297,0.46712671636163267,1835.238685461033,932.3920658519545
6705.203163947521,0.541931490874476,1836.612189706437,932.9140995664021
6708.781151057785,0.5946344259894716,1838.4665685815978,933.6188879672213
6713.611648225288,0.5912690265503824,1840.9700933640588,934.5703709488738
6717.83650873213,0.5167611566669434,1843.159733918056,935.4025369613681
6720.850760865571,0.4117939649058666,1844.7219472588724,935.9962381574247
6722.560498401802,0.32375397094335917,1845.608062925026,936.3329913813552
6723.731857915524,0.2441580775099032,1846.2151504396447,936.563702672345
6724.390428444324,0.18815106194071912,1846.5564717958625,936.6934142073223
6724.854449818254,0.1405972286542151,1846.7969630041778,936.7848071921417
6725.123497563765,0.1080942579328553,1846.9364040423154,936.8377983365178
6725.312897281232,0.08178668510434021,1847.0345654090734,936.875102102999
6725.436939096014,0.06228360871116394,1847.098853332065,936.8995330931748
6725.538667544614,0.04444259411781784,1847.1515767691337,936.9195692808617
6725.610516925993,0.030836993779964874,1847.1888145964533,936.9337205529702
6725.656189059871,0.022484906094191483,1847.2124853786063,936.9427160176359
6725.692834747954,0.01774627867791609,1847.23147796846,936.9499336552782
6725.7279506154,0.0176270821589112,1847.2496776887376,936.9568499820444
6725.763390136543,0.022022528364606445,1847.2680451511696,936.9638300533275
6725.803125306825,0.029169581192431782,1847.2886389467187,936.9716561822053
6725.839783521981,0.036179228001671,1847.3076380296088,936.9788762809218
6725.921629332044,0.051307760215380506,1847.3500567709787,936.9949963953418
6726.012715585137,0.06676159887328512,1847.3972646155253,937.0129364716382
6726.1380971606195,0.08599612474156484,1847.4622469136216,937.0376312364978
6726.327705279731,0.11181098903977046,1847.56051630969,937.0749758269841
6726.607791806526,0.14504591400968453,1847.705678527638,937.1301406705794
6727.015593880013,0.18660918937941656,1847.917032705105,937.2104597508284
6727.6049056568345,0.23744593079036236,1848.2224591024017,937.3265279235957
6728.453771491739,0.2982713173811669,1848.6624063098272,937.4937159807977
6729.670845358462,0.3687307294096424,1849.2931872128918,937.7334228640262
6731.40232977531,0.4461278449053637,1850.190575326374,938.0744417294843
6733.832583441382,0.5231875084285346,1851.4501198098299,938.5530785842951
6737.153844452296,0.5843119334457453,1853.1714538441224,939.2071877500417
6741.391480613718,0.6016906607214306,1855.3677259016831,940.0417549468167
6746.763991893288,0.5292560741967054,1858.1521809707767,941.0997967282634
6749.662304113305,0.4372941360713591,1859.6543140042295,941.6705654950226
6751.776586373206,0.33558718159271556,1860.75010166763,942.086928057763
6752.905188934407,0.2625148686028737,1861.3350326284624,942.309180043581
6753.734131682158,0.19498669164156,1861.7646562948512,942.4724200819329
6754.175410307939,0.15123334022097482,1861.9933617935578,942.5593188147814
6754.506639016437,0.11251153596382174,1862.1650307306563,942.624545836632
6754.69429479634,0.08707557951212604,1862.2622888157046,942.6614997869534
6754.828816206494,0.06648552137845909,1862.3320084649793,942.6879902732401
6754.9353748955045,0.04822954130460163,1862.3872356187137,942.7089742156002
6755.018561826427,0.032634659128980906,1862.4303496767986,942.7253556934456
6755.065947408154,0.023793554234972373,1862.4549086396821,942.7346870337753
6755.101767456175,0.01852959413456574,1862.473473426794,942.741740845629
6755.137587504197,0.017195303497258597,1862.4920382140356,942.7487946560178
6755.171087560775,0.020517995079204515,1862.5094005979936,942.7553916041705
6755.202101853554,0.025722504668650562,1862.525474662273,942.7614990458914
6755.230122391263,0.03099158502637542,1862.5399971255144,942.7670169460727
6755.283944825249,0.04123935749487828,1862.5678921764047,942.7776158414572
6755.366398514953,0.056095943348998666,1862.6106262136923,942.7938528939518
6755.466917499299,0.07262159261312547,1862.6627231194448,942.8136474133448
6755.611191521706,0.09392832543623371,1862.7374973561289,942.8420582944011
6755.827803041139,0.12213406681597913,1862.8497626227393,942.8847140516499
6756.146197356873,0.15808267105737442,1863.0147798143191,942.9474130697807
6756.608066756165,0.20266113630262264,1863.2541571937402,943.0383653605026
6757.274785698413,0.2568188527507601,1863.5997039022607,943.1696566235763
6758.233882680684,0.32101356596408465,1864.0967842110017,943.3585225059495
6759.606009502974,0.394280762311113,1864.807929581322,943.6287206183133
6761.550841262017,0.47269413897637885,1865.8158965734615,944.0116916520121
6764.261986273145,0.5466770295716155,1867.2210288685371,944.5455558428823
6767.90790619596,0.596740280597513,1869.1106374853377,945.2634777374949
6772.886313962406,0.5867506675133795,1871.6908504993455,946.2437568296085
6776.522285866627,0.5206267005753494,1873.5753063812097,946.959684297016
6779.7916460246515,0.4069825907242995,1875.269755410281,947.6034126732127
6781.327231217664,0.32771329638290214,1876.065621240874,947.9057611696504
6782.608102936303,0.24080901463767193,1876.7294738970604,948.1579559103485
6783.193824483997,0.1909428051109803,1877.0330428408006,948.2732797957361
6783.703253642057,0.1388433535255199,1877.2970708388116,948.3735820052891
6783.947617208166,0.10928583542451854,1877.423720102559,948.4216949809165
6784.149493347736,0.08129546487692929,1877.528348897855,948.461442515778
6784.272597682597,0.06189086029640192,1877.5921516765295,948.4856805921324
6784.3738892842375,0.044088076196404286,1877.6446493061792,948.5056239353048
6784.444661684428,0.030676164002351545,1877.6813293789155,948.519558334065
6784.490198964021,0.02236787871174665,1877.7049305389974,948.5285241794955
6784.526958212357,0.0176843384200877,1877.7239822021418,948.5357617146308
6784.562140774041,0.017691553146722168,1877.7422166968252,948.5426888142146
6784.596887587106,0.022054063177431988,1877.760225350886,948.5495301178202
6784.637575092499,0.02938719818315602,1877.781312960076,948.5575410832193
6784.674790382209,0.03650424662188938,1877.8006009818796,948.5648684022273
6784.756807784224,0.051640442882932125,1877.8431091409911,948.5810168043539
6784.848452165838,0.06715543925161226,1877.8906067930052,948.5990606530297
6784.975104246583,0.08653405348143792,1877.9562483138243,948.6239971467919
6785.166510454482,0.1125130090994479,1878.0554507500485,948.6616830287218
6785.449174113387,0.14593730364125249,1878.201950308105,948.7173364734523
6785.860594827201,0.18770963754254047,1878.415182376851,948.7983406412204
6786.455085370982,0.23877790236362398,1878.7232963254883,948.9153888875542
6787.311333570071,0.2998417110035923,1879.16707470506,949.0839734597006
6788.538813818742,0.3705077349074649,1879.8032562522246,949.3256475432736
6790.284674077098,0.44800045018735,1880.7081053497545,949.669380642809
6792.734025122148,0.524895128435918,1881.9775620303494,950.1516145042389
6796.078129016219,0.5853343352624603,1883.7107547373726,950.8099984742034
6800.37178337774,0.6010858817759231,1885.9360850671903,951.655310625342
6805.665362163299,0.5274725121887424,1888.6796622461948,952.6974542192825
6808.550816887205,0.434912118993373,1890.1751484137624,953.2654987126335
6810.635610019937,0.3338777670077107,1891.2556646764142,953.6759153267169
6811.757949742252,0.26081281322461464,1891.8373562935708,953.8968593969162
6812.575125891005,0.19393493736991885,1892.2608863467983,954.0577280077781
6813.014254092658,0.15022750098733517,1892.4884798869564,954.144174109369
6813.340988288983,0.11189834792773957,1892.6578213173532,954.2084943606143
6813.527584356905,0.08653341509233717,1892.7545312636373,954.2452272421336
6813.6605006648915,0.06613842329619875,1892.823419796689,954.2713928233807
6813.766695209584,0.04790913137205499,1892.8784588410133,954.2922980091164
6813.849011615917,0.03246227515364849,1892.9211222040917,954.3085025971196
6813.896152022093,0.023679629301494462,1892.9455543723366,954.317782528234
6813.931967032152,0.018461289203955598,1892.9641167571203,954.3248329712641
6813.967782042211,0.01722147223181805,1892.9826791420296,954.3318834128639
6814.001426106507,0.02063350737914391,1893.0001163582808,954.3385064869177
6814.0294045459605,0.025313474693144773,1893.0146171658428,954.344014241345
6814.057175352914,0.030514355736034702,1893.0290103606546,954.3494811209777
6814.107985689571,0.04020406634370198,1893.0553446000813,954.3594834926507
6814.190218538644,0.05510308897856756,1893.0979646594192,954.3756716005133
6814.288668418694,0.0713946630196967,1893.1489897649365,954.3950521337196
6814.428939896238,0.09227311819977427,1893.2216903827527,954.4226655161829
6814.639846731914,0.11998724568049259,1893.331000258363,954.4641839020325
6814.95019040683,0.15538298327544123,1893.4918467764796,954.5252769879456
6815.400656580226,0.1993448772266234,1893.7253167214535,954.6139538697508
6816.051048920563,0.2528275800713793,1894.062405472169,954.7419869795747
6816.986920669158,0.31634773669209476,1894.5474540590528,954.926217366865
6818.326444214128,0.3890755725547872,1895.2417095939888,955.1899066535865
6820.226581390707,0.46735341752108867,1896.2265233048035,955.5639510157926
6822.879379451493,0.5421032239675174,1897.6014308900976,956.0861508946132
6826.460184371011,0.5946576577399898,1899.457312342222,956.7910153352102
6831.297724772915,0.5909432572189625,1901.9645443097606,957.7432396113076
6835.49181147495,0.5168261157543002,1904.1382847293587,958.5687851226639
6838.517914318978,0.4114197046831009,1905.7066754064258,959.1644177751671
6840.217919023245,0.32384490467318866,1906.5877666437968,959.4990279801664
6841.39430065383,0.24389358730546995,1907.197470734922,959.7305721195758
6842.0486809508,0.1882273012960399,1907.536628030122,959.8593714325684
6842.514811162472,0.14045290510574604,1907.7782176362834,959.9511178726056
6842.782411841646,0.1081168221385043,1907.9169118154382,960.0037884754178
6842.972357433965,0.08173173896750667,1908.0153583112,960.0411745391121
6843.096329724097,0.06223404588463294,1908.0796116468057,960.0655753783545
6843.198000000942,0.04439859723441926,1908.1323061202959,960.085586612411
6843.269717491653,0.03081677580624414,1908.1694764279912,960.0997023878441
6843.315369958097,0.02247067792428989,1908.1931375492381,960.1086879190756
6843.352031117845,0.01773854667050603,1908.2121385851083,960.1159037377524
6843.38715451121,0.017634851383362685,1908.2303426153742,960.1228168847632
6843.422526325014,0.02202914610353924,1908.2486753990713,960.1297789256481
6843.462435653131,0.0292102931734196,1908.2693599217546,960.1376340590336
6843.499203575086,0.03624106532106911,1908.2884162917055,960.1448708851822
6843.581090829297,0.05137251722267597,1908.3308574671837,960.1609882938974
6843.672283340623,0.06683773641486301,1908.3781214458684,960.1789371954592
6843.797912391777,0.08610019496124643,1908.4432334690912,960.2036640296228
6843.987871744356,0.11194688349329897,1908.5416871151592,960.2410525891848
6844.268461164956,0.1452182868041652,1908.6871132409858,960.2962792485326
6844.676966281697,0.18682120592450632,1908.8988365489145,960.3766825987054
6845.267281168108,0.23770107806863797,1909.2047897105895,960.4928700343087
6846.117572845502,0.29856957592343886,1909.6454857995984,960.6602261587655
6847.336649543937,0.36906370041340436,1910.2773189108718,960.9001659078485
6849.070886629723,0.44647029505613095,1911.1761538357227,961.2414971620743
6851.504764551885,0.5234827614056313,1912.4376049595755,961.7205256324878
6854.830265001112,0.5844491999667171,1914.1611747686943,962.3750300330441
6859.0793351125585,0.6014737763319706,1916.3634219719418,963.2112880544837
6864.433515351964,0.5287828883441075,1919.1384382791734,964.2650142866505
6867.328246529733,0.4367058156425518,1920.6387486782537,964.8346970775311
6869.435638786845,0.3351573040229848,1921.7309896395511,965.249425901369
6870.562535434487,0.2621024602475959,1922.3150494116242,965.4711939813419
6871.388776630531,0.19472110180469224,1922.7432824103664,965.6337935713589
6871.829423001486,0.1509904663250792,1922.9716652839666,965.7205099786128
6872.159614819294,0.11235800920510004,1923.1428006125777,965.7854894927087
6872.346981852761,0.08694365104799713,1923.2399111968757,965.8223620034796
6872.481124474911,0.06639933889050083,1923.3094360676992,965.8487603019909
6872.587591480263,0.048150396603933894,1923.3646169254903,965.8697122251987
6872.670567176189,0.03259142663218061,1923.4076224570256,965.8860412230171
6872.717887107247,0.023765735665362966,1923.4321479375155,965.8953534290057
6872.753705088456,0.018512947433528944,1923.4507120644346,965.902402136283
6872.789523069664,0.017201488889137945,1923.4692761914755,965.9094508421633
6872.823054518458,0.02054523537860374,1923.4866552301091,965.916049574615
6872.851059584978,0.02520939816881231,1923.5011699961942,965.9215607563999
6872.878933189427,0.030424226703714228,1923.515616626781,965.9270460666118
6872.929094102623,0.03999273042143689,1923.5416145629044,965.9369173450293
6873.011300538736,0.05490340625005854,1923.5842213968847,965.9530949277283
6873.109336256724,0.07114773618183223,1923.635032401797,965.9723875794916
6873.248807838148,0.09193989410296616,1923.7073192326354,965.9998344625167
6873.458571793767,0.11955451748780903,1923.8160379544277,966.0411142783313
6873.767300416277,0.15483797981794806,1923.9760491570573,966.101869436983
6874.215479870584,0.19867447196783825,1924.2083364579328,966.1900671448922
6874.862596642691,0.2520192027007415,1924.5437311796297,966.3174135520273
6875.793804935471,0.3154000748634644,1925.0263680151475,966.5006656609124
6877.126773706784,0.38801348294488586,1925.717233815219,966.7629784137661
6879.017905957693,0.46625426326744873,1926.6973910452923,967.1351279361262
6881.658894787285,0.5411422651800228,1928.0661929153393,967.6548327025445
6885.22628627374,0.5941733440221878,1929.9151423817584,968.356826828116
6890.034738141125,0.59166602073243,1932.4073250558522,969.3030159941227
6894.328749842493,0.516321155758749,1934.6328792791917,970.1479544226381
6897.312931463582,0.4124573084615739,1936.1795593602892,970.7351441122396
6899.044306753113,0.32337818778415206,1937.0769192229743,971.0758179433283
6900.203026273726,0.24466231721816936,1937.6774757091557,971.3038114335541
6900.871021779422,0.18788211741545147,1938.0236933161073,971.4352477844819
6901.329758814243,0.14087249560763473,1938.261453679975,971.5255096732744
6901.602049620102,0.1079915389336347,1938.4025802087197,971.5790859739237
6901.790038555404,0.0818800279664073,1938.5000136380088,971.616074879982
6901.9141952216605,0.062369303327857,1938.5643632237022,971.6405040589503
6902.016024990837,0.04451922748237438,1938.6171409261676,971.6605401648904
6902.088108499755,0.030871806944169557,1938.6545013373382,971.6747233663855
6902.133806703189,0.022510941298363313,1938.678186417514,971.6837149738731
6902.170428537199,0.017760328863303625,1938.6971672748768,971.6909207075349
6902.20553570869,0.01761376494147106,1938.7153630926673,971.6978284139515
6902.241082295137,0.02200913952715409,1938.7337866564772,971.7048225785458
6902.2805104099825,0.029095581643540615,1938.7542219912666,971.7125804730699
6902.316976730311,0.036068011079124725,1938.7731222474022,971.7197556020152
6902.3987129013885,0.05118453539885961,1938.8154855725584,971.7358380411583
6902.489606161256,0.06661756800867592,1938.8625949579284,971.7537222240261
6902.614521901974,0.08579858174087071,1938.9273379750766,971.7783006651042
6902.803479448862,0.11155341093452188,1939.0252734472042,971.8154799502848
6903.082629125425,0.14471818135248035,1939.1699549217872,971.870405367791
6903.489111465538,0.18620295745380452,1939.3806321065254,971.9503845770796
6904.076528943364,0.23695124593374073,1939.6850868375643,972.0659641562437
6904.922686401199,0.2976829060667198,1940.123644905875,972.2324524606981
6906.135928009432,0.36805570217210337,1940.7524604878897,972.4711661899872
6907.8620888527175,0.4453993075545109,1941.6471191558117,972.8107976234311
6910.285200818873,0.5224883881704948,1942.9030038186281,973.2875525450295
6913.597703726483,0.5838128292654258,1944.6198554486657,973.9392877544724
6917.815530950229,0.6017002618741887,1946.8059330488143,974.7691285909311
6923.211248472372,0.5296772917507505,1949.6025073688504,975.8306869652783
6926.112563470375,0.43793165963639547,1951.106246021057,976.4014814729748
6928.23543978612,0.33604038080460985,1952.2065238583925,976.8191230088624
6929.365584513214,0.2629868755358327,1952.7922732707357,977.0414587240781
6930.1979323072055,0.19527358251329896,1953.2236758196254,977.2052073619149
6930.639761076246,0.15151459203411044,1953.4526739379635,977.2921284906848
6930.97228983815,0.11267984336040612,1953.6250223030356,977.3575468537268
6931.160226097351,0.08722683320820551,1953.7224289403355,977.3945194905091
6931.295207694737,0.06658107167066889,1953.792389382935,977.4210743513805
6931.4018658784635,0.048318290682521345,1953.8476699103874,977.4420571478095
6931.48528710531,0.03268407482923403,1953.8909068129599,977.458468544106
6931.532746243899,0.023825831295289535,1953.9155047031218,977.4678051420581
6931.568571761366,0.01854878821125861,1953.934072932051,977.4748530655489
6931.604397278833,0.01718859892027348,1953.9526411610984,977.4819009876746
6931.637863469605,0.0204876877543857,1953.9699865602256,977.4884847603292
6931.668730077814,0.02565747670422777,1953.985984605709,977.4945571184627
6931.696776860823,0.030928427584627608,1954.0005211466062,977.5000747342192
6931.750147878204,0.04109262152480347,1954.0281831420023,977.5105743591332
6931.832555089673,0.055952478201121654,1954.0708944869139,977.5267862384562
6931.93277713208,0.07244453979747588,1954.122839191919,977.5465027999816
6932.076473700967,0.09368942031569238,1954.1973165809527,977.5747720340325
6932.292266932226,0.12182455461397486,1954.309161401401,977.617224706928
6932.609503834883,0.15769312258797022,1954.4735841030865,977.6796341485223
6933.069728289213,0.20218128422773962,1954.7121167350979,977.7701730821559
6933.7340871696115,0.25623888073072426,1955.056451519125,977.9008705305632
6934.689820133466,0.3203313443522708,1955.5518044984944,978.0888883579538
6936.057212805269,0.3935121519505954,1956.2605193785073,978.3578887974184
6937.995530955414,0.4718913070030868,1957.2651432469115,978.7392011998276
6940.6981174967195,0.5459600287324385,1958.6658854600482,979.270856375246
6944.334320765625,0.5963413933562495,1960.550519374622,979.98616123759
6949.29304492909,0.5871875801956414,1963.120614082651,980.9616065808123
6952.9876189156475,0.5203342110139193,1965.0355042705182,981.6883603111652
6956.235561268322,0.40751004978480954,1966.7189072115611,982.3272459603426
6957.788291271025,0.327411096170492,1967.5236848413458,982.6326713828752
6959.059709210126,0.24116139528067376,1968.1826590130806,982.8827602113261
6959.652266270901,0.19072971601883187,1968.4897805737855,982.9993160328788
6960.157796474552,0.13902862942246894,1968.751796251703,983.098753402084
6960.404456066464,0.10920114596104219,1968.8796396208193,983.1472710404302
6960.605285934383,0.08135482275945773,1968.9837295032994,983.1867739811892
6960.728509538507,0.061937743434587154,1969.0475961530515,983.2110118625791
6960.829852780243,0.04413079491058793,1969.100122237622,983.230945900511
6960.900756232566,0.030695452404104536,1969.1368714152202,983.2448924788256
6960.946306591193,0.02238249896856746,1969.1604801138235,983.2538521475772
6960.9830544540655,0.017691818710779496,1969.1795264891155,983.2610803805961
6961.018229043312,0.01768359703839721,1969.1977574386008,983.267999152429
6961.053075295753,0.0220526365226161,1969.2158182116045,983.2748533397818
6961.093714466396,0.0293762456430483,1969.2368814476615,983.2828469808122
6961.130907449525,0.036488900716085,1969.256158528769,983.2901627623465
6961.212913087928,0.05162387644851793,1969.2986619588837,983.3062930937583
6961.3045307488865,0.06713573576615568,1969.3461472901913,983.3243140808225
6961.431121158471,0.08650701323684158,1969.4117589592827,983.3492141140669
6961.62244351733,0.11247786102777703,1969.5109211287386,983.3868467362024
6961.90498510711,0.1458922605717988,1969.6573621319076,983.4424218790655
6962.316229721491,0.18765265743192283,1969.87050978766,983.5233123980923
6962.910463230859,0.2387063866194763,1970.178500424237,983.6401959419707
6963.766338055076,0.2997529747583655,1970.6220995498838,983.8085427176147
6964.993279721893,0.3703994902671162,1971.2580223901787,984.0498753512449
6966.738371194258,0.4478717677856421,1972.1625020750243,984.3931224620812
6969.186643298733,0.5247482568115922,1973.4314402493922,984.874674831617
6972.529282724851,0.5851779426388894,1975.163929416337,985.5321308033153
6976.820974291118,0.6009398896537669,1977.3883135351875,986.3762364951551
6982.113391426432,0.5273505794504917,1980.1313760731168,987.4171420887569
6984.997796508833,0.43481950464615277,1981.62636577127,987.9844307647479
6987.082086853745,0.3338024722689143,1982.7066557566995,988.3943519524338
6988.20398385422,0.26076052498955976,1983.2881363699853,988.6149956124893
6989.0209778251365,0.1938922630446951,1983.7115854336023,988.775673121892
6989.459935153068,0.15019830352247332,1983.9390976260183,988.8620021996359
6989.7865954881745,0.1118749632981266,1984.1084061422873,988.9262458666396
6989.973128985665,0.0865167306710053,1984.2050867235857,988.9629310051722
6990.106010606089,0.06612584282526242,1984.273959461358,988.9890645233063
6990.212190649771,0.04789809126654139,1984.3289927340697,989.0099466914758
6990.294476813722,0.03245661293920086,1984.3716417744854,989.0261297009981
6990.341607495787,0.023676289704166496,1984.3960696769418,989.0353987685938
6990.377423774955,0.018459225810149565,1984.4146333077185,989.0424426607113
6990.413240054123,0.01722243909258998,1984.4331969386092,989.0494865514958
6990.44688917667,0.020637412071527413,1984.4506373290963,989.0561042322325
6990.4748712709725,0.02531886339890698,1984.4651404904541,989.0616073931554
6990.502640874167,0.030519733620396713,1984.4795335174217,989.0670687632368
6990.553492829562,0.040217080159835654,1984.5058901623174,989.0770696727975
6990.635724081171,0.05511459761258728,1984.5485107440804,989.0932418536883
6990.734199838106,0.07140890608932947,1984.5995508782512,989.112608784911
6990.874520355259,0.09229226000332247,1984.6722792165956,989.1402051819865
6991.085500077687,0.12001216809489257,1984.7816303322422,989.1816978653858
6991.395943642617,0.1554137070231265,1984.9425337181085,989.2427516892618
6991.846546516704,0.19938102151041662,1985.1760819086392,989.331369964314
6992.497129415993,0.2528682186421583,1985.5132800979836,989.4593171435624
6993.4332645169325,0.31639027003024744,1985.9984805301792,989.6434218042925
6994.773143644867,0.38911411126067735,1986.6929423209544,989.9069270513136
6996.673738886527,0.4673760491845289,1987.6780245670288,990.2807014679546
6999.327063284844,0.5420874847803767,1989.0532483480993,990.8025026690017
7002.908213905054,0.5945646873737844,1990.909367455931,991.5067580679355
7007.747771234698,0.5906913175482322,1993.4177236306732,992.4584658597358
7011.926646638742,0.5167684610713508,1995.5836481641695,993.2802298968684
7014.957488162966,0.41117689657176004,1997.154544013276,993.8762250579475
7016.652567953596,0.32383266577387587,1998.0331101972745,994.2095472885501
7017.83098153928,0.24373082638703528,1998.6438865067387,994.4412700046651
7018.483265943033,0.1882316941053716,1998.9819680829744,994.5695343018399
7018.9502580909475,0.14036367505285446,1999.2240119759206,994.6613627191357
7019.217129736557,0.1081099964018138,1999.3623326228835,994.713839733905
7019.407282980193,0.08169377785344496,1999.4608898174388,994.7512309773111
7019.531208046351,0.06219990363245041,1999.5251206816945,994.775599262711
7019.632838307397,0.044368448643677436,1999.577796059068,994.7955835469553
7019.704466590793,0.030802803697611642,1999.614921290027,994.8096683216345
7019.750103617293,0.022461209166512824,1999.638575146933,994.8186422493608
7019.78677605771,0.0177333818783179,1999.6575826224541,994.8258534062732
7019.821905662235,0.017640227024611835,1999.6757904399465,994.8327611833421
7019.857228282919,0.02203320658232707,1999.6940982986118,994.8397069132352
7019.897254984377,0.02923721283337614,1999.7148443016997,994.8475776373414
7019.934097125272,0.036282213017018505,1999.7339397341464,994.854822158066
7020.016004470112,0.05141415249356349,1999.7763926467067,994.8709281513312
7020.1072673375265,0.06688686210876893,1999.823694565656,994.8888737759388
7020.23305674278,0.08616719608427584,1999.8888917321456,994.9136085692953
7020.423246007997,0.11203444318584252,1999.987467613753,994.9510066973986
7020.704163344966,0.14532908730436908,2000.1330682354328,995.0062451968894
7021.113124525483,0.18695671726786142,2000.3450345250062,995.0866615980742
7021.7040874458135,0.23786272828677835,2000.6513331030553,995.2028657501987
7022.555296431309,0.29875604409409856,2001.0925183697332,995.3702428270565
7023.775654814196,0.369267399082488,2001.7250354622608,995.610206124418
7025.511639500181,0.4466713235769794,2002.6248041491822,995.9515561769241
7027.947785574331,0.523638534804938,2003.8874700826048,996.4305751202104
7031.2758386052665,0.5844785775267787,2005.6124164095042,997.0849597409107
7035.532722194337,0.6012344784053153,2007.818781607033,997.921960893103
7040.872242112487,0.5283612284321924,2010.5862851421402,998.9718070802118
7043.763749408456,0.4362092767750685,2012.0849708456772,999.5403175836292
7045.865600838061,0.3347918897629634,2013.1743735958146,999.953565432862
7046.990991254954,0.2617606213645722,2013.7576706488596,1000.1748281163258
7047.815068129485,0.1944970730365142,2014.1847950345152,1000.3368488151036
7048.255151255446,0.15078998035089722,2014.4128929952851,1000.4233727121382
7048.584510942217,0.11222908164654646,2014.5836022847175,1000.4881273579929
7048.771627308369,0.086834406395927,2014.6805859307533,1000.5249158246523
7048.905462535617,0.06632721367379416,2014.7499536131222,1000.5512288020491
7049.01185233093,0.04808440392312476,2014.8050961479237,1000.5721457952778
7049.094650340365,0.032555801020306974,2014.848010904693,1000.5884244670358
7049.141916656277,0.023742791166160283,2014.8725093496023,1000.5977173544941
7049.17773411881,0.018499169776130395,2014.8910737780282,1000.6047593159943
7049.2135515813425,0.017206788950165863,2014.9096382065648,1000.6118012761918
7049.247110769528,0.02056836532013446,2014.9270321566205,1000.6183992428932
7049.275107080292,0.025236329325213257,2014.9415428304476,1000.6239035088424
7049.3029559615625,0.0304478522428731,2014.955977090656,1000.629378788356
7049.353290774328,0.04004870256054243,2014.9820659587394,1000.6392749529754
7049.435499779113,0.05495528849735173,2015.0246754329169,1000.6554377937873
7049.533645179897,0.07121191439924433,2015.07554484794,1000.6747338277746
7049.673327481286,0.09202641551053294,2015.1479431166788,1000.7021962738809
7049.883395646935,0.11966696199048261,2015.2568228516302,1000.7434969999567
7050.192550997613,0.15497892500224672,2015.4170601440837,1000.8042788099726
7050.641329565747,0.19884612389919273,2015.6496651015714,1000.8925112155622
7051.289298984308,0.2522230932772679,2015.9855120503828,1001.0199053086773
7052.221712874781,0.315633737428568,2016.4687885635915,1001.2032218883782
7053.556360969606,0.3882657801065361,2017.1605459533612,1001.4656179075655
7055.4497685697925,0.4664972648736613,2018.141912543671,1001.8378647075359
7058.093664195724,0.5413174373357846,2019.5122629167056,1002.3576525137314
7061.664098806737,0.5941723133413707,2021.3628461504438,1003.0595859323493
7066.480529333168,0.5912580358532591,2023.8592402098175,1004.0064568458255
7070.740117201023,0.516314567505898,2026.067019963673,1004.843837539802
7073.736354241767,0.4119762514302708,2027.6199954226574,1005.4328486114433
7075.456607735677,0.32341329472502184,2028.5116179671847,1005.7710181589665
7076.6204220495965,0.24432381856505578,2029.1148333242472,1005.9998005207988
7077.2836222103915,0.1879265027503465,2029.4585759445054,1006.1301716536713
7077.744512823141,0.14068586539827835,2029.6974597247734,1006.2207727455609
7078.015136329485,0.1079941102246528,2029.8377263483817,1006.2739713542117
7078.2036623346785,0.08180380208145561,2029.935441094464,1006.311031362566
7078.327729714504,0.06229937237379038,2029.999746349408,1006.3354202231712
7078.429476753439,0.04445727069432369,2030.052482768996,1006.3554213944835
7078.501374361151,0.030843351293857024,2030.0897479562811,1006.3695548350825
7078.547045099556,0.02249086407838599,2030.1134195176962,1006.3785326647359
7078.583688947316,0.017749329311352556,2030.1324123592588,1006.3857360112406
7078.618805633932,0.01762455212988429,2030.1506136593352,1006.3926391513555
7078.654268510241,0.022020213419434425,2030.1689943928043,1006.3996103432158
7078.693963121637,0.02915897617067188,2030.189568473439,1006.4074133960853
7078.730602059209,0.03616469378820814,2030.2085587704635,1006.4146157719533
7078.812421274593,0.051289079827800815,2030.2509664198262,1006.4306995506654
7078.903481417146,0.0667397839929154,2030.2981637271203,1006.4485998755313
7079.028795460328,0.08596589450439211,2030.3631151465158,1006.4732337140118
7079.218315991539,0.11177182256241436,2030.4613453808288,1006.5104890309943
7079.498272841751,0.14499532282513253,2030.6064495965886,1006.5655219534235
7079.905883851179,0.18654400619628636,2030.8177181515296,1006.6456485360303
7080.494912301158,0.23736197323619715,2031.1230170682077,1006.7614371570197
7081.343360465402,0.2981635462204825,2031.5627756841031,1006.9282207521574
7082.559821258538,0.36859319427444714,2032.1932787927326,1007.1673451255881
7084.290409596354,0.44595382052609295,2033.0902592756383,1007.5075309701468
7086.719358390376,0.5229700228268168,2034.349207088224,1007.9849901216448
7090.038713471851,0.5840453735191026,2036.069661956787,1008.6374671413663
7094.274930716953,0.6013734498423325,2038.2653369863563,1009.4701533836865
7099.641624002813,0.5289346844205265,2041.046951561155,1010.525024388973
7102.537275413493,0.4370047278928183,2042.547799687472,1011.0941783525818
7104.649250357953,0.3353618030619371,2043.6424600845528,1011.5092917431816
7105.776691197273,0.2623357350642107,2044.2268255210015,1011.7308909416746
7106.604764872284,0.19485397848760355,2044.6560256121488,1011.8936485331354
7107.045592859946,0.15113084872240307,2044.8845118418103,1011.9802928422043
7107.376480384651,0.11243728218838346,2045.0560146723747,1012.0453283341739
7107.563960386744,0.08701831362156456,2045.1531877296195,1012.0821772247825
7107.698342397215,0.06644488054397782,2045.2228394844196,1012.1085897697034
7107.804855622336,0.04819319304203963,2045.278046525581,1012.1295247417374
7107.887946273516,0.03261503907624111,2045.321113375401,1012.1458560435416
7107.935298356871,0.023781754446457602,2045.3456565105796,1012.1551629980366
7107.971119226934,0.018522466660727065,2045.364222884006,1012.1622035148206
7108.006940096998,0.017198139660538705,2045.38278925754,1012.1692440303304
7108.040453021615,0.02052988987343121,2045.400159396206,1012.1758309229381
7108.071520635382,0.025746968934391476,2045.4162621018975,1012.1819371940086
7108.099538971163,0.031016630607142392,2045.4307843313998,1012.1874441353841
7108.153550041009,0.04129899532683308,2045.4587788976462,1012.1980598884384
7108.236017848907,0.05615287926302004,2045.5015229229627,1012.21426874311
7108.336658803321,0.0726917544381277,2045.5536863025484,1012.2340494780568
7108.481169641082,0.09402290171911552,2045.6285879554337,1012.2624527143488
7108.698122327559,0.12225665080158202,2045.7410370668024,1012.3050941721708
7109.016991276757,0.15823521708130192,2045.906310574652,1012.3677669082031
7109.479524069916,0.20284497402215546,2046.1460467491354,1012.4586761627273
7110.147182172952,0.257033847275252,2046.4921018104158,1012.5899017280549
7111.107598341141,0.32125400783819846,2046.9898968915593,1012.7786669602147
7112.481545562243,0.3945294362176809,2047.7020301518583,1013.0487081648147
7114.428806052137,0.47291209060304157,2048.711318799121,1013.4314274988582
7117.142954492691,0.5467864003429025,2050.1180952675695,1013.9648666002752
7120.791626013645,0.5966021432693468,2052.00924749159,1014.6819655121616
7125.7783092732125,0.5860598544031556,2054.5939097747832,1015.6620119547275
7129.379139227831,0.5202779587916666,2056.4602676885083,1016.3696776249149
7132.979969182449,0.39114313775991755,2058.326626675283,1017.0773305272058
7134.288834352766,0.32087091487091085,2059.005029504684,1017.3345520197612
7135.597699523082,0.22946446844927623,2059.683432475568,1017.5917718283737
7136.090056942367,0.18638538160699056,2059.9386281912675,1017.6885300841109
7136.582414361651,0.13523796280723754,2060.193823926975,1017.7852881017142
7136.807590039015,0.1076852057975587,2060.3105356361516,1017.8295395179288
7137.008871127154,0.07953837027769718,2060.4148624484174,1017.8690951387683
7137.129583935223,0.06032905956934127,2060.4774295922302,1017.8928175176026
7137.229098690389,0.042689678709794406,2060.529009488404,1017.912374062268
7137.295907009318,0.02999495679018649,2060.5636371794812,1017.9255031638578
7137.340662790789,0.021912761751294044,2060.5868347305245,1017.934298521192
7137.377683893683,0.01747678331623482,2060.606023288995,1017.9415738664466
7137.408303599756,0.017583520221754797,2060.621893913519,1017.9475912154237
7137.43892330583,0.02116120733537574,2060.637764538121,1017.9536085634804
7137.47114898397,0.026735489034265637,2060.6544675607306,1017.9599415142546
7137.500226198275,0.03224685468860665,2060.669538690289,1017.9656557318997
7137.562740275078,0.04407844941397915,2060.701940616679,1017.9779409169673
7137.646637375556,0.05895374786069765,2060.7454256658834,1017.994428260007
7137.753093871649,0.07613146071577714,2060.8006035685103,1018.0153489345638
7137.909077460219,0.09866281479102805,2060.8814520630326,1018.0460025806381
7138.142177930781,0.12824762988661054,2061.0022713291714,1018.0918110688664
7138.483803568754,0.16574001744613379,2061.179340730454,1018.1589466328446
7138.978649402896,0.21203883344518643,2061.4358263441427,1018.2561925098456
7139.69254992876,0.26806038661530335,2061.805851146719,1018.3964860486692
7140.718649802137,0.334075124552538,2062.337693387771,1018.5981311688217
7142.184564381949,0.40870396696772054,2063.0974980323485,1018.8862051582018
7144.257300671817,0.48720475367860827,2064.171827412678,1019.2935250337916
7147.133420700403,0.5585024791436988,2065.662562859731,1019.8587133870449
7150.953320895016,0.6007348518770753,2067.642474540809,1020.6093521323255
7156.2968295575765,0.5711393461881347,2070.412097393064,1021.6593673464589
7159.899941765141,0.48784642535273975,2072.2796472695727,1022.3673738103629
7162.574791989111,0.38135163267339317,2073.666065006221,1022.8929699307013
7164.016113982733,0.29997289522859766,2074.4131255348434,1023.1761803789427
7165.057497333762,0.2239905341857474,2074.9528914940006,1023.3808042144877
7165.614514020234,0.1736923524936704,2075.2416023548526,1023.490253285564
7166.028721274436,0.12902925722630815,2075.4562927670936,1023.5716413148072
7166.2603211697515,0.09976301611659309,2075.5763347968136,1023.617148554902
7166.428572509855,0.07548912286325715,2075.6635422326167,1023.6502083563926
7166.545400307637,0.05646573179497109,2075.7240960023314,1023.673163900639
7166.640741129911,0.039217194547721074,2075.7735127199458,1023.6918974500024
7166.700151422423,0.02789193299802112,2075.8043060528967,1023.7035709933529
7166.741033668071,0.020787677036471462,2075.8254959942137,1023.7116039541143
7166.777374125469,0.01715789731548269,2075.844331851983,1023.7187444966161
7166.8034984350115,0.0177325996960157,2075.857872512077,1023.7238776657391
7166.829622744554,0.02079143093226217,2075.8714131722268,1023.7290108341995
7166.857568220727,0.0255005764784278,2075.8858977731143,1023.7345018431581
7166.885197605587,0.030684000372203046,2075.9002185387267,1023.7399307425624
7166.937237431159,0.04060228095651684,2075.9271916383077,1023.7501560488399
7167.01953170366,0.0554806394843025,2075.9698461169896,1023.7663260465803
7167.118770700655,0.07186137559156729,2076.0212833265723,1023.7858255036958
7167.260565793742,0.0929026891880518,2076.0947780643223,1023.8136867857944
7167.47365324024,0.12080447944193831,2076.2052248089376,1023.8555562477388
7167.787069246531,0.15640998811075277,2076.3676735106455,1023.9171391457378
7168.241875671415,0.2006036359431988,2076.603407219888,1024.006503581412
7168.898471915433,0.2543374141375335,2076.9437319670465,1024.1355171321838
7169.843154842936,0.318103847184774,2077.433376892206,1024.3211356430836
7171.195022701332,0.39101884142460736,2078.1340726876424,1024.5867594513568
7173.112032433677,0.46931735075097397,2079.127691253446,1024.9634229820413
7175.786741108446,0.5437230645886699,2080.5140384929396,1025.4889569926931
7179.391651116348,0.5952425895897349,2082.382525903478,1026.197248533186
7184.28417534589,0.5889943549115287,2084.918407785447,1027.158510014608
7188.242556252473,0.5182142949954781,2086.970108063948,1027.9362182590125
7191.371784178675,0.4092840469071554,2088.5920442765923,1028.5510110588066
7193.000308910657,0.32528486559986436,2089.4361388172993,1028.8709601452315
7194.220594803904,0.24237392857090875,2090.068635743757,1029.1107026726966
7194.8444438633915,0.18926476306813522,2090.391988386906,1029.2332661445218
7195.328851663361,0.139644915067327,2090.6430660370565,1029.328434262444
7195.586035305738,0.10854338967824546,2090.7763691512737,1029.3789611920936
7195.780947963079,0.08148191585485227,2090.8773960474323,1029.417254168857
7195.904523796532,0.06202161305303456,2090.941447727665,1029.4415321346883
7196.005951108375,0.04420859000751053,2090.994019413216,1029.461458744837
7196.077097189488,0.030729742280411077,2091.0308957671928,1029.4754362386523
7196.122668779224,0.022408795255903082,2091.05451638077,1029.4843893169107
7196.159393702248,0.017705507072995456,2091.0735516004315,1029.4916043613196
7196.194553807651,0.017669205803878856,2091.091775745733,1029.4985119776316
7196.229571751893,0.02204855050968296,2091.1099262063235,1029.505391663531
7196.270073125842,0.029345167889171728,2091.130918832017,1029.5133486320478
7196.307194308474,0.03644387469834523,2091.1501594409397,1029.5206415210703
7196.389175786509,0.05157746561942108,2091.192651987255,1029.5367477333405
7196.480715826695,0.0670805078538752,2091.2400989172525,1029.5547318283898
7196.607130576736,0.08643145815835794,2091.305622068485,1029.5795674485726
7196.798208254188,0.11237942154436974,2091.404661238042,1029.6171068096007
7197.080397087005,0.14576677613495856,2091.5509250458053,1029.6725459187926
7197.491140513117,0.18749605451773343,2091.763821141418,1029.7532408593966
7198.084650543348,0.23851369131775232,2092.0714486526786,1029.8698419687903
7198.93948543944,0.29952032618237784,2092.5145258504126,1030.0377824241114
7200.164946091647,0.37012654849718296,2093.149705534037,1030.2785346158728
7201.907961158728,0.4475660708140516,2094.053143771898,1030.6209623043678
7204.353404095224,0.5244329744156475,2095.320664295172,1031.1013820302792
7207.692446858658,0.5849044716528495,2097.0513557172253,1031.7573447531604
7211.977367648698,0.6008073288249424,2099.272315591315,1032.5991118034594
7217.274483735968,0.5273366920263678,2102.017918483267,1033.639699069163
7220.158546770403,0.4348892241994884,2103.5127878857706,1034.2062450296203
7222.244506864011,0.33384046097602116,2104.5939844700792,1034.6160065442953
7223.36632224411,0.2608274766288328,2105.1754449005302,1034.8363718339035
7224.1840227726825,0.19391858170180476,2105.599276290309,1034.9969971662274
7224.622911651429,0.15023988300535904,2105.826761652922,1035.0832102176698
7224.9498354216375,0.11189233541345536,2105.9962131481734,1035.1474293058836
7225.1363666919615,0.08653772357476912,2106.0928962492026,1035.184070426299
7225.26933043861,0.06613661079267363,2106.1618141718714,1035.2101890330064
7225.375519836769,0.04790879794979811,2106.2168543843227,1035.2310482340533
7225.457836404648,0.0324623873537025,2106.25952080421,1035.2472179938045
7225.504971948116,0.0236808169910497,2106.2839521545543,1035.2564770068402
7225.540789555284,0.018461893718607406,2106.3025171789586,1035.2635127934418
7225.576607162453,0.017221531721252143,2106.321082203464,1035.270548578825
7225.610249978882,0.020632988472281264,2106.3385199879535,1035.2771571608894
7225.638235866685,0.025314015536934947,2106.3530256665604,1035.2826545308562
7225.666013994851,0.03051616896405831,2106.367423659007,1035.2881110891046
7225.716843889277,0.040209252576110806,2106.3937698705295,1035.2980957873297
7225.7990700265445,0.05510621499626969,2106.436389420532,1035.3142477567962
7225.897530778373,0.07139856081571982,2106.487423716111,1035.333588740277
7226.037821005777,0.09227818946995585,2106.5601391172163,1035.3611464153355
7226.248760917441,0.11999397622303713,2106.669473751423,1035.4025820072177
7226.559144633206,0.15539002193312665,2106.8303522267497,1035.4635515822422
7227.009657188135,0.19934995118728438,2107.063862470584,1035.5520469095397
7227.660104530341,0.2528272910365735,2107.401003197393,1035.679815595903
7228.596037304006,0.31633627884919996,2107.8861171692092,1035.8636620582804
7229.935614941581,0.3890428484465065,2108.5804490261758,1036.1267955478472
7231.835760291851,0.4672819766343453,2109.5653354091805,1036.5000385417102
7234.488407517087,0.5419633807435563,2110.9402602448763,1037.0210887460416
7238.068494303675,0.5944019011321976,2112.79589808256,1037.7243020976157
7242.9072480373925,0.5904739592214787,2115.303932319402,1038.6747280298036
7247.079627563952,0.5166307799293294,2117.4665713776058,1039.4942472888536
7250.1110602274985,0.4109986586962574,2119.0378326198033,1040.0896568176574
7251.803873025331,0.3237531789197503,2119.915256722542,1040.42214167679
7252.9825720626395,0.2436188216307717,2120.526203880885,1040.6536480132072
7253.633916768914,0.1881900243827077,2120.8638110558486,1040.7815769938013
7254.101044242713,0.14030160884148388,2121.105934156732,1040.8733240841432
7254.367581574517,0.10808344405270787,2121.2440867006385,1040.9256737812013
7254.557742811621,0.08166315141347426,2121.3426517285898,1040.9630226666734
7254.6816311934135,0.06217230641816883,2121.40686598323,1040.9873551204253
7254.783229037501,0.0443442264261942,2121.4595265301455,1041.0073095622668
7254.854786658476,0.030791469876171276,2121.496616524912,1041.0213639135925
7254.900409618085,0.022453831763894008,2121.5202639760846,1041.0303245374146
7254.937091708025,0.017729340218794753,2121.5392771646975,1041.0375291192101
7254.972227141949,0.017644593418492466,2121.5574886852755,1041.044429927331
7255.007508586572,0.022036195334830585,2121.575775886725,1041.0513594116546
7255.04762919871,0.029258401712629244,2121.596571342479,1041.0592393356685
7255.084531201235,0.036314828261776476,2121.615698517372,1041.0664871045035
7255.166449525528,0.05144617743318603,2121.6581587098403,1041.0825763372957
7255.257767978727,0.06692476038518254,2121.7054912106287,1041.1005118023554
7255.383681566948,0.08621875902140543,2121.7707551841427,1041.1252419364077
7255.574050767091,0.11210188152984332,2121.8694280192713,1041.1626314854248
7255.855223795681,0.145414220474903,2122.0151666201255,1041.2178553392575
7256.26453872914,0.18706022317761462,2122.22732419833,1041.2982468009138
7256.856002176638,0.23798505310064638,2122.533893667902,1041.414412846764
7257.7079166304575,0.29889512555028197,2122.975461091217,1041.5817320489962
7258.929255266806,0.3694156549501302,2123.6085099097086,1041.8216063619152
7260.6665653881055,0.44681051519379705,2124.508999201211,1042.1628165026373
7263.104405233174,0.5237310113224438,2125.77259015925,1042.6416068927306
7266.434282096584,0.5844540367961325,2127.49854607781,1043.2955838663024
7270.697536068387,0.6009705916059557,2129.708295234839,1044.1328579294743
7276.0234909114815,0.5279431728141061,2132.4688703030406,1045.1788153699372
7278.911784809639,0.4357329500426733,2133.9659458931915,1045.7460326455782
7281.008489345171,0.33443976261688824,2135.0527211491544,1046.1577888665845
7282.132395267618,0.2614364482526733,2135.635270295862,1046.3785027139522
7282.954466632765,0.19428220293886656,2136.0613709434015,1046.53994122422
7283.3939915970695,0.15060034196349295,2136.2891880129855,1046.6262549514365
7283.722579301989,0.11210574148119502,2136.4595034634667,1046.690782749114
7283.909450972002,0.08673083253545165,2136.556363855376,1046.7274804174226
7284.0429988832975,0.06625833117035146,2136.625585173582,1046.753706400397
7284.149314568784,0.04802154558977992,2136.6806913295272,1046.7745845387967
7284.231942105787,0.03252218895303741,2136.72351930907,1046.7908108216266
7284.279158306375,0.023721109357222932,2136.7479926815763,1046.800083071742
7284.314976249357,0.018486113747089,2136.766558043792,1046.8071169469072
7284.350794192338,0.017211971216843116,2136.7851234061063,1046.81415082088
7284.3843812833375,0.02059080933748817,2136.8025324604737,1046.8207466024005
7284.412373223098,0.02526314223773056,2136.817041403906,1046.8262436158839
7284.440199463559,0.030471719674902698,2136.8314644611823,1046.8317080888755
7284.490710179443,0.04010524454703107,2136.857645466608,1046.8416273013531
7284.572921768113,0.055007643913703205,2136.9002578515747,1046.8577718747536
7284.671178320584,0.07127667745648228,2136.951186755432,1046.8770673229
7284.811073887073,0.09211369254535448,2137.023698234841,1046.9045397515633
7285.021450455738,0.11978037968515581,2137.1327418379033,1046.9458530728614
7285.3310377913995,0.15512093194132212,2137.293208947219,1047.0066491273851
7285.780422008154,0.19901871395972645,2137.5261364025014,1047.0948980160206
7286.429252326398,0.25242746014002104,2137.8624419548028,1047.2223132738036
7287.362881824515,0.3158668161851005,2138.3463663521475,1047.4056558132406
7288.699220062403,0.3885153706893659,2139.039025256092,1047.668079325418
7290.594911001214,0.4667335739406752,2140.021611463613,1048.0403429208168
7293.2417068474915,0.5414787300360472,2141.393515454097,1048.5600980960264
7296.815117590384,0.594145089663971,2143.2457091960882,1049.2618037051798
7301.639636984402,0.5908004708726694,2145.7463873400484,1050.2091690183588
7305.8616464977695,0.5163146093419241,2147.934769861849,1051.0382050279277
7308.871252961324,0.4114613068998417,2149.4947316875896,1051.6291629049012
7310.5794394127015,0.3234646673187816,2150.3801320237276,1051.9645738908375
7311.748922014251,0.24396394931251028,2150.986307365627,1052.1942061227167
7312.406930313005,0.18798363046931818,2151.327371403834,1052.3234079314682
7312.870212137381,0.14048822244436895,2151.567503303512,1052.4143744019675
7313.139034462787,0.10800182656612747,2151.7068414249934,1052.4671582042427
7313.328161653811,0.08172405670394044,2151.8048713351186,1052.5042936673694
7313.452132239169,0.062226860076416535,2151.8691287565543,1052.5286354962839
7313.553793840557,0.044393035007029576,2151.9218228085574,1052.548596908855
7313.625499540436,0.03081375066742553,2151.958989879257,1052.5626764281483
7313.671140762287,0.022470175559612292,2151.982647001867,1052.5716381465081
7313.707807463523,0.01773807221333218,2152.001652379393,1052.5788377036854
7313.7429354065025,0.017635903392918796,2152.019860175542,1052.5857351224051
7313.778300041717,0.022029966908717197,2152.0381906559955,1052.5926790148167
7313.818252196749,0.02921911642595127,2152.0588989765115,1052.6005236713663
7313.855053757494,0.03625612595781157,2152.0779742559052,1052.6077497034146
7313.936933463771,0.05138464123250049,2152.1204148007055,1052.6238268807228
7314.028150810363,0.06685214279496184,2152.1676953065767,1052.6417375075107
7314.153830404761,0.0861194303655257,2152.2328385618566,1052.6664148222053
7314.3438702796975,0.11197229656827638,2152.331341556163,1052.7037293151097
7314.624570350698,0.14524948596311343,2152.476836276438,1052.7588449547795
7315.03321965479,0.1868563193981232,2152.688650683775,1052.8390833793303
7315.623728667338,0.23773726594370184,2152.9947281061004,1052.9550297461249
7316.474279947648,0.29860127179094126,2153.4355927927386,1053.122034815068
7317.693692317932,0.36908009049785956,2154.067648667567,1053.361464307605
7319.42833182005,0.4464511913561005,2154.9667615111593,1053.702055397905
7321.862601424558,0.5233917932681412,2156.228512858889,1054.1800120374132
7325.188139518673,0.5842241310588965,2157.9522347996804,1054.8329560046259
7329.441380123105,0.601012931733822,2160.1568128166823,1055.6680325157436
7334.7798925749785,0.5281907272898355,2162.9239206422917,1056.7161666987163
7337.669918494583,0.43609036879381935,2164.421906862494,1057.2835676511972
7339.771290483965,0.3346933647832586,2165.5111107325956,1057.696126808801
7340.896066836116,0.26169728773576545,2166.0941160484845,1057.9169507825504
7341.719985489031,0.19444171373320793,2166.5211778559146,1058.078707534368
7342.159824320749,0.15075518897407558,2166.7491595660913,1058.1650591324965
7342.489116882042,0.11219911895772726,2166.9198418251685,1058.2297075586982
7342.676146793093,0.08681414006873982,2167.016785068569,1058.2664261984794
7342.809945141649,0.06631123035789623,2167.0861367893563,1058.2926941343696
7342.916315991246,0.048070565193375166,2167.141272010891,1058.3135773600122
7342.999077174637,0.03254855225471419,2167.184169630494,1058.3298254177898
7343.046329911984,0.02373873621887392,2167.208662150874,1058.3391022906414
7343.082148843362,0.018496676246892232,2167.2272281845317,1058.3461344252185
7343.1179677747405,0.017207940205866246,2167.2457942182855,1058.353166558629
7343.151532137543,0.02057289959667819,2167.263191641152,1058.3597560639562
7343.179531171596,0.025242302052938283,2167.277704386122,1058.3652529583508
7343.207379024312,0.030453847507084214,2167.2921387692977,1058.3707201714485
7343.257761531391,0.040063410065471206,2167.3182535446094,1058.3806114853498
7343.339967163947,0.054967930777573296,2167.3608632075366,1058.3967504493187
7343.438141844327,0.07122756823652052,2167.4117501110636,1058.4160245175087
7343.577879035646,0.09204739468760641,2167.484180121204,1058.4434582983984
7343.7880299205,0.11969428204251731,2167.593107679862,1058.4847159521685
7344.097297648732,0.15501232105329968,2167.7534105017594,1058.545432544052
7344.546228251151,0.19888469727780664,2167.986104830193,1058.6335681167043
7345.194407541097,0.2522651202953646,2168.322075814705,1058.7608205417675
7346.127108214856,0.3156752112543212,2168.8055229165648,1058.9439303545744
7347.462137303774,0.3882983063391328,2169.497509174524,1059.2060247769637
7349.356022096002,0.4665045294156489,2170.4791676004447,1059.5778316084875
7352.000430594284,0.5412693922182853,2171.8498458692065,1060.0969755613912
7355.571066589523,0.5940177842430105,2173.700617164334,1060.797944227694
7360.389903797818,0.5908904285651772,2176.198371328498,1061.7439349657368
7364.629638714105,0.516182890671403,2178.395960066849,1062.5762242053304
7367.631254967169,0.411617209961567,2179.9517935337913,1063.165452396941
7369.344941948378,0.32335310312782994,2180.8400524669687,1063.5018517450894
7370.511062006207,0.24408391764307466,2181.444490022794,1063.7307613651203
7371.171466961284,0.1879054140239814,2181.786799209554,1063.8603984579129
7371.633346279374,0.14055330934688043,2182.026206175135,1063.9510648550986
7371.902990605187,0.10797040719341701,2182.165971543819,1064.003995648038
7372.091739420754,0.08174473015162691,2182.263806158268,1064.0410467298573
7372.215736887896,0.062245643645617244,2182.3280780564696,1064.0653872111138
7372.317420574027,0.04440988496341076,2182.3807840010263,1064.0853475267018
7372.3891777896215,0.030821410044173495,2182.4179780880736,1064.099433327032
7372.434824666297,0.022475920848049044,2182.441638341674,1064.1083937167605
7372.471486292255,0.017741139938544193,2182.46064124912,1064.1155903185575
7372.506612055602,0.017632926476258897,2182.4788480693524,1064.1224854325474
7372.542004077992,0.022027592997992902,2182.4971929003573,1064.1294328115084
7372.5818961916775,0.02920491532988028,2182.51787027448,1064.1372635474997
7372.618661959066,0.036234981150673896,2182.536927162198,1064.1444805871795
7372.700525042289,0.051361946000542245,2182.5793594493266,1064.160550126897
7372.7917058575495,0.06682542587252745,2182.6266214193006,1064.178448709429
7372.917299615652,0.08608283209666957,2182.6917207332153,1064.2031024605715
7373.107219467535,0.11192456651031274,2182.7901623478297,1064.2403832414914
7373.387746722651,0.14518870789347293,2182.9355687210145,1064.2954499644554
7373.7961519947985,0.186780809553752,2183.147258427559,1064.375618661359
7374.386310148808,0.23764499120977636,2183.453156572856,1064.4914646241875
7375.236358948427,0.29849095050358354,2183.8937645285087,1064.6583256533024
7376.455058818908,0.3689525304040895,2184.5254564235997,1064.897550215202
7378.1887054771305,0.4463116682420678,2185.4240622233265,1065.237853903717
7380.621636034374,0.5232542345915852,2186.6851301247043,1065.7154179747738
7383.945511291016,0.5841178026615323,2188.4080046578088,1066.3678585148193
7388.19523277648,0.6009920652195225,2190.610777103497,1067.2020181809135
7393.537315231736,0.5282389644558301,2193.3797585564553,1068.2505698027005
7396.427641885656,0.43617879012599325,2194.8779131787273,1068.817876649219
7398.5303259806,0.33475425866345526,2195.9678062516405,1069.2305820956512
7399.6552735234445,0.26176534790313283,2196.550905165292,1069.4513801589467
7400.479716002545,0.19448102617148647,2196.978242050995,1069.6131961463532
7400.919613397358,0.15079602734885664,2197.2062560169525,1069.6995359807609
7401.2491049384835,0.11222248608236121,2197.377042836725,1069.7642060510727
7401.43616947406,0.0868359021033485,2197.474004835109,1069.8009215990787
7401.570036696017,0.06632461024532113,2197.54339283327,1069.827195979852
7401.67642119018,0.04808310314332904,2197.598535586675,1069.8480762606573
7401.759216554566,0.03255535212733638,2197.6414512809006,1069.8643266524998
7401.8064783801065,0.023743368009095663,2197.6659487160764,1069.8736028114179
7401.842297863485,0.018499441203780838,2197.6845151905445,1069.8806331610456
7401.878117346864,0.017206922702469155,2197.7030816651054,1069.8876635095312
7401.911675906748,0.0205682968898341,2197.7204762250667,1069.8942501018346
7401.9396777429865,0.0252371015575592,2197.734990543418,1069.8997460663204
7401.967531800475,0.030449524889836127,2197.749428262998,1069.9052130253456
7402.017883910055,0.040053374999186174,2197.7755274998035,1069.9150957101651
7402.1000874445945,0.054958233129392624,2197.8181364302322,1069.93122991756
7402.1982425829465,0.07121557369357041,2197.8690136283662,1069.9504949615794
7402.3379417785045,0.09203118107377457,2197.941424547337,1069.977913900066
7402.548039084459,0.11967322550936153,2198.050325241496,1070.0191499323641
7402.857230260485,0.15498559244904267,2198.21058971879,1070.079835157503
7403.306051164152,0.1988513222663487,2198.4432291241615,1070.167925481239
7403.95407181316,0.25222399070973167,2198.779120676401,1070.2951125315928
7404.886544293653,0.3156254515673887,2199.2624535207424,1070.478128304103
7406.221248297649,0.388239767538079,2199.954277031054,1070.7400884533865
7408.114677336941,0.4664386965892968,2200.935707382337,1071.1117059267328
7410.7584656862455,0.5412010025970836,2202.306075584675,1071.6305887808094
7414.328321236393,0.5939573492010721,2204.156457688664,1072.331216283631
7419.145858945192,0.590861386083226,2206.653558938332,1073.2766986659642
7423.387720648514,0.5161266223383868,2208.8522682071025,1074.1091827858697
7426.387866362808,0.4116096166424088,2210.4073522614694,1074.697965056578
7428.102159633302,0.3233134357017488,2211.29593276789,1075.0343936451636
7429.267668341245,0.2440835461203565,2211.9000584106584,1075.2631222529126
7429.928348095421,0.1878806751272316,2212.242512850301,1075.3927787193463
7430.389976181995,0.14055281766547728,2212.481791561292,1075.4833716508474
7430.659712022725,0.10795834319450452,2212.621605514153,1075.536306299192
7430.848386916466,0.08174219847521826,2212.719402616172,1075.5733330022404
7430.97238191163,0.06224336833819738,2212.783673761172,1075.5976665134608
7431.074062927575,0.044407957945490274,2212.83637875473,1075.6176209873177
7431.145814909829,0.030820475788855772,2212.873570434736,1075.6317020080814
7431.191460043748,0.022475430448203684,2212.897229979392,1075.640659668748
7431.228122713455,0.017740853857795818,2212.916233583974,1075.647854558225
7431.263249180351,0.01763327229650217,2212.9344409184605,1075.6547479734709
7431.298638369235,0.022027873985249136,2212.952784431467,1075.6616929456573
7431.338540147689,0.02920704554665942,2212.9734669850645,1075.669523492315
7431.375312659771,0.036238381860189996,2212.9925275253595,1075.6767399331152
7431.457176192977,0.0513651204530575,2213.034960394309,1075.692805280582
7431.548362770301,0.06682916918876236,2213.0822257392088,1075.7107002262665
7431.673969201983,0.0860879010311987,2213.147332157041,1075.7353498978
7431.863907914537,0.111931202402122,2213.245784356388,1075.7726244505357
7432.144461648193,0.14519698682980386,2213.3912056485424,1075.8276817043343
7432.552902774852,0.18679059571147213,2213.6029156780446,1075.907836089475
7433.143110766536,0.2376560353924992,2213.9088421672695,1076.02366098967
7433.993228487361,0.29850257639815886,2214.3494894632,1076.1904911302079
7435.212021701415,0.36896320060953347,2214.981234923198,1076.4296703583977
7436.945789523811,0.44631825882527004,2215.879910892526,1076.7699073255742
7439.378862785399,0.5232508201161022,2217.1410630894698,1077.2473724939032
7442.702853499339,0.5840938795086521,2218.864011557473,1077.8996624903286
7446.9533812987975,0.6009300343525027,2221.0672199274563,1078.7337592388242
7452.293064792674,0.5281545320773368,2223.834980459736,1079.7815626113336
7455.182729569397,0.4360884295190266,2225.3328041835052,1080.3485896648524
7457.284497265316,0.33468672906440544,2226.4222311002613,1080.7610063295679
7458.409145678004,0.2617052363489779,2227.0051796936596,1080.9816874358223
7459.233233345342,0.19444022187154986,2227.4323361319216,1081.1433911189051
7459.6730175354805,0.15076104413600258,2227.660293267882,1081.2296859713085
7460.002372029963,0.11219920882449737,2227.831010435284,1081.294312098324
7460.189388463621,0.08681670905229062,2227.9279482863494,1081.3310085276619
7460.323203813438,0.06631166923513103,2227.997309959441,1081.3572658032062
7460.429574275338,0.04807134574821489,2228.05244588619,1081.378137826049
7460.512337968636,0.032549042985417304,2228.0953455117856,1081.3943777195364
7460.559590187323,0.023739340789111333,2228.119838165839,1081.4036495481173
7460.595409771719,0.018497016451350094,2228.1384048430937,1081.410678064329
7460.631229356114,0.017207881527711105,2228.156971520438,1081.4177065794227
7460.664792993129,0.020572439874491262,2228.1743688529987,1081.4242924317432
7460.692793949723,0.025242035408417133,2228.1888828329857,1081.429786774912
7460.72064394682,0.030453931858462836,2228.2033185648756,1081.435251496155
7460.77102873208,0.04006384106113996,2228.22943495019,1081.4451379876161
7460.853232571582,0.05496787269887436,2228.272044383873,1081.461268002141
7460.951408309227,0.07122748945179252,2228.3229326715623,1081.480532010362
7461.091147043607,0.09204723411900444,2228.3953646715872,1081.5079514804927
7461.301301626226,0.11969407293833288,2228.5042959365187,1081.549187883916
7461.610572813039,0.15501161979883513,2228.664603184435,1081.6098728167037
7462.059505540878,0.1988827902555801,2228.897302436349,1081.6979618716432
7462.707684705562,0.25226095695897754,2229.233278872517,1081.8251465197905
7463.640380286093,0.31566708376036645,2229.7167312694983,1082.0081578685656
7464.975393070263,0.38828336941678754,2230.408720428001,1082.2701096420874
7466.869236200272,0.46647802667513144,2231.3903733504085,1082.6417105899159
7469.513542773954,0.541223436318156,2232.7610212320874,1083.1605587119186
7473.083902840219,0.593940013209053,2234.611679763588,1083.8611012122904
7477.902967209472,0.5907557367896996,2237.109592433237,1084.8066352050769
7482.136987887783,0.5161164723147027,2239.304255036365,1085.6373629541665
7485.139794290425,0.41149566573713986,2240.8607306957347,1086.2265133174856
7486.851557270091,0.3233176948790506,2241.7480067634615,1086.5623575840937
7488.018197284828,0.24400486787368,2242.352723641454,1086.7912484314675
7488.677791232813,0.1878888427307049,2242.694618002057,1086.9206580260354
7489.139897710586,0.14050957990034055,2242.9341465955663,1087.0113211751336
7489.409256306318,0.10795793164903718,2243.073766124521,1087.0641679981732
7489.59804955592,0.08172435687291328,2243.171625356815,1087.101208261833
7489.722022982689,0.06222715442734189,2243.2358858356665,1087.1255311932262
7489.823684926244,0.04439360614722071,2243.288581364401,1087.14547671959
7489.895394143867,0.030813851551707322,2243.3257511749484,1087.159545676917
7489.94103262786,0.02247081292686365,2243.349407461731,1087.1684996962115
7489.977700384809,0.01773834902465572,2243.3684138550852,1087.175693706947
7490.012829474546,0.017635818330152393,2243.38662269458,1087.1825858386142
7490.04819571374,0.022029894331904665,2243.404954458394,1087.189524496608
7490.088153087245,0.029219925035482607,2243.425665994428,1087.197363908135
7490.124960307454,0.03625793109773265,2243.4447446776526,1087.2045852761175
7490.2068353710765,0.05138528708942063,2243.487183862313,1087.2206486953453
7490.298055535279,0.06685292659376994,2243.534466994283,1087.238545563053
7490.42373936341,0.08612034588177452,2243.5996140499856,1087.2632039901969
7490.613788193076,0.11197355654023411,2243.698124114001,1087.3004904258398
7490.894499343138,0.14525063329636442,2243.8436281630616,1087.3555642056876
7491.303160216975,0.18685641512349427,2244.0554537872763,1087.4357408032645
7491.893681314355,0.2377349487429091,2244.3615450146353,1087.5515969360845
7492.744243375743,0.2985943014288287,2244.802426147624,1087.7184707696424
7493.963659365562,0.3690646526811432,2245.4344994579037,1087.9577098628379
7495.69828019929,0.4464207842374844,2246.3336247428447,1088.2980255786933
7498.132469473378,0.5233354313493472,2247.5953654601267,1088.7755854447387
7501.457743256159,0.5841239160055911,2249.3189927009284,1089.4279575845599
7505.711916601807,0.6008405878426932,2251.524108204542,1090.2625529657664
7511.045274402341,0.5279827948111043,2254.288611792288,1091.3088437921774
7513.933646257792,0.4358804281786415,2255.785777183621,1091.8754704614153
7516.033031483011,0.3345347815854634,2256.873977768448,1092.2873131143913
7517.157072705563,0.2615608132408217,2257.4566162296624,1092.5078180812422
7517.9802274652775,0.194346762353135,2257.8832924714184,1092.669296984341
7518.419785949951,0.15067619297065354,2258.11113441213,1092.7555252738193
7518.748782358224,0.11214527130023175,2258.28166731407,1092.8200644673038
7518.935696399831,0.0867705859912621,2258.3785528551157,1092.856731335551
7519.069380477641,0.06628142651443036,2258.447847031045,1092.8829560803963
7519.175718725521,0.0480436174032829,2258.502966694467,1092.9038163953082
7519.258407272452,0.032534155435082875,2258.5458277066014,1092.9200373548758
7519.305637804786,0.023729622335015306,2258.570309312725,1092.9293025356928
7519.341457279336,0.018491177275685645,2258.5888760793687,1092.9363292159383
7519.377276753887,0.017210155873960884,2258.6074428461006,1092.9433558950884
7519.410852842366,0.020582396786595295,2258.6248467698956,1092.949942489901
7519.438850936605,0.02525378461714849,2258.6393593805833,1092.9554348532445
7519.4666901325645,0.030464238666222377,2258.6537896275445,1092.9608960449784
7519.517150174469,0.04008815164401565,2258.679945227411,1092.970794747413
7519.599356029045,0.05499058520602554,2258.722556041369,1092.9869209935932
7519.697579505165,0.07125556838581815,2258.773469474953,1093.006189394161
7519.837410214367,0.09208509933368934,2258.8459497202007,1093.0336198296145
7520.047697022192,0.11974324423218008,2258.9549503813832,1093.0748715285422
7520.357154064153,0.15507330217150544,2259.1153552288893,1093.1355772591146
7520.806348385688,0.19895807848896233,2259.348191908923,1093.2236948999555
7521.454900490958,0.2523506937209766,2259.684364301908,1093.3509198944982
7522.38812427148,0.31577046026266736,2260.1680942933017,1093.533987656176
7523.723874332498,0.3883959577034117,2260.860471058546,1093.7960165216834
7525.618719491217,0.4665883456028808,2261.8426510934155,1094.1677182785531
7528.264313492441,0.5413070977071388,2263.2139770694052,1094.6866853538731
7531.8360452550405,0.5939515398803947,2265.0653611249586,1095.3873167448178
7536.6585425717285,0.5905977805290058,2267.5650727947154,1096.3332812868603
7540.877843500037,0.5161411022906813,2269.752122643523,1097.160908715865
7543.886212083374,0.41131098057449017,2271.311493563642,1097.750999242618
7545.593292915472,0.3233552344165438,2272.196349576296,1098.0858391917
7546.762290044125,0.2438741634740052,2272.802292958204,1098.315133848016
7547.419865833139,0.1879215866001567,2273.1431438767054,1098.4441145080195
7547.882963204496,0.1404380615388273,2273.383187957675,1098.5349488444149
7548.151623991819,0.10796660700977685,2273.5224468670485,1098.5876452909586
7548.3406715534,0.08169665694741571,2273.6204386815416,1098.6247259717807
7548.4646106641985,0.06220204130705021,2273.6846818725166,1098.6490359574436
7548.566243110656,0.04437131432883621,2273.737362521274,1098.6689706019667
7548.637885616155,0.030803586526341308,2273.7744980409093,1098.6830228795302
7548.683514290608,0.022463559696620596,2273.798149426875,1098.6919726870772
7548.720189688288,0.017734436473879185,2273.817159928517,1098.6991663585281
7548.7553227298185,0.017639784966265924,2273.835370957956,1098.7060575044943
7548.790652053717,0.0220328581878097,2273.8536837294246,1098.7129871490777
7548.830691911588,0.029239011267054905,2273.8744381818037,1098.720840736652
7548.867549782979,0.03628676230172687,2273.893543268113,1098.7280701947036
7548.949441612897,0.051415016537554245,2273.9359914733855,1098.7441327988488
7549.040711326362,0.06688799418872625,2273.983300656487,1098.7620348134067
7549.1665090570195,0.08616824566467987,2274.0485072593333,1098.7867092828203
7549.356719579187,0.11203607522054652,2274.147101901441,1098.8240179090915
7549.637662086063,0.14532988401304972,2274.2927270038535,1098.879123001303
7550.046646577893,0.18695385285749125,2274.5047220196752,1098.9593425982707
7550.637629487985,0.23785215153515404,2274.811055003088,1099.075259729123
7551.488847932499,0.29873120227645694,2275.252279792715,1099.2422197071633
7552.709185690606,0.36921728066486087,2275.884835803216,1099.481578544997
7554.445072743864,0.44657734200550936,2276.784624401339,1099.8220558142275
7556.8809272997405,0.523469520776079,2278.0472380876154,1100.2998205822478
7560.208142014552,0.5841840560484584,2279.7718847419014,1100.9524072898557
7564.467556442521,0.6007348810505688,2281.9797339759984,1101.7878183679206
7569.792363999819,0.5277616658677875,2284.7398268913025,1102.832166608377
7572.679092598889,0.43560579468249233,2286.2361520259597,1103.3983273542792
7574.775264823249,0.33433525467980163,2287.322695525775,1103.8094355564501
7575.898528201213,0.2613686881923802,2287.904935267929,1104.0297321573435
7576.720422351795,0.19422364267626943,2288.3309613520423,1104.1909229698608
7577.159692838532,0.15056314502244694,2288.5586557582087,1104.2770729640265
7577.4882059857355,0.11207405073677933,2288.7289394716177,1104.3415010561655
7577.674987278075,0.0867092525370335,2288.8257569456887,1104.378132616264
7577.8084952058325,0.06624142704941931,2288.8949603463016,1104.4043161825055
7577.914791009778,0.04800688098173598,2288.9500584317952,1104.425162898113
7577.997379517538,0.032514507054436294,2288.992867917662,1104.441360136167
7578.044581963344,0.02371669648259896,2289.017335152975,1104.4506174657968
7578.080401375997,0.018483407337895354,2289.0359020299215,1104.457642357108
7578.11622078865,0.01721320423007769,2289.0544689069534,1104.4646672473466
7578.149813916055,0.020595758362284125,2289.0718817962847,1104.471255518354
7578.17780895636,0.025269688830729983,2289.0863929352663,1104.4767458939884
7578.205633576199,0.03047820251850787,2289.1008157374,1104.4822028461829
7578.25619517237,0.04012102148591276,2289.1270241781635,1104.4921189625104
7578.338404249087,0.05502140461912485,2289.1696369890506,1104.5082417631934
7578.436692300391,0.07129366878347675,2289.2205842853673,1104.5275179564615
7578.5766475333185,0.09213648831889482,2289.2931296328215,1104.5549658782943
7578.7871130563835,0.11980997174595977,2289.4022237661616,1104.596242197813
7579.096821597297,0.15515707883677865,2289.562760206996,1104.6569819063384
7579.546370414847,0.1990605154279312,2289.795782423519,1104.745146798089
7580.195428467074,0.25247311615917717,2290.1322196485235,1104.8724388669118
7581.129369681615,0.3159120661289679,2290.6163252250153,1105.0556010790538
7582.4661227427305,0.38855123181718904,2291.309227193279,1105.3177604747486
7584.362334412882,0.4667425353952308,2292.292123069666,1105.689636403835
7587.009692356404,0.541428484187884,2293.664373861118,1106.2088185189334
7590.583331457535,0.5939805832960573,2295.516760710823,1106.9096474331332
7595.410437065505,0.5904066611742332,2298.0188801205695,1107.8562776900203
7599.610533593798,0.5161930561015141,2300.1959920299473,1108.6799311910654
7602.626434275208,0.41108443037642367,2301.759279032628,1109.2713507508176
7604.327450855294,0.3234191361522314,2302.640998356603,1109.6049175872984
7605.49964010918,0.24371276714135928,2303.248600961794,1109.8347807722287
7606.154600898186,0.18797328854371392,2303.588098979409,1109.9632163399283
7606.61903719938,0.14035005298416808,2303.828838909857,1110.0542904928916
7606.886795976728,0.10798285676676755,2303.967631317496,1110.106796866974
7607.076191604676,0.08166365310715913,2304.065804293276,1110.1439365200486
7607.200088791288,0.06217226644562048,2304.1300262390237,1110.1682321996054
7607.301686353341,0.0443448514489647,2304.1826892041013,1110.1881550138726
7607.373249606045,0.03079140444336016,2304.2197839241253,1110.202188233197
7607.418866788045,0.022454924119278272,2304.243429531938,1110.2111335471332
7607.455551128092,0.017729797465410858,2304.2624448126744,1110.2183271717038
7607.490688947856,0.017644516238289804,2304.280658456684,1110.2252175299602
7607.525972629641,0.0220361069036548,2304.298947708167,1110.2321364900326
7607.566105733606,0.029260474536588234,2304.3197506515567,1110.240006397188
7607.603020104704,0.036319094918328874,2304.338885168953,1110.2472451252534
7607.684929364956,0.051448117199385246,2304.381342730342,1110.2633071275236
7607.776254615983,0.06692710457263777,2304.4286810591543,1110.2812155526371
7607.902179216061,0.08622165137212487,2304.4939539178586,1110.3059087257927
7608.092569870683,0.1121057773243288,2304.592642677163,1110.343243339223
7608.373770098466,0.14541824663862943,2304.738402470273,1110.398385181033
7608.783115278133,0.187062536350455,2304.950586051303,1110.4786554370442
7609.37461307496,0.23798296376022213,2305.2571882416237,1110.5946445380546
7610.22656356623,0.2988841442448778,2305.698795821594,1110.761706311499
7611.447929737304,0.36938805029499705,2306.3318896874703,1111.0012069740587
7613.185230278893,0.44675299561346277,2307.232417758853,1111.3418763390455
7615.622945555472,0.5236209759988363,2308.496005471444,1111.8198866760854
7618.952334020146,0.5842544866584183,2310.221791879091,1112.4727368327958
7623.217549605532,0.6006224432529346,2312.4326647446665,1113.3090772813073
7628.533003954097,0.5275228061048115,2315.187930135798,1114.3513317820652
7631.417971694112,0.4353071413945319,2316.6833537347816,1114.917006655394
7633.5106312179205,0.33411886169661403,2317.7680845525356,1115.3273240973915
7634.633059890009,0.26115942951109,2318.3498959764174,1115.547402404671
7635.453535942127,0.19409361100132808,2318.7751901712745,1115.7082752084561
7635.892536413061,0.15044002119230165,2319.002746315183,1115.7943509087722
7636.220507570997,0.11199847615883077,2319.172750359705,1115.8586567666043
7636.407157250747,0.08664282011554801,2319.2695003351932,1115.895253444629
7636.540471028473,0.06619864958480558,2319.3386036146812,1115.9213924562023
7636.646721812371,0.04796752168695287,2319.3936787753373,1115.9422251797798
7636.729202455111,0.03249359080872338,2319.436432668881,1115.9583972557903
7636.776375580882,0.023702839272782307,2319.460884888781,1115.9676465431835
7636.812195157554,0.018475067603425745,2319.4794519893444,1115.974669726322
7636.848014734226,0.017216517367497557,2319.498019089991,1115.98169290841
7636.881626753253,0.02061026625454794,2319.515441901786,1115.9882832513917
7636.909619914455,0.025287203013988215,2319.5299521750503,1115.9937718984615
7636.937428915659,0.03049365930725931,2319.544366988911,1115.9992244364614
7636.988102665505,0.040157354941251416,2319.5706337602296,1116.0091600864082
7637.070315631864,0.05505553407560672,2319.6132489053766,1116.0252796558236
7637.168675139989,0.07133585865620884,2319.6642336216382,1116.0445650847682
7637.308768223383,0.09219339573565595,2319.7368509654016,1116.072033236162
7637.519431454753,0.11988385704684078,2319.8460483951153,1116.1133380968633
7637.829418301929,0.15524985619362258,2320.006730294095,1116.1741173298647
7638.279359575586,0.19917400578711142,2320.239957679015,1116.2623373378322
7638.928977920527,0.2526088366845502,2320.5766878415952,1116.389707746828
7639.86371386912,0.3160692080239592,2321.061208978722,1116.5729804444343
7641.201578421811,0.38872381992001825,2321.7546922534707,1116.8352929014522
7643.099305279882,0.46691445461981823,2322.7383808488194,1117.2073739436191
7645.7486211342275,0.5415649789767139,2324.111656734738,1117.7268116392759
7649.324383736924,0.5940163169902065,2325.965158066608,1118.427883887191
7654.156569613145,0.5902011270892392,2328.4699293968183,1119.375276816254
7658.335373856789,0.5162628637790598,2330.6360205198594,1120.1945531527635
7661.359808663319,0.41084318780146567,2332.203742752175,1120.7875004947457
7663.054141908154,0.3235005096017062,2333.0820042602895,1121.1196751456962
7664.229951141985,0.2435407550996343,2333.6914877711793,1121.3501916057596
7664.882032262596,0.18803708778359318,2334.0294956081243,1121.478031104577
7665.347984675166,0.14025658253727358,2334.2710231926867,1121.5693801457687
7665.614752042899,0.10800447855723483,2334.409302723289,1121.6216792769242
7665.804545025436,0.08162945034862092,2334.507682392068,1121.6588877211173
7665.928397541397,0.06214161054460939,2334.571881655769,1121.6831686843966
7666.029959301892,0.044317583908619056,2334.624526450946,1121.7030795938251
7666.101440927795,0.0307788476972305,2334.661579132749,1121.7170933689213
7666.147046271088,0.02244602409993243,2334.685218778104,1121.7260341682006
7666.183739752858,0.017725034358820405,2334.704238937535,1121.7332278208705
7666.218882667505,0.017649417701445402,2334.722455356642,1121.740117488246
7666.254117320219,0.0220391522032484,2334.740719328489,1121.7470251396005
7666.294341320197,0.029281255687074615,2334.7615695412774,1121.7549109367685
7666.33131009593,0.03635033661446327,2334.7807324003825,1121.7621585556183
7666.413234584592,0.051479808084782516,2334.8231981681533,1121.7782196047217
7666.5046134617,0.06696461537019176,2334.870564642811,1121.796134151769
7666.630659671353,0.08627284903941593,2334.935901018838,1121.8208451113426
7666.821223166878,0.11217259714773072,2335.034680097391,1121.858204455707
7667.102670574164,0.14550293700121333,2335.180569089869,1121.9133812371908
7667.512361678441,0.18716667634778447,2335.3929335439,1121.9936996329657
7668.1043532316335,0.2381082615743763,2335.69979393082,1122.109757103959
7668.957005620746,0.29903055821376284,2336.1417685907586,1122.2769155440715
7670.179357632711,0.36955138368674856,2336.7753781261463,1122.5165508076486
7671.918012673717,0.4469207173545095,2337.676614924917,1122.8574023040712
7674.357509823676,0.5237650012417943,2338.9411355555812,1123.335645007557
7677.68897590781,0.5843200151971955,2340.668011560473,1123.9887428788754
7681.959754367137,0.6005110520997645,2342.8817841482023,1124.8259696721514
7687.266157018399,0.5272907556783135,2345.6323776877102,1125.8661957223749
7690.149422997588,0.43501756054484564,2347.1269300762897,1126.431399336497
7692.238682553831,0.3339093245841591,2348.209906407073,1126.8409505259576
7693.360305914382,0.2609567512715808,2348.791304628527,1127.0608174915144
7694.179406746264,0.1939680026879578,2349.2158890657965,1127.2213816388012
7694.618149242432,0.15032081753410415,2349.443313142194,1127.307385865109
7694.945595042364,0.1119254482438113,2349.613046101181,1127.371573124714
7695.132118250593,0.08657853980831255,2349.7097312229735,1127.4081361253488
7695.265244083535,0.0661572919588159,2349.7787375828016,1127.4342319488953
7695.371451381397,0.04792946879345866,2349.8337906026236,1127.4550510903432
7695.453827230683,0.03247347778735754,2349.8764904867858,1127.4711986981881
7695.500972570835,0.023689450061119596,2349.900928481619,1127.4804402935015
7695.536792553818,0.018466999989267915,2349.9194959277474,1127.4874618512958
7695.5726125368,0.017219766687276518,2349.9380633739574,1127.494483408061
7695.606243433941,0.020624470994437115,2349.955496097937,1127.5010758517221
7695.634236423388,0.025304636369195072,2349.970006387633,1127.5065631327122
7695.662030463437,0.03050915073604596,2349.984413551079,1127.5120114143426
7695.712816411344,0.04019372420571496,2350.0107386716613,1127.5219666458268
7695.795033520018,0.05508973821490791,2350.053356273706,1127.5380831142538
7695.893464648355,0.07137813743813619,2350.1043784851445,1127.557377901083
7696.03369593256,0.0922504228540237,2350.1770679936176,1127.5848664756797
7696.244557312061,0.11995788893195658,2350.2863689277688,1127.6262001526
7696.554823073109,0.15534280771028536,2350.4471965704474,1127.6870193082052
7697.005157693231,0.19928770119472008,2350.6806295425245,1127.775295012944
7697.65533760504,0.2527447903309281,2351.0176532413816,1127.9027445985319
7698.590870072626,0.31622659761943955,2351.5025907754634,1128.0861289763923
7699.929848547669,0.3888966372263863,2352.1966564893373,1128.3485961823035
7701.82909373341,0.4670865159028016,2353.1811392502073,1128.7208846753854
7704.48037102655,0.5417013986542133,2354.555441805894,1129.2405810599892
7708.058258442474,0.5940515486823579,2356.410057954504,1129.941900205289
7712.895524513823,0.5899940368185912,2358.9174807186073,1130.8900600396303
7717.052640949006,0.5163420799547541,2361.072345452075,1131.704887803745
7720.085897884193,0.4106049044285677,2362.644651963603,1132.299421513304
7721.773460571158,0.32359135231204955,2363.519410223414,1132.6301891702387
7722.953016345631,0.24337116039068,2364.1308401532324,1132.8613845109253
7723.602184236011,0.1881070542825306,2364.4673403256324,1132.988622271293
7724.069703915617,0.1401647474252657,2364.70968204604,1133.0802565359584
7724.335469997265,0.10802931111420012,2364.8474435459557,1133.1323468421542
7724.525676282889,0.08159654470208672,2364.946038158779,1133.1696273500338
7724.6494845589,0.062112335322845186,2365.0102149509858,1133.1938938060898
7724.751012252771,0.04429152906083486,2365.062842465165,1133.2137932528467
7724.822415954698,0.030766842484596973,2365.0998550203763,1133.2277883867118
7724.868009926388,0.0224375283221979,2365.123488940759,1133.236724808336
7724.904712101667,0.017720503278499364,2365.142513742955,1133.243918436045
7724.939860075088,0.017654126476229687,2365.1607329149724,1133.2508074391292
7724.975046024203,0.02204177922407537,2365.1789717720053,1133.2577038844668
7725.015351814048,0.029299820777203608,2365.199864530633,1133.2656038172786
7725.052369011243,0.03637820452472504,2365.219052626752,1133.2728591849573
7725.134305656534,0.05150781237973263,2365.2615250005642,1133.2889187569854
7725.225732337469,0.06699781653233061,2365.3089165943484,1133.306838368494
7725.35188617914,0.08631814139533552,2365.374309230679,1133.3315644857857
7725.542602861499,0.11223170968607422,2365.473168422954,1133.3689448775942
7725.8242692057,0.14557783011253497,2365.6191719488515,1133.4241513131215
7726.2342665988945,0.18725871007019182,2365.8316966922,1133.5045104451383
7726.826695170887,0.23821888775272557,2366.1387858101107,1133.6206256935645
7727.679968539741,0.29915964197500955,2366.581085525872,1133.787865701596
7728.903192240771,0.36969504732515607,2367.215151445047,1134.027614285232
7730.643043886037,0.4470675971663343,2368.1170149622926,1134.3686185237598
7733.084112633961,0.5238897870389628,2369.3823592841486,1134.8470545755235
7736.417402989193,0.5843734837190694,2371.1101932462534,1135.5003535342369
7740.69312669478,0.6004047203180723,2373.3265450229683,1136.3383492239152
7745.991310358246,0.5270772617148098,2376.072897760263,1137.3767159935821
7748.873015372432,0.4347529482566317,2377.5666516244705,1137.9414788743243
7750.959186041445,0.33371793814590844,2378.648034488553,1138.3503271029792
7752.080073276698,0.2607720270255375,2379.229055254727,1138.5699974371958
7752.897925130373,0.19385339333276408,2379.6529952823958,1138.7302785831907
7753.336431215033,0.15021224919809392,2379.88029842384,1138.816216005945
7753.663399931476,0.11185884258202732,2380.049785284774,1138.880294491104
7753.8498074646695,0.08651998890059369,2380.1464111300993,1138.9168261207092
7753.982762498297,0.0661195839629992,2380.2153294433174,1138.942882261501
7754.0889301379175,0.04789478862440685,2380.2703622957456,1138.9636886767414
7754.171210078335,0.0324552390403289,2380.313012767074,1138.9798136463176
7754.21833052857,0.02367726326681571,2380.3374380330256,1138.9890481647833
7754.254151112343,0.01845964823368192,2380.356005922024,1138.9960681695925
7754.289971696116,0.017222768119851385,2380.3745738111015,1139.0030881733921
7754.3236203230945,0.020637566616963348,2380.392015848895,1139.0096825231055
7754.351614781525,0.025320987354784594,2380.4065270027695,1139.0151687863695
7754.379395400535,0.03052379057027976,2380.4209273112983,1139.0206131414675
7754.430287211623,0.04022805421803833,2380.447307493268,1139.0305867510297
7754.512508415665,0.055122050490994265,2380.489927519854,1139.046700187559
7754.611007240622,0.07141807387486807,2380.540985183536,1139.0660036507854
7754.751369177836,0.09230428883549113,2380.613742931551,1139.0935112905574
7754.962417861547,0.12002780798843654,2380.723141729931,1139.1348718416316
7755.272947214086,0.15543057289757836,2380.884107145525,1139.1957281875766
7755.723653527112,0.1993950147530371,2381.117734439305,1139.284055739226
7756.3743640053935,0.25287304657755394,2381.455035545685,1139.4115789949763
7757.31064885915,0.3163749587833971,2381.9403665145287,1139.5950672235163
7758.650679209064,0.38905932502581886,2382.634982382101,1139.8576781931654
7760.551357418305,0.467248070277833,2383.620214916173,1140.2301590904306
7763.204484040707,0.5418285799785952,2384.9954857846965,1140.7500945382105
7766.78436757268,0.5940820080808425,2386.851149706221,1141.451638568509
7771.626429015078,0.5897934023355214,2389.361075830956,1142.4005136147412
7775.762561363058,0.5164236608654476,2391.505078393073,1143.211036680299
7778.804438292466,0.41037963659031074,2393.0818641776887,1143.8071191917084
7780.485481895879,0.32368491874016625,2393.953249330915,1144.1365313596054
7781.66870309635,0.24321138523240823,2394.566583547068,1144.3683904496377
7782.315070775522,0.18817836227629248,2394.9016345555788,1144.4950495026342
7782.784122354866,0.14007851686016082,2395.1447720453907,1144.5869623550757
7783.048927391553,0.1080554033323386,2395.282036341094,1144.6388520657902
7783.239539559108,0.08156618740397079,2395.38084203588,1144.6762033239268
7783.363305852956,0.06208553521915745,2395.4449975147113,1144.7004558360368
7783.4648024762055,0.04426766671947076,2395.497609290892,1144.7203445060945
7783.536134897288,0.03075583989374942,2395.5345851556094,1144.734322375059
7783.581718367976,0.02242976055605663,2395.5582137978377,1144.743254633666
7783.618428485049,0.017716373220247786,2395.577242849676,1144.750448122899
7783.653581271604,0.017658460927476194,2395.595464643933,1144.757336446218
7783.688721055041,0.022043945796843857,2395.6136796979704,1144.7642222205643
7783.729097248699,0.02931568715450939,2395.634609097091,1144.772134088242
7783.766155741439,0.036401997112024846,2395.6538187332317,1144.7793958387742
7783.848101631962,0.051531507357832955,2395.6962961961485,1144.7954534393245
7783.939569104171,0.06702594818417666,2395.7437092655987,1144.8133768228724
7784.0658141850645,0.08635649798321175,2395.8091496535326,1144.838114994515
7784.2566609308105,0.11228176977099091,2395.908076956061,1144.8755120680978
7784.538513025705,0.14564122094604107,2396.0541777875173,1144.9307418997282
7784.948770116579,0.18733653392539998,2396.2668386320183,1145.011132996039
7785.541569012415,0.23831229755691175,2396.5741218552407,1145.1272934701876
7786.3953682503225,0.2992683977287654,2397.0166972478964,1145.2945971547008
7787.619329490684,0.3698156536921245,2397.6511499020335,1145.5344338418747
7789.36019224297,0.4471900746199327,2398.553543825363,1145.875555999742
7791.802585720781,0.5239921060739378,2399.8195836495815,1146.3541391747497
7795.137403565002,0.5844130030709473,2401.5482214234876,1147.0075840275192
7799.417351849599,0.6003048071298489,2403.7667784517826,1147.846210953257
7804.708299139551,0.5268855890857925,2406.5093991721074,1148.8829166918729
7807.588604192933,0.43451777081473536,2408.002437685757,1149.4472732177467
7809.672053007067,0.33354779025540776,2409.0824171187137,1149.8554926280729
7810.7922830773205,0.26060843763054037,2409.6631012483126,1150.074982912511
7811.609035032566,0.19375164094797698,2410.0864740573134,1150.235011142437
7812.047329174901,0.15011618866828544,2410.3136689045814,1150.3208869852172
7812.373877725936,0.11179975323723478,2410.4829391372978,1150.3848681957911
7812.5601820543325,0.08646816471817763,2410.5795121518236,1150.4213710814947
7812.692986441982,0.06608615077339468,2410.6483528513686,1150.4473916274521
7812.799118892974,0.04786406006337315,2410.703367842976,1150.468186294473
7812.881313551303,0.03243915085258858,2410.7459744015296,1150.4842907931584
7812.928412264425,0.023666483429819918,2410.770388568268,1150.493518898561
7812.964233577141,0.018453137988047864,2410.7889569631925,1150.5005374086977
7813.000054889858,0.01722545999348321,2410.8075253581937,1150.5075559178451
7813.033719646153,0.02064928796801178,2410.8249758771067,1150.5141518896223
7813.061716867233,0.02533587109118622,2410.8394885631164,1150.5196374144857
7813.089485837268,0.030537218837438176,2410.853882932581,1150.5250782172855
7813.140474618555,0.04025950951574767,2410.880313562125,1150.5350684999878
7813.222699710939,0.05515167264084475,2410.9229358982134,1150.5511789400123
7813.321260647312,0.07145468142524243,2410.974026110186,1150.5704900705125
7813.46174247503,0.09235366248520041,2411.046846506584,1150.5980147849891
7813.672963033636,0.12009188707034307,2411.156335152686,1150.639399365751
7813.983734185156,0.15551097958754836,2411.3174270174277,1150.7002888960983
7814.434781377276,0.19949327856973903,2411.5512326204243,1150.788662641241
7815.085978308259,0.2529903951957489,2411.888788209966,1150.9162514786947
7816.022952763039,0.316510539910973,2412.3744799854194,1151.0998320554143
7817.363946759531,0.38920770007355326,2413.069600153999,1151.362570647577
7819.26593680194,0.4673948293104549,2414.055519472453,1151.7352218331662
7821.920753804434,0.541942858072696,2415.4316760247953,1152.2553674869228
7825.502452466143,0.5941060463354018,2417.288293581583,1152.9571040675762
7830.3489106257775,0.5896026386945259,2419.8005160014627,1153.906620247767
7834.465266471793,0.5165031960097225,2421.934281823301,1154.7130809301964
7837.515316804583,0.4101709102255003,2423.5153151639156,1155.3106267519522
7839.1902427253735,0.32377693624181547,2424.383535079296,1155.6387642077088
7840.376944023226,0.2430640006635723,2424.99867743078,1155.8712514874728
7841.020688878371,0.18824805659119623,2425.3323711464745,1155.997367432875
7841.491193817854,0.1399992151798523,2425.5762636611557,1156.0895437755662
7841.75509980739,0.10808144228597376,2425.713062858645,1156.141245366916
7841.946098423365,0.0815386671092265,2425.8120695470266,1156.1786637053713
7842.069825647883,0.06206142352047324,2425.8762052106313,1156.2029029612422
7842.171294419626,0.04424619154170707,2425.9288029078652,1156.2227815809351
7842.242562776977,0.030745930632367795,2425.965745816063,1156.2367436706572
7842.28813670486,0.02242278418956654,2425.989369672538,1156.2456719966194
7842.324853962316,0.01771267398698274,2426.0084025552555,1156.2528652232222
7842.3600112384465,0.01766237984670634,2426.0266268008113,1156.2597528350984
7842.395108220882,0.02204570236694256,2426.0448197923956,1156.2666286339816
7842.4355439600995,0.029329013487982232,2426.065780200254,1156.2745503397905
7842.472637114327,0.036421969133699765,2426.085007934428,1156.2818172036245
7842.554589899437,0.05155123053251455,2426.1274892604442,1156.297872446283
7842.646091598951,0.06704939180209267,2426.174920394865,1156.3157983958515
7842.772412784793,0.08638844599298189,2426.2404006783177,1156.34054576402
7842.963368207271,0.11232346499035704,2426.3393849883096,1156.3779554921773
7843.245375379741,0.14569398520247026,2426.4855672007525,1156.4332029515256
7843.6558490982225,0.18740123106765363,2426.69834178436,1156.5136179256879
7844.248956664109,0.2383898051779079,2427.005787101644,1156.6298120551105
7845.103193853267,0.29935838035864354,2427.448592522639,1156.797162924521
7846.327768638803,0.369914972229228,2428.0833675298645,1157.0370644745942
7848.069471068003,0.4472900334445272,2428.9862028426446,1157.3782724645957
7850.512961196062,0.5240737151441422,2430.2528197252313,1157.8569601880024
7853.849032603828,0.584439714358453,2431.982119021733,1158.5105001711345
7858.132541850165,0.6002110124152329,2434.202536942984,1159.3496318401246
7863.417161869825,0.5267140586964737,2436.941896357269,1160.3848600940544
7866.29621351498,0.4343098077800035,2438.4342952151515,1160.9488417068198
7868.377280033552,0.33339720815581947,2439.5130470234703,1161.3565009441104
7869.49692477958,0.2604643776183534,2440.0934316496155,1161.575826322161
7870.3127148199865,0.19366172795993253,2440.516308683748,1161.735629501645
7870.750819219625,0.15003168089237132,2440.7434067030035,1161.821448527451
7871.0770002470235,0.11174758962447963,2440.91248756251,1161.8853431076784
7871.263212786444,0.08642254851832092,2441.0090136461386,1161.9218196629447
7871.395885139092,0.06605665812811011,2441.0777863661597,1161.9478083930287
7871.50198651568,0.04783697464533903,2441.132785619726,1161.9685922165763
7871.584105783815,0.032425025617049144,2441.1753533850474,1161.9846782638426
7871.631185564343,0.023656999579853587,2441.199757901905,1161.993900549954
7871.667007680991,0.018447404590604663,2441.218326838377,1162.0009176123174
7871.70282979764,0.01722785831933265,2441.2368957749245,1162.0079346737107
7871.7365090998765,0.020659710650669,2441.2543539512453,1162.014531986262
7871.764510013624,0.02534931849515534,2441.268868648956,1162.0200169798768
7871.7922689573315,0.030549440785303507,2441.2832579178767,1162.025454574306
7871.843345891561,0.0402881108661335,2441.309734420488,1162.03545984013
7871.92557462289,0.055178616881489416,2441.352358929359,1162.0515673085226
7872.02419210798,0.07148797562339121,2441.403478797599,1162.0708850998114
7872.164783102795,0.09239856485412007,2441.476356271825,1162.098424904127
7872.376160171441,0.12015015479915196,2441.5859267830742,1162.1398306795252
7872.687151424255,0.15558406549447637,2441.747133823125,1162.2007494020293
7873.138508811413,0.19958254044405926,2441.9811017912484,1162.289163705444
7873.7901482679,0.25309689594398865,2442.318889037951,1162.4168100621996
7874.727749809211,0.3166334148317975,2442.804909134533,1162.6004715224067
7876.069619616588,0.3893418521391428,2443.5004879583594,1162.8633216507253
7877.972800872438,0.46752689960231486,2444.487031373062,1163.2361210886343
7880.629150144455,0.5420443546116088,2445.863991421891,1163.756448209165
7884.212484325976,0.5941237903569015,2447.7214691996473,1164.4583452069885
7889.062944325498,0.5894218887794637,2450.235782817931,1165.4084291172394
7893.160791493854,0.5165789337796003,2452.3599685888344,1166.2110812006124
7896.218518820065,0.40997802751938445,2453.9449919471854,1166.8099950836188
7897.887740918793,0.32386567136365224,2454.8102609637463,1167.1369409280335
7899.077715146049,0.2429284659588065,2455.4271039798623,1167.3700165629389
7899.719019377736,0.18831501404744957,2455.759534773696,1167.495625894696
7900.190890321505,0.13992648981466274,2456.0041369990213,1167.5880489052483
7900.453960617698,0.10810683760995354,2456.140503908994,1167.6395751009627
7900.645323462051,0.08151372400631574,2456.239700058496,1167.6770563025586
7900.769014419775,0.06203972779912182,2456.303817348306,1167.7012829644575
7900.8704582189675,0.04422686391644406,2456.3564024497055,1167.721152190248
7900.941668998442,0.030737005717274883,2456.3933157566335,1167.735099840084
7900.9872342518875,0.022416518970400433,2456.416935273356,1167.7440244447941
7901.0239579350155,0.01770935982500046,2456.4359716132462,1167.7512173007335
7901.059119385646,0.01766592161413038,2456.454198143673,1167.7581041702608
7901.094176847338,0.022047128595711986,2456.4723707697517,1167.7649706711557
7901.134662978905,0.02934021625461613,2456.493357438437,1167.772900452865
7901.171785284305,0.03643875454097075,2456.512600411215,1167.780171380546
7901.25374320459,0.05156767710229615,2456.5550846810497,1167.7962239928304
7901.345273662508,0.06706895957982754,2456.6025310376235,1167.8141515154043
7901.471658455124,0.08641509856370905,2456.668044727224,1167.838905737449
7901.662704870106,0.11235824774925834,2456.767076861495,1167.876324816208
7901.944841768257,0.14573796882377793,2456.913327289284,1167.9315851741105
7902.355496513646,0.1874550822632953,2457.1261971226995,1168.0120173980365
7902.948861789056,0.23845417436571487,2457.433778067098,1168.128235699927
7903.80346426242,0.2994328537822612,2457.8767757752066,1168.2956202398059
7905.028550112508,0.3699967061621989,2458.511819908216,1168.53556761131
7906.7709505423245,0.4473713948151685,2459.4150230210503,1168.876835152433
7909.215348854435,0.5241382280974868,2460.682119057862,1169.3555925760897
7912.552447587463,0.5844558691548736,2462.411962315239,1170.009186216365
7916.838970653923,0.6001223439613237,2464.6339571545,1170.848718931918
7922.118014464027,0.5265591379077232,2467.3704440785127,1171.8826220132178
7924.995932555253,0.4341243158947128,2468.8622651473574,1172.4462548259316
7927.074897308473,0.33326274845569576,2469.9399345498255,1172.8534108674476
7928.194015497684,0.26033643973798637,2470.5200500334404,1173.0725838812277
7929.008957652473,0.1935815691372408,2470.9424903237214,1173.2321851418408
7929.446890440403,0.1499567081775374,2471.169500873807,1173.3179513017735
7929.772747428264,0.11170113410783274,2471.3384148697887,1173.3817680857385
7929.958877552163,0.08638205363589452,2471.4348988644847,1173.418220317346
7930.091433229491,0.06603041403674803,2471.5036115544303,1173.4441803674138
7930.197506920852,0.04781289286319477,2471.558596817294,1173.464954106798
7930.279558998085,0.03241250967341183,2471.60113003193,1173.481023386932
7930.326622112917,0.02364858341058126,2471.625526069744,1173.4902403405654
7930.362445075712,0.018442311995748088,2471.6440955665157,1173.4972559946814
7930.398268038506,0.01723001103932601,2471.6626650633607,1173.504271647846
7930.431960534706,0.020669048876891548,2471.680130193419,1173.510870064561
7930.459965803953,0.02536154726966305,2471.6946472439954,1173.516354680899
7930.487716058737,0.030560632166936982,2471.7090321031405,1173.5217893540444
7930.538873622617,0.04031427625502624,2471.7355505751175,1173.531808166457
7930.621105768249,0.05520327348411343,2471.778177133151,1173.5479126908108
7930.719775048283,0.07151843931855965,2471.8293241852084,1173.5672362931195
7930.860466046402,0.09243964757950723,2471.902253975487,1173.5947895058675
7931.0719864953135,0.12020345821016745,2472.0118995283983,1173.636214075475
7931.383179310055,0.1556508979665429,2472.1732121078358,1173.6971586117158
7931.834820674394,0.19966411310517337,2472.4073288132176,1173.7856087058833
7932.486865123852,0.25319413113787315,2472.7453282074457,1173.913305761759
7933.4250403391,0.3167454375520302,2473.2316488600895,1174.0970384086088
7934.767710913002,0.3894638576021722,2473.927647327301,1174.3599864705018
7936.6719803338865,0.467646427431442,2474.9147612632382,1174.7329155350378
7939.329726813793,0.5421349409731937,2476.2924545757546,1175.2533998522417
7942.914543164804,0.5941361699217581,2478.1507127818163,1175.955430210646
7947.768668194026,0.58924971990517,2480.666942612729,1176.906019754304
7951.84911013644,0.5166508421612458,2482.782119847714,1177.7050845082763
7954.914072876639,0.4097985026836542,2484.3709041107754,1178.3052819475822
7956.577949668038,0.3239510524473154,2485.2334078891286,1178.6311083297896
7957.771012325514,0.24280293320773041,2485.8518558508417,1178.8647369296723
7958.410033772802,0.18837927558772505,2486.1831054700924,1178.9898713238686
7958.883193030647,0.13985930063614635,2486.4283771024766,1179.082526075642
7959.145482430239,0.1081314985631792,2486.5643401016287,1179.133887906336
7959.337189575436,0.08149091289144865,2486.6637153684337,1179.1714282017774
7959.460846629951,0.062020023174014935,2486.727815498782,1179.195642842343
7959.562267825054,0.04420930684987771,2486.780389223196,1179.2155032276505
7959.633426370541,0.030728892784015596,2486.8172756924546,1179.2294375504769
7959.678983670318,0.02241083945909837,2486.840891239075,1179.238358615107
7959.715713191591,0.017706362039688884,2486.8599307284676,1179.2455510164161
7959.750878546632,0.01766915108143182,2486.8781594007646,1179.2524371206387
7959.785899298153,0.0220482986409921,2486.896313114975,1179.2592949075977
7959.826428489417,0.029349727571402067,2486.9173222403206,1179.2672313597827
7959.863575574846,0.03645300553889652,2486.936578182839,1179.2745055247785
7959.945537345965,0.051581538324245925,2486.979064723719,1179.29055532536
7960.037092216479,0.06708546440055843,2487.026524042039,1179.3084836462826
7960.16353074756,0.0864375679763718,2487.0920660119195,1179.333242893094
7960.354654177265,0.11238756945858973,2487.191138709007,1179.3706687419249
7960.636900769288,0.145775015764549,2487.3374469448913,1179.4259383074088
7961.047708411239,0.18750036535631634,2487.550397412135,1179.5063826104329
7961.641291130319,0.23850816468215952,2487.858093061823,1179.6226176883042
7962.4962014722705,0.29949507585233487,2488.301253223615,1179.790025359238
7963.721717416874,0.37006454975572206,2488.936524408308,1180.0300037061147
7965.464703912768,0.4474380664705256,2489.840037153019,1180.3713103168373
7967.909861516371,0.524189238335122,2491.10753495941,1180.8501103058513
7971.247808880845,0.5844636881954317,2492.837829269734,1181.5037253862245
7975.536914241377,0.6000377435344292,2495.061176991171,1182.3435780598045
7980.810974488546,0.526417301957694,2497.7950981493864,1183.376277011729
7983.687852964234,0.4339565474440067,2499.2863898725245,1183.939581970417
7985.764937322374,0.3331409893873274,2500.3630914310975,1184.3462801141131
7986.883575045913,0.26022121755464817,2500.942961566365,1184.5653107860553
7987.697759314947,0.19350909415060108,2501.365011691628,1184.7247285164096
7988.13553469935,0.14988925504611247,2501.5919420995237,1184.8104449795073
7988.4611019593785,0.11165917626182062,2501.7607069885125,1184.8741909904797
7988.647157037246,0.08634559638930753,2501.857152698145,1184.9106205066507
7988.779608152379,0.06600673002573662,2501.925811625147,1184.9365543711895
7988.885656828397,0.04779117827694409,2501.9807842721607,1184.95731864167
7988.967648196953,0.03240125785703936,2502.0232862889384,1184.9733724994185
7989.0146964133855,0.023641008067608275,2502.047674759741,1184.9825845080268
7989.050520246906,0.018437724436640896,2502.0662448265357,1184.9895987890557
7989.086344080426,0.017231968719248078,2502.084814893402,1184.9966130691512
7989.120048686763,0.020677526941135484,2502.1022864126176,1185.0032124052805
7989.148058806503,0.025372804487670046,2502.116806070317,1185.0086967646628
7989.175801431932,0.03057100076317147,2502.131187066537,1185.0141287483075
7989.227033615883,0.04033849627301223,2502.1577443889064,1185.0241599670615
7989.309268998137,0.05522610345664013,2502.200372897081,1185.0402615821138
7989.407986276086,0.07154664271051207,2502.2515451567056,1185.0595903312585
7989.548769960008,0.09247768014276682,2502.32452345865,1185.0871556304303
7989.760423301986,0.12025279701611598,2502.434238600071,1185.1285971079644
7990.07180287196,0.15571273608496095,2502.595649018622,1185.189564805439
7990.5237072756,0.19973954452130638,2502.8299035714695,1185.278046949377
7991.176126744896,0.253283965771333,2503.168099523734,1185.40578935375
7992.114832979279,0.3168487917677289,2503.6546985461687,1185.5895855814556
7993.458244388836,0.3895761592442197,2504.3510854825677,1185.8526209113973
7995.363519674928,0.4677559322975296,2505.3387271248635,1186.2256650074182
7998.0225554806675,0.5422168024811435,2506.717097564019,1186.746287526781
8001.608731444703,0.5941442443333751,2508.5760723777043,1187.448430151525
8006.466252470759,0.5890843646605971,2511.094078580211,1188.3994764327422
8010.53017235573,0.5167195861432446,2513.2007046337417,1189.1951317067783
8013.602014212385,0.40962965710073,2514.793064899511,1189.7965448937955
8015.260833277237,0.3240336926378269,2515.652952340124,1190.1213099732427
8016.456835635519,0.24268542221969913,2516.272928071529,1190.3554631531913
8017.093701216474,0.1884413424357891,2516.603062238995,1190.4801481898166
8017.568086148599,0.13979655262498847,2516.8489707769354,1190.5730227043762
8017.8296387231085,0.10815555515720178,2516.984552683848,1190.6242290852038
8018.021674092273,0.08146980890057569,2517.08409872052,1190.6618254577781
8018.145299128562,0.06200191418658748,2517.1481826580575,1190.6860285524722
8018.246699618014,0.04419316859981585,2517.2007459810297,1190.7058805558029
8018.317810209651,0.030721430854356694,2517.237607825085,1190.7198024536326
8018.3633601375295,0.022405628824133123,2517.261219699349,1190.7287201308923
8018.400095025996,0.017703617301201065,2517.2802620911107,1190.735912015604
8018.435264064614,0.017672129783690642,2517.2984927879156,1190.7427973403799
8018.47025040117,0.02204926996986759,2517.3166287768854,1190.749646895224
8018.510816817352,0.029357898874725757,2517.3376573312235,1190.7575889057684
8018.547985229318,0.036465250728222064,2517.35692445037,1190.7648656609106
8018.629949907323,0.051593366422039884,2517.3994127662113,1190.780912533238
8018.721525753665,0.0670995574838448,2517.4468832573234,1190.7988410541718
8018.848010258763,0.08645674468054616,2517.512449472481,1190.8236039068067
8019.039199695062,0.11241259212052139,2517.6115570107386,1190.8610345238337
8019.321540209311,0.14580660206769966,2517.7579148564596,1190.9163104358347
8019.732478600386,0.18753890356873923,2517.9709344438766,1190.9967628124416
8020.326247062411,0.23855398472288417,2518.278728318329,1191.11300893769
8021.181420071426,0.29954765362541935,2518.722027433809,1191.2804315784851
8022.407302366655,0.37012145870056046,2519.357492528512,1191.5204294082837
8024.150786808823,0.44749317370288366,2520.2612690859355,1191.861759242102
8026.596586490198,0.5242296172945332,2521.5291077045563,1192.3405808239293
8029.9352418231265,0.5844649405999125,2523.2597798823126,1192.9941925150872
8034.226590248897,0.5999563434013278,2525.4843043027417,1193.8343020830077
8039.496132642658,0.5262857324395307,2528.215900641928,1194.8658928787706
8042.3720449568455,0.43380270061646353,2529.706700854039,1195.4288868337164
8044.447422887849,0.3330291990463625,2530.7825245674517,1195.8351630136183
8045.565616220342,0.2601159844965179,2531.362167960196,1196.0540593707324
8046.379113342449,0.1934426506195666,2531.7838645183733,1196.2133081554434
8046.81674243929,0.14982770882314314,2532.0107205096306,1196.2989774724742
8047.142046935507,0.11162074951382887,2532.1793502406954,1196.3626582822308
8047.328032745282,0.08631231026328993,2532.2757606447653,1196.3990663739407
8047.460388813935,0.0659850561255958,2532.3443707300653,1196.424976033908
8047.566414570576,0.047771322420377155,2532.39933183893,1196.445731335397
8047.648350330354,0.03239099660103455,2532.441805294439,1196.461770841912
8047.695385027893,0.02363409243951401,2532.4661869094048,1196.4709782156197
8047.731209747453,0.018433533333330764,2532.4847575512517,1196.4779911560317
8047.767034467013,0.017233772672680284,2532.5033281931683,1196.4850040955284
8047.8007503259905,0.020685327591405806,2532.5208056543725,1196.491604209975
8047.828765689258,0.02538329740751204,2532.535328120686,1196.4970884120282
8047.856501525277,0.03058072330980003,2532.54970568708,1196.5025178941285
8047.907803602947,0.040361187248237645,2532.5762994061374,1196.512560629891
8047.990042088871,0.05524749882492789,2532.618929788863,1196.5286593771575
8048.088804381642,0.07157307063634001,2532.670125701974,1196.5479927664894
8048.2296750050045,0.09251331681874633,2532.7431495259652,1196.5755691353772
8048.441453000724,0.12029902112277979,2532.8529299684847,1196.6170260711144
8048.753007693868,0.15577065007521487,2533.0144321722682,1196.6780148935543
8049.205158690124,0.19981015033181643,2533.2488160119956,1196.7665262177936
8049.857929636097,0.2533679847116064,2533.5871962675137,1196.8943098676332
8050.797133384864,0.3169453327993881,2534.0740562188917,1197.0781638455112
8052.141238552318,0.3896808317827584,2534.770807116267,1197.3412782708488
8054.047455046425,0.46785755269443463,2535.758942800198,1197.7144262234935
8056.707695397088,0.5422917910975719,2537.1379462105833,1198.2351724249247
8060.295134545564,0.5941489046431223,2538.9975873644375,1198.9374112681596
8065.155839941069,0.5889243011926556,2541.5172598661056,1199.8888765529728
8069.203927304795,0.5167859037443253,2543.6156917431294,1200.6812620412861
8072.282369415856,0.40946928187810006,2545.2114832541915,1201.2838383136339
8073.936356745382,0.32411428645713314,2546.0688713399186,1201.607588104936
8075.135182659755,0.24257430453964213,2546.690314557586,1201.8422438557716
8075.769992534778,0.18850175287557672,2547.019385129171,1201.9664998404367
8076.245554172271,0.13973735078772703,2547.2659051583096,1202.0595848149417
8076.506404744759,0.10817917699425202,2547.4011239987644,1202.1106428370465
8076.698755812238,0.08145007707258486,2547.5008342990645,1202.1482929634183
8076.822350318595,0.06198509230085395,2547.564902805196,1202.172484906773
8076.923731635769,0.04417817445866209,2547.617456513352,1202.1923289124516
8076.994797723297,0.030714494180419535,2547.654295514474,1202.206239122387
8077.040340752148,0.022400795893632548,2547.677903957818,1202.2151535424862
8077.077080627346,0.017701076373384254,2547.696949051824,1202.2223448655386
8077.112253169291,0.017674906075185643,2547.715181676912,1202.2292294038639
8077.147206961358,0.022050084084222495,2547.7333009072336,1202.2360711240617
8077.1878058819975,0.029364990169654066,2547.754346440586,1202.2440177988296
8077.22499284287,0.03647588055151943,2547.773623293668,1202.2512966288455
8077.30695971815,0.051603566215176346,2547.816113010093,1202.2673405004005
8077.398553774487,0.0671117169266945,2547.863593233069,1202.285268752632
8077.525078032525,0.08647328216338193,2547.929180458832,1202.3100340923183
8077.716324647649,0.11243416854762331,2548.0283182472976,1202.3474678994328
8077.998746439426,0.14583381095063147,2548.174719126187,1202.4027479044316
8078.409797823883,0.18757203485654167,2548.387798597631,1202.4832052020317
8079.003726615248,0.2385932551882104,2548.6956774768046,1202.5994578669586
8079.859126055327,0.29959250010765526,2549.139096695502,1202.7668890572422
8081.085323600979,0.3701696016320338,2549.7747291156134,1203.0068973320206
8082.82923534839,0.447539009252178,2550.6787327313004,1203.348237934374
8085.27558314399,0.5242614708813345,2551.9468632630123,1203.8270646453202
8088.61483368381,0.5844609224253424,2553.677854594356,1204.480653518992
8092.908153587951,0.5998775009233537,2555.903414603322,1205.3209701031863
8098.1735506824225,0.5261623634483726,2558.6328788015076,1206.351530287509
8101.0485553529925,0.4336599864043262,2560.1232176039634,1206.9142270858633
8103.122366038188,0.3329253759792272,2561.198235446423,1207.3201103523031
8104.240143750342,0.26001874065323866,2561.777666919953,1207.5388789600627
8105.053010326974,0.19338102811579164,2562.1990391836625,1207.6979705870037
8105.490501999814,0.14977088679926087,2562.4258253176376,1207.7835948558368
8105.815565304619,0.11158514564341536,2562.594331046206,1207.8472149692095
8106.00148646096,0.08628155996291219,2562.690708521802,1207.883602694485
8106.133755094003,0.06596498929851269,2562.7592736997076,1207.9094897534783
8106.239759606844,0.047752952651223673,2562.8142241305336,1207.9302365007964
8106.321643841268,0.032381526122588704,2562.856671134743,1207.94626252558
8106.368666118812,0.023627703845990007,2562.8810464597377,1207.9554655182792
8106.404491734451,0.01842965908114067,2562.899617679033,1207.9624771486708
8106.44031735009,0.017235453460914676,2562.9181888983967,1207.9694887781636
8106.474043773779,0.02069258584977103,2562.935671942407,1207.9760895623622
8106.502064708129,0.025393180839252554,2562.9501973849656,1207.9815736932017
8106.529794434453,0.03058993251044734,2562.964571871662,1207.9870008295788
8106.581162641898,0.04038266153213309,2562.9912000326794,1207.9970543809402
8106.663404133326,0.055267753909071016,2563.0338322326334,1208.0131503068376
8106.762209069035,0.07159808709163036,2563.0850505622316,1208.032487947497
8106.903162065321,0.09254704880260888,2563.1581175305823,1208.0600745979395
8107.115058163395,0.12034276857361076,2563.267959862276,1208.1015458688832
8107.426778731358,0.15582544334642634,2563.429549033816,1208.1625542411316
8107.879163245817,0.1998769181413066,2563.6640553490274,1208.251092528271
8108.5322669533125,0.2534473776166913,2564.0026101573094,1208.378914253968
8109.471941581821,0.317036453228958,2564.4897171603448,1208.562821479317
8110.816703079894,0.3897794323438923,2565.186812516312,1208.8260086922307
8112.723809370286,0.46795289333934353,2566.1754154479213,1209.199251884698
8115.385186827004,0.5423612959930463,2567.5550166703624,1209.7201105934294
8118.973812334027,0.5941508180184283,2569.415284067546,1210.4224333749912
8123.8375335085775,0.5887683832545101,2571.9365351164406,1211.3742882728186
8127.870331723245,0.5168503734622569,2574.0270540753795,1212.1635148455446
8130.955153944915,0.40931573327553444,2575.6261625170837,1212.767213011768
8132.604489196233,0.32419338144276183,2576.481144220096,1213.0899843836783
8133.8060472557245,0.24246837038473085,2577.1040074636535,1213.3251255302748
8134.438881487264,0.18856092763008,2577.4320558801205,1213.4489688032825
8134.915581230289,0.13968103128636605,2577.6791673618027,1213.5422569621019
8135.175757683615,0.10820250043236318,2577.814037565153,1213.5931723463716
8135.368414625221,0.08143147101123488,2577.913907023571,1213.6308744297687
8135.491979793803,0.06196933128238699,2577.9779607065598,1213.6550555552515
8135.5933432047395,0.04416412293539396,2578.0305054482474,1213.67489189271
8135.664367628867,0.030707990530921835,2578.0673230732395,1213.6887910304895
8135.709904151571,0.022396273823966334,2578.0909282857688,1213.6977023068582
8135.746648699339,0.017698703193702404,2578.1099759163617,1213.7048930353772
8135.781824594591,0.017677515484731607,2578.128210389275,1213.7117767853833
8135.816747396289,0.02205077069000213,2578.146313663671,1213.7186110053747
8135.857374910789,0.02937118989775288,2578.1673741459367,1213.7265616084517
8135.894578131762,0.0364851777705562,2578.186659543733,1213.7338420932651
8135.976546656777,0.05161242950551236,2578.2291503705997,1213.74988292145
8136.0681566429,0.06712228766441151,2578.276639136478,1213.7678105295802
8136.194715545752,0.08648765179183397,2578.34224471539,1213.7925774533041
8136.386012085073,0.112452913903592,2578.4414089790253,1213.830013177091
8136.668504765434,0.14585742375501257,2578.5878474844017,1213.88529545828
8137.079654555771,0.18760072430233513,2578.8009792470334,1213.9657551373182
8137.673722798461,0.23862714509876176,2579.1089322634293,1214.0820107117038
8138.529318901239,0.29963099513878677,2579.5524560895574,1214.2494452821616
8139.7557897184915,0.3702105427679206,2580.1882339816875,1214.4894567278952
8141.500070739834,0.4475772268420008,2581.092434441916,1214.8307980815837
8143.94688945748,0.5242863179694572,2582.3608166873305,1215.3096166967684
8147.286642568209,0.5844525683282084,2584.092078899219,1215.963167201842
8151.581711119345,0.599800751470156,2586.3185586690565,1216.8036504051345
8156.843268310045,0.526045706641267,2589.046048609654,1217.8332442040937
8159.717413117933,0.43352639451912844,2590.5359505466986,1218.3956555170575
8161.789770659541,0.33282807835209227,2591.6102214992716,1218.8011699447368
8162.907156270612,0.25992804453745455,2592.1894531580847,1219.0198163110983
8163.719438710182,0.1933233546666166,2592.6105251189792,1219.1787605466382
8164.156800203746,0.14971793654961663,2592.8372451171685,1219.264341537036
8164.481640002638,0.11155185440380619,2593.005635984926,1219.3279046876687
8164.667500282916,0.08625288766618237,2593.1019824756695,1219.3642729357625
8164.799687718331,0.06594623915050177,2593.1705059692645,1219.3901387245908
8164.905672360108,0.047735800468955196,2593.225446425486,1219.4108772706422
8164.987508419153,0.03237270268634487,2593.2678687084335,1219.4268905371966
8165.034519174442,0.02362174671221471,2593.2922382051884,1219.4360893621874
8165.07034569281,0.01842604432077591,2593.3108100026707,1219.4430997116817
8165.106172211179,0.017237033177480612,2593.32938180022,1219.450110060294
8165.139908634732,0.020699399274431294,2593.3468701317397,1219.45671142911
8165.167935421878,0.025402566876916506,2593.36139869449,1219.4621955652199
8165.195659602849,0.03059872456868527,2593.3757703918945,1219.4676204883945
8165.247090873863,0.040403145564065955,2593.4024314019275,1219.477684289938
8165.329335297921,0.05528708208784076,2593.4450653751196,1219.4937774439898
8165.428180947863,0.0716219559759308,2593.496305114181,1219.513119031999
8165.5692126059885,0.09257923221288983,2593.5694132929684,1219.5407153407957
8165.781221478898,0.12038450196008668,2593.6793147368353,1219.5822000597336
8166.093100401624,0.15587769838392398,2593.8409869552966,1219.643226739311
8166.545707804938,0.19994056398724408,2594.075610203134,1219.7317902423388
8167.199129059254,0.2535230070222036,2594.4143316297927,1219.8596475475845
8168.13925291396,0.31712316273592966,2594.9016743915195,1220.043604475565
8169.484640312184,0.3898730899363246,2595.5990983338825,1220.3068595131508
8171.392594590671,0.46804311782439134,2596.588146702028,1220.6801911732227
8174.055054288098,0.5424263246232232,2597.9683171015968,1221.201153625794
8177.644803541383,0.5941504687342861,2599.829178022119,1221.90355077818
8182.511403091067,0.5886157807959083,2602.3519360437485,1222.855771919196
8186.529350531634,0.5169133917881067,2604.434768933835,1223.6419297090522
8189.62037450021,0.4091678161060508,2606.0371016543786,1224.2467167257869
8191.265204008634,0.32427135346401065,2606.889752680587,1224.5685399575646
8192.469420402715,0.24236674110403333,2607.5139976151686,1224.8041527594146
8193.10034461073,0.18861915768597173,2607.8410578334415,1224.9275968067323
8193.578151239275,0.13962711153590446,2608.088744555245,1225.0210823149794
8193.837676467256,0.10822561724915988,2608.2232779657215,1225.0718597953703
8194.030631375728,0.08141381018635033,2608.323302470805,1225.1096124117296
8194.15416818275,0.06195446519814665,2608.387341827321,1225.1337830075981
8194.255514757324,0.04415086625970159,2608.4398781494874,1225.1536119654397
8194.326499912106,0.030701852264384644,2608.4766756338427,1225.1675005573873
8194.37203026279,0.022392013607722673,2608.500277785332,1225.1764087908855
8194.408779217647,0.017696471317577084,2608.519327812184,1225.183598900755
8194.443958338365,0.017679984066681694,2608.537564064053,1225.1904818641592
8194.478851471698,0.022051351555482858,2608.5556520650375,1225.19730887193
8194.519504268952,0.029376637297415936,2608.576725776947,1225.2052627843414
8194.556721821966,0.03649335121952625,2608.596018717315,1225.2125445739534
8194.638691564318,0.05162017098642626,2608.6385104243845,1225.228582336951
8194.730315558505,0.06713152366926148,2608.686006730255,1225.2465089940047
8194.85690481713,0.08650020056127215,2608.751628429743,1225.2712767569128
8195.048245184387,0.11246928106139853,2608.8508159944204,1225.3087133473612
8195.33080002513,0.1458780156825061,2608.9972875811477,1225.3639964080423
8195.742035966437,0.18762568237289337,2609.210465252244,1225.444456378249
8196.336226121713,0.23865651505598232,2609.5184832707487,1225.560711874935
8197.191993880626,0.29966415453092704,2609.9620986789237,1225.728145573066
8198.418702706009,0.3702454336596836,2610.59800367363,1225.968154208226
8200.163304253108,0.44760904392253104,2611.5023755809334,1226.3094880816695
8202.610529048778,0.524305276814685,2612.770975747438,1226.7882877485622
8205.950706911788,0.5844405666037327,2614.5024682558123,1227.4417871716328
8210.247337151643,0.5997257530446516,2616.7297705638275,1228.2824035518518
8215.505310430275,0.5259346678107657,2619.4554185377374,1229.311085363922
8218.378635272828,0.43340044638216807,2620.9449040750997,1229.8732212495152
8220.449635323743,0.3327362460051419,2622.018477561847,1230.278387241107
8221.566648495858,0.25984283589048374,2622.597519514204,1230.4969160912485
8222.378385707914,0.19326898910734894,2623.018311279334,1230.6557212099635
8222.8156230781,0.1496682311018113,2623.244968248209,1230.7412604483895
8223.140254197251,0.11152050058157,2623.413251915673,1230.8047698007822
8223.326056763452,0.08622595666067198,2623.5095690467165,1230.841119335905
8223.458168229416,0.06592859212947488,2623.578053556039,1230.8669649839944
8223.56413415017,0.04771966841898518,2623.632984625945,1230.8876956355944
8223.645924844026,0.03236442067196549,2623.6753836381085,1230.903696759517
8223.69292482722,0.023616150769251245,2623.699747691985,1230.9128916000675
8223.72875225261,0.018422646874300747,2623.718320067263,1230.9199006965466
8223.764579677998,0.017238528089520994,2623.7368924426064,1230.9269097921601
8223.79832562728,0.020705839674371077,2623.7543858134445,1230.933511677564
8223.8263585147,0.02541153793186797,2623.7689176226604,1230.938995888099
8223.85407762973,0.03060717019164013,2623.78328677723,1230.9444187132897
8223.905569411212,0.0404228058258658,2623.8099793094125,1230.9544922993798
8223.987816713454,0.05530564021325799,2623.852615021621,1230.9705827329399
8224.086701474735,0.0716448712849786,2623.9038753322466,1230.989928026237
8224.227808712405,0.0926101288335553,2623.977023113822,1231.0175334907653
8224.439925932395,0.12042456135173617,2624.0869813597624,1231.0590309428042
8224.751956960412,0.15592784341188642,2624.2487333636755,1231.1200749302955
8225.204778420602,0.20000161427999952,2624.4834689340446,1231.2086622457846
8225.85850458034,0.25359550706057715,2624.8223503801496,1231.3365531260633
8226.799059669462,0.317206203665988,2625.309919507959,1231.5205569114235
8228.14504768093,0.389962634701219,2626.0076588339575,1231.783875792925
8230.053815199477,0.46812908185102364,2626.9971344917767,1232.1572904951663
8232.717311516157,0.5424876181419985,2628.377850231625,1232.6783496878809
8236.30813235455,0.5941482137363668,2630.2392773817105,1233.3808136205237
8241.177495802822,0.5884658853591835,2632.7634826975072,1234.3333820381
8245.18095500593,0.5169752167601942,2634.8388170721937,1235.1165461683818
8248.278031988211,0.40902464359046126,2636.4442967847417,1235.7223947580167
8249.918477933274,0.32434844714929645,2637.294680324605,1236.0432953403354
8251.125291329978,0.24226876543050427,2637.9202750858817,1236.2793684871704
8251.75436066969,0.1886766360767279,2638.246375640753,1236.4024247218879
8252.233248199393,0.13957523304972952,2638.494624105034,1236.4961027649354
8252.492141477233,0.10824858419046857,2638.6288306920487,1236.5467463577409
8252.685387796204,0.08139695829954692,2638.7290068329853,1236.5845483447642
8252.808897057095,0.061940368392465694,2638.7930322766833,1236.6087086650011
8252.910227716455,0.04413829256128235,2638.845560649449,1236.6285305004
8252.981175657851,0.03069602816229365,2638.8823390536077,1236.6424090048058
8253.026700126033,0.02238797815570738,2638.905938290828,1236.651314286539
8253.063453259398,0.017694360725996793,2638.924990592831,1236.6585037601183
8253.098635494518,0.01768233154004953,2638.943228563573,1236.66538594119
8253.133500105932,0.022051843182870914,2638.96130188276,1236.672205989411
8253.174175333977,0.029381438815573195,2638.982387343126,1236.680162681587
8253.21140556644,0.03650056047971389,2639.001686966796,1236.6874454793533
8253.293376178299,0.05162695410316588,2639.044179367872,1236.7034801701914
8253.385012532639,0.06713961843078761,2639.0916823529797,1236.7214056210619
8253.511628481765,0.08651119278282984,2639.1573182641023,1236.7461735982015
8253.703007463273,0.11248361499758128,2639.2565264136324,1236.7836101746943
8253.98561700138,0.14589602489099773,2639.4030271930565,1236.8388927608166
8254.39692861572,0.18764745026089133,2639.616245311975,1236.9193512724166
8254.991225688658,0.23868202061172317,2639.924320517484,1237.0356041915554
8255.847143724588,0.29969275206338225,2640.3680163646623,1237.2030334595763
8257.074060410157,0.3702751514842889,2641.0040327470792,1237.4430342819153
8258.81894080673,0.4476353878952874,2641.908554373897,1237.7843537962833
8261.26651624194,0.5243191992771993,2643.1773435501395,1238.263125458773
8264.607052324183,0.5844254416877134,2644.9090316289253,1238.9165632332554
8268.905084602633,0.5996522452186319,2647.137073417464,1239.7572846246253
8274.159692360363,0.5258284146759344,2649.8609922403616,1240.7851013432619
8277.032231146097,0.43328101685298387,2651.3500787470157,1241.3469706208134
8279.10195531736,0.3326490724361066,2652.4229969192465,1241.751805774275
8280.218612781546,0.25976230786667537,2653.001857757026,1241.970221233372
8281.029837967932,0.19321744366495872,2653.4223864771448,1242.1288943704815
8281.466956367349,0.14962129334478666,2653.6489830560986,1242.2143931965318
8281.791391456696,0.11149079871047443,2653.8171660566486,1242.2778514804602
8281.977139002855,0.08620051073515551,2653.913455211071,1242.314182970884
8282.109178959097,0.0659118857557937,2653.981903038201,1242.3400094537858
8282.215127139447,0.047704406267504385,2654.0368252225303,1242.3607324822065
8282.296874867288,0.03235659978226171,2654.0792022015635,1242.3767219965473
8282.34386471653,0.0236108625670794,2654.103561139981,1242.3859130129147
8282.379693051542,0.01841943465363619,2654.1221340918783,1242.392920883182
8282.415521386554,0.017239950589851675,2654.140707043839,1242.3999287525987
8282.449276456613,0.02071196173831544,2654.158205241746,1242.4065310994615
8282.477315665394,0.02542015670381654,2654.172740410092,1242.412015447811
8282.505030129256,0.030615323169804476,2654.1871072348513,1242.4174362769431
8282.556580258577,0.040441768992602996,2654.213830164825,1242.4275192576815
8282.638830398433,0.05532354760803943,2654.256467589226,1242.443607023105
8282.737752916048,0.07166698060549331,2654.3077477622455,1242.4629558263198
8282.878933129326,0.0926399378229309,2654.3809337872417,1242.4905700351003
8283.09115495319,0.12046320547301677,2654.4909468804867,1242.532079635566
8283.403332803702,0.15597620423101688,2654.6527759101823,1242.5931401151795
8283.85636085631,0.20006046953894321,2654.8876199029014,1242.6817500992283
8284.510381237711,0.25366536021423464,2655.226655785794,1242.8096729214253
8285.45135235516,0.31728614085140705,2655.7144433332383,1242.993721247192
8286.797919606264,0.3900486983260419,2656.4124868717204,1243.2571007334552
8288.707470988107,0.46821143664490844,2657.4023744610217,1243.630594069047
8291.371965335817,0.5425457408052696,2658.783615356241,1244.1517443259477
8294.963813551849,0.5941443252853108,2660.6455855734303,1244.8542689376202
8299.83584386344,0.5883182353220818,2663.17118755662,1245.8071689948088
8303.825120926876,0.5170360132666704,2665.2391817283533,1246.58740339182
8306.92812371993,0.40888553302039427,2666.8477423121035,1247.1942904547568
8308.56429021679,0.32442481882604574,2667.6959121977707,1247.5142902871396
8309.773648348495,0.24217394255038108,2668.3228296221228,1247.7508142296376
8310.40091015327,0.18873349004766724,2668.647994996052,1247.8734925114293
8310.880856406218,0.13952511943081933,2668.8967936791005,1247.9673590147206
8311.139134301013,0.10827143432885777,2669.030682009153,1248.017872197566
8311.332666447273,0.08138080822306439,2669.1310068799553,1248.0557225807268
8311.45614885309,0.06192694176814244,2669.19501876033,1248.0798728522875
8311.557464400936,0.04412631364288702,2669.2475395931933,1248.099687797217
8311.628376918454,0.030690477827075964,2669.2842998396704,1248.1135566184726
8311.673895758333,0.02238413823779555,2669.307896291201,1248.1224590316544
8311.710652870723,0.01769235564510408,2669.326950762417,1248.1296478562726
8311.745838122479,0.017684573458051647,2669.345190398925,1248.1365292611774
8311.780675219326,0.022052258476317324,2669.3632495559264,1248.1433425743983
8311.821370389705,0.029385678542225124,2669.3843454720673,1248.1513015874136
8311.858611866315,0.03650693154596607,2669.403651032484,1248.1585851386444
8311.940583063813,0.051632907398160274,2669.446143974727,1248.1746167612166
8312.032230346475,0.06714672423544436,2669.4936528905355,1248.1925407913923
8312.158869811548,0.08652083644226434,2669.5593013590064,1248.2173084516708
8312.350282888297,0.11249618718481345,2669.6585277377253,1248.2547442662171
8312.632940656415,0.14591179617317565,2669.8050543379454,1248.3100253136465
8313.044318864338,0.18766645383894887,2670.0183081699006,1248.39048088332
8313.638709862003,0.23870417763087853,2670.3264337864157,1248.5067291063915
8314.494759650644,0.2997173966388307,2670.7702004113235,1248.674150930111
8315.721858074568,0.37030038652436287,2671.406314556361,1248.9141397035946
8317.466981209902,0.4476569885727168,2672.31096706409,1249.2554390382404
8319.914859249246,0.5243287557654642,2673.5799201817867,1249.734175045155
8323.255695900456,0.5844076063743366,2675.3117737171046,1250.3875422818685
8327.554992044747,0.5995800229302574,2677.5404830708676,1251.2283446529038
8332.806423102998,0.52572629311572,2680.262770245121,1252.2553372484317
8335.678205040922,0.4331672212332425,2681.7514726612435,1252.8169477541192
8337.746723900482,0.33256592372079097,2682.8237719516,1253.2214674534268
8338.863040086893,0.25968582602854745,2683.402459076831,1253.4397731713282
8339.67378196039,0.1931683349342896,2683.82273957795,1253.5983205627283
8340.110785832703,0.14957674812882174,2684.049278039985,1253.683780167649
8340.435035830746,0.11146252438662618,2684.217366020737,1253.7471897697246
8340.620730683271,0.08617634844899205,2684.3136283915223,1253.7835038076364
8340.752702985288,0.06589599229985413,2684.3820415256805,1253.8093119793882
8340.858634272672,0.04768989590946251,2684.436955256402,1253.8300276275622
8340.94034111023,0.032349176959098315,2684.4793112725124,1253.8460060000907
8340.987321375884,0.023605840099553865,2684.5036653775087,1253.8551933343201
8341.023150621919,0.018416382435712322,2684.52223890431,1253.862200004219
8341.058979867954,0.017241310440539514,2684.5408124311734,1253.8692066732833
8341.092743708445,0.020717808527145113,2684.5583152722825,1253.8758094365414
8341.12078943908,0.025428472587680356,2684.572853901816,1253.8812939814886
8341.14849961579,0.03062322590937577,2684.5872185835474,1253.8867129059427
8341.200106238288,0.04046013495261838,2684.613970946694,1253.896804950995
8341.28235918612,0.05534089836097713,2684.6566100623245,1253.9128901011231
8341.381318300546,0.07168840031481968,2684.707909490121,1253.9322422553569
8341.522569262695,0.09266881622304288,2684.781132595007,1253.959864868287
8341.734892487128,0.12050063834875524,2684.8911988611185,1254.001386134468
8342.047212639625,0.15602303776078702,2685.0531025527603,1254.062462434117
8342.500440898491,0.20011744559928685,2685.2880516275995,1254.151094145869
8343.154746361573,0.2537329469625817,2685.6272371663067,1254.2790475674537
8344.09612049804,0.3173634197286729,2686.115236327757,1254.4631385299467
8345.443248701069,0.3901317789924,2686.813574510174,1254.726575961886
8347.353558805105,0.46829069584489436,2687.8038608726247,1255.1001443169732
8350.019018142219,0.5426011377685908,2689.1856096194065,1255.6213809998033
8353.611855799993,0.594139018440791,2691.0481030002975,1256.3239613508968
8358.486469686548,0.588172467368236,2693.5750581605203,1257.277180018339
8362.46182729856,0.517095883956834,2695.6358479536543,1258.0545399736284
8365.570644793077,0.4087499389922984,2697.2474316355615,1258.6624455230965
8367.202621984294,0.32450056595187543,2698.0934344615416,1258.9815637189006
8368.41447935792,0.2420818729471247,2698.7216508990687,1259.2185302199855
8369.039974915206,0.18878980293198133,2699.0459024426186,1259.3408392044303
8369.520960561178,0.1394765495910898,2699.2952412976547,1259.4348906455825
8369.778637544041,0.10829418498114687,2699.428818851581,1259.4852764778611
8369.972450654168,0.08136527253030486,2699.5292899197398,1259.5231744208045
8370.09590679599,0.06191410419778905,2699.59328853476,1259.547314848506
8370.197207939775,0.04411485731957842,2699.6458021875733,1259.5671231139827
8370.268086604972,0.030685168173873963,2699.6825450860883,1259.5809826121683
8370.313600041678,0.022380469941987963,2699.7061388655466,1259.5898822333836
8370.350360957389,0.017690443182835584,2699.725195412448,1259.5970704003223
8370.385549139042,0.017686722567720584,2699.7434366674142,1259.6039510367025
8370.42035961338,0.022052607771815107,2699.7614821221696,1259.61075781606
8370.461072533048,0.02938942464214099,2699.7825873546135,1259.6187187482788
8370.498323994336,0.03651256648665433,2699.801898196444,1259.6260028321196
8370.580295543108,0.05163813458771928,2699.844391552864,1259.6420313984063
8370.67195249723,0.06715296405571333,2699.891905741742,1259.6599538259625
8370.798612699786,0.08652929945645793,2699.9575653188654,1259.684720713645
8370.99005591378,0.11250721680799032,2700.0568078623364,1259.7221551247558
8371.272756248532,0.14592560791012524,2700.203357328823,1259.7774337218184
8371.684193099818,0.18768303694785,2700.4166427252794,1259.8578850800934
8372.278666645756,0.23872340260548125,2700.7248128160295,1259.9741267945897
8373.134831967778,0.29973857985324387,2701.1686417540864,1260.1415385959963
8374.362089258728,0.37032169605988546,2701.804841724289,1260.3815116993037
8376.107423515557,0.44767443513829175,2702.7096086074002,1260.7227858823844
8378.55556209966,0.5243344874786114,2703.9787037014166,1261.201479708896
8381.896648839336,0.5843873938942321,2705.7106963033425,1261.8547688619497
8386.19708800419,0.5995089204389605,2707.9400102979776,1262.695631503192
8391.44550732852,0.5256277757533174,2710.6607509736664,1263.7218361496261
8394.316557845861,0.43305834589647707,2712.149082286006,1264.28319491896
8396.383933052215,0.33248628874028785,2713.22079451414,1264.6874127549293
8397.499920538834,0.25961287861323135,2713.7993143714543,1264.9056119951565
8398.310204190222,0.19312135378181308,2714.219359604171,1265.064039148406
8398.747097408566,0.149534292853686,2714.4458419275934,1265.1494606026147
8399.071171873058,0.1114354966591135,2714.6138398207677,1265.2128236315082
8399.256816062147,0.08615330733523129,2714.710076447803,1265.2491207471794
8399.38872407805,0.06588080876019697,2714.7784566259024,1265.2749113633654
8399.494639212526,0.04767604210321388,2714.8333622795712,1265.2956198510326
8399.576306974393,0.03234210141445894,2714.8756982678087,1265.3115874965415
8399.623278136318,0.023601049504471023,2714.9000477849854,1265.3207712758935
8399.65910829393,0.01841346988198262,2714.9186218846194,1265.3277767704076
8399.694938451543,0.01724261553497496,2714.9371959843143,1265.3347822641015
8399.728710756412,0.02072341484204935,2714.954703307791,1265.341385406752
8399.756763193252,0.02543652558599634,2714.969245492264,1265.3468702033674
8399.78446940602,0.030630912807731843,2714.983608196667,1265.3522873059546
8399.836130916783,0.040477984716690806,2715.010389157926,1265.3623881331473
8399.918386651809,0.05535776877713468,2715.0530299486036,1265.3784707209609
8400.017381362097,0.07170922479835931,2715.1043481059705,1265.397826096602
8400.15870115231,0.092696891397998,2715.177607286098,1265.425456831051
8400.371123011886,0.12053702544528558,2715.2877252780704,1265.4669893622995
8400.68358156418,0.15606855237257192,2715.449701589002,1265.5280809255325
8401.137004517775,0.20017279862071605,2715.6847528600765,1265.6167335874773
8401.79158717461,0.25379857589093097,2716.0240839240405,1265.7447164996438
8402.73335310237,0.3174384015609464,2716.5122888193864,1265.9288485275565
8404.081026471922,0.39021228072694525,2717.2109133771746,1266.1923417124362
8405.992073592199,0.4683672760342679,2718.2015871391873,1266.5659821121847
8408.658469374976,0.5426541701077942,2719.5838287709907,1267.0873014162173
8412.252263625407,0.5941324677707813,2721.4468280567926,1267.7899334985154
8417.129388942776,0.5880282870909167,2723.9750986905888,1268.743459846456
8421.091055583334,0.5171548869588168,2726.028802210119,1269.5179938275419
8424.20558891187,0.4086174125361061,2727.6433575681344,1270.1269002353774
8425.833455854487,0.3245757439603171,2728.4872341875375,1270.4451536902704
8427.047772130421,0.2419922283105136,2729.1167286617015,1270.6825555076225
8427.671537935219,0.18884562676734948,2729.440085243164,1270.8045028929544
8428.153545812902,0.13942934132549398,2729.6899553484636,1270.8987361687966
8428.410634691108,0.10831684216979796,2729.823228745395,1270.9489973767709
8428.604724441855,0.08135027761015665,2729.9238437587614,1270.9869421461851
8428.7281548278,0.06190178717168176,2729.987829363676,1271.0110729161408
8428.829442193635,0.04410386264753056,2730.0403361543586,1271.0308746952287
8428.900288394221,0.03068007124382809,2730.077062419505,1271.0447251928774
8428.945796628157,0.022376953090946353,2730.1006536277964,1271.0536220929678
8428.98256119151,0.017688612477571117,2730.119712167317,1271.0608095967482
8429.01775222584,0.017688789657613415,2730.1379549984454,1271.0676894734493
8429.052536870415,0.02205289949589575,2730.155987159503,1271.074489899842
8429.09326559103,0.02939273342318623,2730.1771006956983,1271.082452396977
8429.130525922494,0.03651754955592789,2730.1964162388317,1271.0897368203669
8429.212497627159,0.05164272094965304,2730.238909902829,1271.1057623484298
8429.304163140256,0.06715843908148415,2730.2864287821794,1271.123683018077
8429.430841627596,0.08653671996910864,2730.3520981883935,1271.1484487390564
8429.622311482513,0.11251688419701965,2730.451355071897,1271.1858811923555
8429.905049382021,0.1459376891283797,2730.597924793614,1271.2411565520304
8430.316537855595,0.18769748246865148,2730.8112380885423,1271.321602604251
8430.911083903467,0.23874003819133044,2731.1194474074982,1271.4378362478133
8431.767350436125,0.29975670615085537,2731.5633311790552,1271.605235805416
8432.99474639753,0.37033953858199214,2732.199606426064,1271.8451901196486
8434.740263855778,0.44768821232149003,2733.104473099215,1272.1864348728636
8437.188625843453,0.5243368396886051,2734.373690759028,1272.6650809143146
8440.529918090655,0.5843650784052764,2736.1057991028956,1273.3182855338418
8444.831393678181,0.5994388011505094,2738.335662208118,1274.159190455539
8450.076946615423,0.5255324292097098,2741.0549313786605,1275.1846393672195
8452.9472880388,0.43295380408927775,2742.5429029733077,1275.745752770973
8455.013573923301,0.3324097474598388,2743.6140561658017,1276.1496808537438
8456.129243768883,0.259543044838751,2744.1924144148907,1276.367776559721
8456.939091309952,0.19307624616143593,2744.612235787585,1276.5260883810006
8457.375877279632,0.1494936787260849,2744.8386637091926,1276.6114726545811
8457.699784632823,0.11140956680729537,2745.0065758591954,1276.674790989454
8457.885379945445,0.08613125383249268,2745.1027876567123,1276.7110716617867
8458.017226642627,0.06586625047528745,2745.171136408266,1276.736845396664
8458.123126276012,0.04766276656223919,2745.226034315936,1276.7575469242074
8458.204756561845,0.032335331460673834,2745.268351100129,1276.7735042136528
8458.25171904221,0.02359646295760855,2745.2926962452902,1276.7826845531551
8458.287550111383,0.018410680274895497,2745.3112709154684,1276.7896888964842
8458.323381180557,0.017243872381785496,2745.3298455857057,1276.7966932390077
8458.357161680402,0.020728809363887015,2745.347357249787,1276.80329673063
8458.3852209951,0.025444348769386588,2745.3619030764307,1276.808781830969
8458.412923533764,0.030638412367890878,2745.3762639519664,1276.8141971874115
8458.464638534815,0.040495385405745765,2745.403072783642,1276.8243065543484
8458.546897043658,0.05537422208921334,2745.4457152372015,1276.8403866327383
8458.645926480282,0.07172953227247515,2745.497051667265,1276.8597451241951
8458.7873134313,0.09272426889311317,2745.570346049703,1276.887383744802
8458.999831523584,0.12057250389287258,2745.6805145091257,1276.928927207957
8459.312425085958,0.1561129207527722,2745.8425616629775,1276.990033573365
8459.766037947606,0.2002267408882698,2746.077712621071,1277.0787065422026
8460.42089094796,0.2538625027304266,2746.417185618983,1277.20671802818
8461.363038915886,0.31751138573616006,2746.905591135463,1277.3908898232678
8462.711243740949,0.3902905383804762,2747.604494878122,1277.654436951505
8464.623009018373,0.46844152245913956,2748.595546145756,1278.0281469457664
8467.29031643093,0.5427051370704683,2749.978267633934,1278.5495457502655
8470.88503863933,0.5941248179649612,2751.841757757937,1279.252226317928
8475.764612470939,0.5878854505074322,2754.3713109548767,1280.206051142771
8479.71278921424,0.5172130466048356,2756.4180321118542,1280.9778021327559
8482.832948888034,0.40848757506120453,2758.0355125905885,1281.5876935691817
8484.456775682376,0.32465037641193656,2758.8772992183417,1281.905097380688
8485.67351447024,0.24190473232467752,2759.5080528016715,1282.1429280310533
8486.295583149247,0.18890098994875168,2759.830531285997,1282.2645207402345
8486.778597762055,0.13938334080856615,2760.0809245835203,1282.3589330681123
8487.035109997667,0.10833940326969582,2760.213899746005,1282.409072107719
8487.229472472196,0.08133575986404087,2760.314656663439,1282.4470630472006
8487.352877539764,0.06188993132369829,2760.3786294771626,1282.4711843293328
8487.45415168322,0.04409327682925344,2760.4311296872916,1282.4909797993419
8487.524966647807,0.030675162786599718,2760.467839951357,1282.5048215863583
8487.570469857767,0.022373570215012857,2760.491428678284,1282.5137158310704
8487.607237930346,0.017686854146579795,2760.5104891363844,1282.5209026689356
8487.642431748607,0.017690784103787133,2760.5287335058442,1282.527781795825
8487.677191267887,0.02205314060227864,2760.5467527360747,1282.5345760321127
8487.717934046503,0.029395652011737147,2760.5678736700165,1282.542539779524
8487.755202254728,0.03652195121855106,2760.5871933971807,1282.5498243725256
8487.837173951002,0.05164673753450439,2760.629687278451,1282.5658468850158
8487.928847031282,0.06716323368448969,2760.67721032843,1282.5837656635083
8488.055541622236,0.08654321314369451,2760.7428884251776,1282.6085298747278
8488.247035006752,0.11252533969345731,2760.842158023953,1282.6459598880078
8488.529806020673,0.14594823076492142,2760.9887456763336,1282.7012313265052
8488.941339870105,0.18771002622904318,2761.2020836060933,1282.7816711227385
8489.535949482382,0.238754370032066,2761.5103274832036,1282.8978953400585
8490.392304484112,0.2997721126799898,2761.9542594299865,1283.0652807274673
8491.619821148937,0.37035429626857547,2762.5906005636575,1283.3052135494668
8493.365496971013,0.4476987241792698,2763.495554042922,1283.6464251684117
8495.814049319863,0.5243361835205401,2764.7648769876814,1284.1250185809142
8499.155507411057,0.5843408883990765,2766.4970803047004,1284.778133122293
8503.457924690538,0.5993695510254072,2768.7274431501983,1285.619064589441
8508.700740244245,0.5254398926530137,2771.445307349537,1286.64378666855
8511.570392323349,0.43285310706961244,2772.932929283079,1287.2046605176613
8513.635637113302,0.33233595015116024,2774.0035483071915,1287.6083097185422
8514.750999113561,0.2594759742108184,2774.581749955485,1287.8263045647138
8515.560430174211,0.193032800547607,2775.0013575918947,1287.9845054570947
8515.99711191166,0.14945469851970694,2775.227732647858,1288.0698534356134
8516.320859629868,0.11138461099143337,2775.3955629095067,1288.1331287636037
8516.5064076506,0.08611007670390589,2775.4917506872325,1288.1693934282819
8516.63819566269,0.06585224694432117,2775.560069369042,1288.1951508880318
8516.74408037332,0.0476500040947775,2775.6149598239035,1288.2158456394507
8516.825674603577,0.03232883242684606,2775.6572581351775,1288.2317929070323
8516.872628776697,0.023592057298384678,2775.6815990994232,1288.2409699114444
8516.908460757033,0.018407999695034746,2775.7001743377336,1288.2479731270669
8516.94429273737,0.017245086416652598,2775.718749576102,1288.254976341898
8516.978081193498,0.020734016031953913,2775.7362654550093,1288.2615801575087
8517.00614754763,0.02545196983004814,2775.750815005892,1288.2670656111436
8517.0338466744,0.03064574851539012,2775.7651741867608,1288.2724792912222
8517.085613941406,0.04051239334719139,2775.7920102512608,1288.2825969887715
8517.167875216952,0.05539031136912009,2775.834654358956,1288.29867461037
8517.266938620709,0.07174938838596183,2775.8860086622267,1288.3180361319858
8517.40839127811,0.09275103729495952,2775.959337484648,1288.3456824427485
8517.62100350536,0.12060718878677384,2776.0695553114692,1288.3872365608127
8517.93372911826,0.15615628783834284,2776.231671755471,1288.4483573460486
8518.387527709721,0.20027945057351995,2776.4669202076548,1288.5370500901
8519.0426450743,0.25392494210861866,2776.8065320009628,1288.6650893927913
8519.985166570505,0.3175826235109127,2777.295133670057,1288.8492998838235
8521.333890880813,0.390366832952253,2777.9943103120936,1289.1128994642727
8523.246357845705,0.4685137248424308,2778.985730433782,1289.4866770388987
8525.914555200761,0.5427542897691388,2780.3689203767426,1290.0081527910518
8529.510180268411,0.5941161904260321,2782.232888112355,1290.710879229601
8534.392147435929,0.5877437527734937,2784.7636949826624,1291.664994764271
8538.327013332997,0.5172703584588463,2786.803526283674,1292.4340013222827
8541.452716941774,0.408360101674331,2788.423889001874,1293.044863306253
8543.072566404962,0.3247244596767286,2789.26361808196,1293.361431103787
8544.291694296215,0.2418191483334887,2789.8956133945258,1293.5996846738074
8544.91209533348,0.18895590092597536,2790.217229019375,1293.7209289975801
8545.396102444909,0.13933841580088738,2790.4681381049872,1293.8155178362072
8545.652048404709,0.10836185810310031,2790.600820388508,1293.8655369423577
8545.846679984517,0.08132166312843389,2790.701717323843,1293.9035734513207
8545.970060109914,0.061878484051582396,2790.7656775337755,1293.9276854012796
8546.071321524012,0.04408305309396923,2790.8181714127177,1293.9474747254058
8546.142106340469,0.0306704212892245,2790.854866235189,1293.9613080627328
8546.187604685918,0.022370305847315846,2790.8784525606316,1293.9701997131958
8546.224376144513,0.01768515990659755,2790.8975148712266,1293.9773858847273
8546.259572685716,0.017692714245983718,2790.9157607452817,1293.9842642725755
8546.294307703534,0.022053336879406495,2790.9337673658374,1293.9910524651132
8546.335062971235,0.029398220217499643,2790.9548948818033,1293.999017181668
8546.372338164883,0.03652583095537072,2790.9742183287094,1294.0063017937555
8546.454309713548,0.051650244105065725,2791.01671235011,1294.022321316782
8546.545989471066,0.06716741888302848,2791.064239103849,1294.0402380892713
8546.672698212911,0.08654887589805345,2791.1299248712417,1294.0650004903378
8546.864212339786,0.11253270982458591,2791.2292057288946,1294.102427641711
8547.147012482012,0.14595739351265608,2791.375809228571,1294.1576945614938
8547.558586112924,0.1877208667048884,2791.5891688683273,1294.238127272697
8548.153251285483,0.23876663853756008,2791.8974431185543,1294.3543408814207
8549.009683345617,0.29978508319488245,2792.3414172738603,1294.5217104187027
8550.237304623852,0.3703662907891205,2792.9778158794434,1294.7616193925487
8551.983116566296,0.44770631076947565,2793.8828445290324,1295.1027946518495
8554.431829684321,0.5243328313217372,2795.1522572712756,1295.5813312264177
8557.773418094914,0.5843150161691484,2796.884536944744,1296.234350899416
8562.076692319382,0.5993010739242487,2799.1153553435956,1297.075295064299
8567.316885742504,0.5253498626928897,2801.8318739895203,1298.0993164140411
8570.185866064961,0.43275584369445275,2803.319155203811,1298.65995604304
8572.250112851767,0.3322646027474582,2804.389262269085,1299.0633361861903
8573.36517574221,0.2594113718816344,2804.96731177678,1299.2812326186186
8574.174207863913,0.1929908390798822,2805.386714719861,1299.4393265599438
8574.61078805924,0.14941717791525655,2805.613038278109,1299.5246390570283
8574.934382822892,0.11136052507091873,2805.780790094369,1299.5878729029562
8575.119884966249,0.08608968238807739,2805.8769545742616,1299.624121958923
8575.251616646108,0.06583873887853815,2805.945244397877,1299.6498636921563
8575.357486950537,0.047637699875429755,2806.000127661314,1299.6705518374338
8575.43904639479,0.03232257519252917,2806.0424081527553,1299.6864893862157
8575.485992594895,0.02358781305684582,2806.066745106505,1299.6956631515866
8575.521825485752,0.018405416437487273,2806.085320910481,1299.7026652623085
8575.557658376609,0.01724626222343147,2806.1038967145137,1299.7096673722529
8575.591454576306,0.020739055024660186,2806.121416696002,1299.716271491396
8575.619528123385,0.02545941218277105,2806.1359700490666,1299.721757345828
8575.647224077393,0.030652941532660415,2806.150327657564,1299.7271694142955
8575.699042533148,0.04052905627365695,2806.1771903936506,1299.7372952614069
8575.781306573623,0.055406081595635565,2806.219836149668,1299.753370478459
8575.880403278828,0.07176884877767546,2806.2712079753223,1299.7727349612699
8576.02192036859,0.0927772716815217,2806.344570569182,1299.8003887992554
8576.234624891345,0.12064117767402235,2806.454836797638,1299.8419533424021
8576.54747995984,0.15619877646711444,2806.617021168617,1299.9030882314898
8577.001460618581,0.20033107867870667,2806.8523651901487,1299.9918003127443
8577.656837106364,0.25398607592782596,2807.192113024242,1300.1198668090535
8578.599724669455,0.3176523278337716,2807.6809069237615,1300.3041151152881
8579.948957970164,0.39044140258924753,2808.3803509470526,1300.5677659239145
8581.862112178054,0.46858412871312555,2809.3721323246677,1300.9416094303426
8584.531180439393,0.5428018409812417,2810.75578070013,1301.4631600530372
8588.127686263997,0.5941066879946467,2812.620214380916,1302.1659302755336
8593.011998141908,0.5876030201499459,2815.152249440639,1303.120329959418
8596.933714579664,0.5173267931813883,2817.185274246798,1303.8866270797246
8600.064884903404,0.4082347092689304,2818.808479018368,1304.4984461101851
8601.68081391415,0.324797966497817,2819.646179920698,1304.8141903204255
8602.902299687781,0.2417352705061985,2820.2794007182943,1305.0528613114618
8603.521060006748,0.18901035098858324,2820.6001673956603,1305.173763023157
8604.006046308426,0.13929445078636252,2820.851585347034,1305.2685260077478
8604.261435464177,0.10838418978970646,2820.983979643782,1305.3184272338585
8604.456332739821,0.08130793684417104,2821.085014819532,1305.3565087501374
8604.579688245158,0.061867397823251444,2821.1489625852832,1305.3806115107961
8604.68093736636,0.04407314919017539,2821.201450353289,1305.400394839368
8604.751692995625,0.030665827282429718,2821.2381302280055,1305.414219961755
8604.797186618356,0.02236714602511787,2821.2617142227728,1305.4231090748374
8604.833961353386,0.0176835223054944,2821.280778326914,1305.4302945816696
8604.86916056382,0.017694587653507458,2821.299025675668,1305.4371722420765
8604.903871628647,0.022053493170173303,2821.31701996871,1305.4439545217829
8604.944637964787,0.029400471855560273,2821.338153327907,1305.4519199548124
8604.981919339054,0.03652923925419069,2821.357480075192,1305.459204451838
8605.063890621219,0.05165329121825744,2821.3999741702764,1305.4752210140894
8605.155576252442,0.067171054795956,2821.4475042058775,1305.493135681148
8605.282297385771,0.08655379026123577,2821.5131967244706,1305.517896007505
8605.473829742152,0.11253910168802375,2821.612487527202,1305.5553199257529
8605.756655419538,0.1459653133852325,2821.759104995038,1305.6105818017013
8606.16826378948,0.18773017188607966,2821.9724837068343,1305.691006700296
8606.762977308215,0.23877704718250253,2822.280784555781,1305.807208663208
8607.619476142532,0.2997958578488981,2822.724795538436,1305.9745608772287
8608.847187532578,0.37037579436739637,2823.361244026881,1306.2144439382705
8610.593115547921,0.4477112598917381,2824.2663373526325,1306.5555800144052
8613.041962763456,0.5243270474351157,2825.5358259233335,1307.0340560742825
8616.383649470732,0.5842876244406024,2827.268165158154,1307.6869767199187
8620.687704337684,0.5992332883972276,2829.4993993086323,1308.527921322191
8625.925379252983,0.5252620827932254,2832.214625801356,1309.5512656669553
8628.793703580302,0.43266166621471813,2833.7015742973936,1310.111676001799
8630.85699111123,0.33219545658011623,2834.7711893658616,1310.5147960211748
8631.971762731562,0.25934898846456206,2835.3490907310425,1310.7325962905525
8632.78041168925,0.1929502113510205,2835.7682971097393,1310.8905868972179
8633.216892756827,0.14938096947464757,2835.994570396133,1310.9758646647724
8633.540340573156,0.11133722097616246,2836.1622468616883,1311.0390584154645
8633.72579810988,0.08606999175497601,2836.2583886915518,1311.0752922302045
8633.857475572908,0.06582567613766879,2836.3266507457024,1311.1010187365541
8633.963331935447,0.04762580753724941,2836.381527052225,1311.1217004335977
8634.044857735546,0.032316535153654444,2836.4237903108833,1311.1376285401113
8634.091796263057,0.02358371377359563,2836.448123407124,1311.1467991550412
8634.127630063638,0.018402920604763617,2836.4666997742884,1311.1538001830363
8634.163463864219,0.01724740368654755,2836.4852761415073,1311.1608012102672
8634.197267616819,0.02074394343257439,2836.502800124823,1311.167405616262
8634.22534850374,0.025466695695707347,2836.5173573546363,1311.1728919172247
8634.25304150475,0.030660008668740187,2836.5317135030728,1311.17830243455
8634.304910197203,0.040545414783386156,2836.558602414472,1311.1884362739654
8634.3871770054,0.05542157102810278,2836.6012498155224,1311.2045091382263
8634.486306425933,0.07178796077590924,2836.652638854164,1311.2238765272782
8634.627886827493,0.09280303591469012,2836.7260346307194,1311.2515377574084
8634.840682026064,0.12067455353411019,2836.8363484093543,1311.2931125355365
8635.153664265428,0.15624049113327554,2836.9985995055113,1311.3542612683586
8635.607823767703,0.20038175366011757,2837.234037399928,1311.442992327624
8636.26345476567,0.25404605892140975,2837.573918846927,1311.5710855071654
8637.206701827774,0.31772067983520963,2838.062901519574,1311.755370908051
8638.556434879149,0.3905144498523471,2838.7626080590694,1312.0190719454229
8640.470263608047,0.4686529428946636,2839.754743990857,1312.392980042301
8643.140185994713,0.5428479716691279,2841.1388419504833,1312.9146038579074
8646.737553021072,0.5940963981048437,2843.0037312369755,1313.6174162187745
8651.624166553045,0.5874631047806904,2845.5369718977654,1314.57209450723
8655.532880983035,0.5173822978933605,2847.5632663570336,1315.3357143541257
8658.6694443411,0.4081111481747645,2849.189274835079,1315.948477587962
8660.281504976288,0.32487084716173736,2850.0249744444545,1316.2634096592017
8661.505318903868,0.24165291761586832,2850.6594052582886,1316.5024928517078
8662.122463357739,0.18906431534248386,2850.9793358286056,1316.623057303995
8662.608416179506,0.1392513435127942,2851.231256054904,1316.7179921896663
8662.86325727631,0.1084063749044898,2851.3633668810166,1316.7677774409033
8663.058416968639,0.08129453466722603,2851.4645385875365,1316.8059034254195
8663.18174812762,0.061856628875922075,2851.528474043859,1316.829997128069
8663.282985340255,0.04406352623085157,2851.58095589435,1316.8497745994825
8663.353712626666,0.030661362811918867,2851.6176212548507,1316.863591717571
8663.399201652002,0.02236407790526229,2851.641202981302,1316.8724783461466
8663.435979566313,0.01768193451617265,2851.660268826552,1316.8796631917494
8663.47118139924,0.01769641133001694,2851.67851762379,1316.8865401371056
8663.505868987591,0.022053613534474444,2851.6964998342514,1316.8933166201641
8663.546645098191,0.029402435724083048,2851.7176383636147,1316.9012825412417
8663.583931921812,0.03653221908032777,2851.7369680301003,1316.9085668029045
8663.665902835148,0.051655921766052985,2851.7794621411626,1316.924580434959
8663.757593610064,0.0671741924594732,2851.826995075004,1316.9424929100987
8663.884325539524,0.08655802585946969,2851.8926935106247,1316.9672509273516
8664.075873845532,0.11254460619416269,2851.9919930657475,1317.0046712838973
8664.358721798535,0.14597210583836853,2852.1386227960465,1317.0599276518094
8664.77036033361,0.18773808437220713,2852.352018185558,1317.1403440955396
8665.365115655091,0.2387857686878569,2852.660342207562,1317.2565334974595
8666.22167193562,0.2998046404963899,2853.104385133637,1317.4238670889417
8667.449460284352,0.3703830380825618,2853.7408766171293,1317.6637224173683
8669.195486188839,0.4477138158276387,2854.646025094143,1318.0048168243993
8671.64444330911,0.5243190562332065,2855.915576813707,1318.4832291397543
8674.986199263834,0.5842588513510507,2857.6479603622415,1319.136047128432
8679.290965635299,0.5991661252681034,2859.879574184063,1319.9769812460968
8684.526215798269,0.5251763353625883,2862.5935568195305,1320.9996702811616
8687.393898344633,0.43257027958931227,2864.0801798017237,1321.559855895749
8689.456261681093,0.33212830070659455,2865.1493209289292,1321.9627239657318
8690.570749111599,0.25928861236807976,2865.727077758162,1322.1804301548557
8691.379029181293,0.1929107897671825,2866.1460949260554,1322.3383207349002
8691.815413301705,0.1493459481065167,2866.372319046104,1322.423564471611
8692.138719606777,0.11131462399133481,2866.539922960209,1322.486719396145
8692.324133685648,0.08605093767113363,2866.6360427249815,1322.5229383100816
8692.455758845788,0.06581301618331502,2866.7042779942294,1322.5486500473612
8692.561601686422,0.047614287744269096,2866.759147555572,1322.5693254436212
8692.643094875795,0.03231069145084038,2866.8013941124536,1322.5852443617086
8692.690026002487,0.023579745492020812,2866.8257234894104,1322.5944119083913
8692.725860711887,0.018400503803225714,2866.844300417295,1322.601411875231
8692.761695421288,0.01724851410403997,2866.8628773452338,1322.6084118413194
8692.795506554856,0.020748695761917027,2866.8804052393925,1322.615016520628
8692.823594922895,0.02547383723070088,2866.8949664176607,1322.6205033122978
8692.851285174344,0.030666964583829816,2866.909321209936,1322.6259123352816
8692.903203257769,0.04056150337065576,2866.9362358555727,1322.6360540298622
8692.985472840353,0.055436812172252915,2866.978884900528,1322.6521245925096
8693.084634457702,0.07180676459188096,2867.030290877981,1322.671494844563
8693.226277180915,0.0928283842564565,2867.103719316341,1322.6991633551677
8693.439161622337,0.12070738687010121,2867.214079890862,1322.7407482115277
8693.75226901142,0.15628152061817968,2867.3763966475735,1322.8019105748383
8694.206604506197,0.2004315846476187,2867.6119269124138,1322.8906603190123
8694.862485934893,0.25410502254345896,2867.9519398221682,1323.0187797659225
8695.806086687327,0.3177878333980606,2868.441108205841,1323.2031016752342
8697.156311315879,0.3905861468247539,2869.141072951566,1323.4668521301717
8699.070803307222,0.46872034479108665,2870.133557497727,1323.840823733537
8701.74156495404,0.5428928355623354,2871.518097190959,1324.3625193987116
8705.339775790802,0.5940853950405232,2873.3834328717353,1325.0653726204766
8710.228652649057,0.5873238810504638,2875.9178590047595,1326.020324822363
8714.124501870643,0.5174367971413243,2877.937493753373,1326.7812973771067
8717.26638664089,0.40798919613522056,2879.566268662356,1327.394992340563
8718.874627163312,0.3249430302642514,2880.3999918902973,1327.7091229376913
8720.100740384818,0.24157192851192186,2881.0356177033605,1327.948613269524
8720.716292180876,0.18911775383235294,2881.3547241553833,1328.0688454781357
8721.203199230808,0.13920900246803616,2881.6071402624693,1328.1639500892045
8721.457500432434,0.10842838356167298,2881.738971833337,1328.2136211511865
8721.652919321288,0.08128141344937183,2881.8402783918464,1328.2517910740864
8721.776226363829,0.061846136253111916,2881.904201651022,1328.2758758394189
8721.877452003391,0.04405414783468306,2881.9566777522914,1328.2956475808503
8721.94815168243,0.030657011041960124,2881.9933289758224,1328.3094568827476
8721.993636220075,0.022361089480025752,2882.0169084883023,1328.3183410758895
8722.030417228016,0.01768039018400263,2882.0359760282513,1328.3255252654078
8722.065621643498,0.01769819186512353,2882.054226251346,1328.3324015088779
8722.100286161975,0.02205370137169292,2882.072196587986,1328.3391722971676
8722.14107086118,0.029404136329442873,2882.093339670566,1328.3471384984882
8722.178362465354,0.03653480697196662,2882.112671907518,1328.354422416177
8722.260332921025,0.0516581721182443,2882.1551659839934,1328.370433149948
8722.352028172107,0.06717687517211876,2882.2027014650066,1328.3883433575058
8722.478769441475,0.08656164175304078,2882.2684050558214,1328.413098856594
8722.670331614894,0.11254930046113851,2882.3677122734457,1328.4505153586742
8722.953198867017,0.1459778688153255,2882.514352707727,1328.5057658054932
8723.364863390852,0.1877447251336319,2882.7277625874094,1328.586173223701
8723.959654540567,0.23879294957165378,2883.0361066527585,1328.7023492518267
8724.8162597507,0.29981160407424623,2883.4801770604054,1328.8696630673667
8726.044113048929,0.3703882179637875,2884.116705246254,1329.1094890487154
8727.790220240255,0.44771418582191735,2885.0219001724554,1329.4505395838178
8730.239265175414,0.5243090480715941,2886.2915034556636,1329.9288852992627
8733.581063850417,0.584228814105158,2888.023917383495,1330.5815974439768
8737.886478665703,0.5990995258699934,2890.2558779539504,1331.4225112821691
8743.119389464435,0.5250924359328555,2892.968660700825,1332.4445649714974
8745.986443133253,0.4324814336243044,2894.4549646993783,1333.0045301357984
8748.047914210856,0.33206295626149357,2895.523648324503,1333.4071537824454
8749.162123888107,0.259230064154226,2896.1012638927227,1333.6247678295892
8749.970048074614,0.19287246613176878,2896.5200985459846,1333.7825614279052
8750.406337230253,0.14931200772839412,2896.7462745032576,1333.8677717864837
8750.72950697573,0.1112926707587799,2896.913808414684,1333.9308890534262
8750.914878642123,0.08603246320573342,2897.00990664604,1333.9670933836735
8751.046453242461,0.0658007229443651,2897.0781160266297,1333.9927907739639
8751.152282943589,0.04760310714044134,2897.1329790352324,1334.0134600078186
8751.233744463709,0.03230502639861289,2897.1752093738314,1334.029369971915
8751.280668437052,0.023575896381463155,2897.199535157218,1334.0385345270197
8751.316504054279,0.01839815891731528,2897.2181126433725,1334.045533453696
8751.352339671506,0.01724959627111742,2897.2366901295804,1334.0525323796337
8751.386158029953,0.02075332430432936,2897.254221851871,1334.0591373213133
8751.414254015348,0.025480851026420486,2897.268787047737,1334.0646246464403
8751.441941706888,0.03067382165761222,2897.283140580656,1334.0700322287291
8751.493908425422,0.04057735117845865,2897.3100805661174,1334.0801816582477
8751.57618079228,0.05545183248150051,2897.3527312556625,1334.0962499698
8751.675374145041,0.07182529418866813,2897.404153927522,1334.1156230513245
8751.817078309896,0.09285336253449313,2897.4776145641245,1334.143298750233
8752.030050718997,0.12073973723756327,2897.5880212623915,1334.1848935558578
8752.34328145935,0.1563219399232624,2897.750402731,1334.2460693754226
8752.797790410543,0.2004806638402495,2897.9860240278244,1334.3348375663911
8753.453918641206,0.2541630778480183,2898.3261664849165,1334.4629829434064
8754.397867916614,0.31785391852327527,2898.815517851544,1334.6473408866036
8755.748576849637,0.39065663888813,2899.5157369627373,1334.9111401044088
8757.663722081063,0.4687864842827663,2900.50856482751,1335.2851743440901
8760.335309741446,0.5429365625586924,2901.8935392473304,1335.8069407928472
8763.934348824978,0.5940737416095674,2903.7593130645228,1336.5098339020808
8768.825454674663,0.587185242959508,2906.294906618823,1337.465056037869
8772.708567800859,0.5174901933751821,2908.307948318277,1338.2234096828543
8775.855703058362,0.40786865370411657,2909.939452748167,1338.8380240065267
8777.460168795591,0.3250144230070901,2910.771222988326,1339.1513631844982
8778.688552744836,0.24149215862572973,2911.408028937474,1339.3912556390117
8779.30253381985,0.18917061130865317,2911.7263226028103,1339.511160356807
8779.790382945417,0.13916734492309768,2911.979228269409,1339.6064325402565
8780.044151962518,0.1084501793830172,2912.1107845661104,1339.6559911043798
8780.239826820569,0.0812685324319972,2912.2122242943833,1339.6942044321836
8780.363109936598,0.06183588104034404,2912.276135448185,1339.71828037111
8780.46432429212,0.04404497944968444,2912.3286059446186,1339.738046499043
8780.53499699613,0.03065275594427529,2912.36524335509,1339.7518481514976
8780.580477140735,0.02235816935171454,2912.388820700221,1339.7607299546178
8780.617261167454,0.017678883306106976,2912.407889894122,1339.7679134947516
8780.6524681323,0.017699935556441157,2912.426141524003,1339.7747890502833
8780.687109918486,0.022053759511460953,2912.444100159869,1339.7815542315873
8780.727902112307,0.029405594424119257,2912.4652472263983,1339.7895205227915
8780.76519788103,0.03653703384999094,2912.4845817125097,1339.796803997708
8780.847167801168,0.05166007297244224,2912.5270757096628,1339.8128118659927
8780.938866913762,0.0671791395006761,2912.574613414343,1339.8307197392915
8781.06561618428,0.08656468781353993,2912.640321459619,1339.8554725323033
8781.257190309874,0.11255324961618224,2912.739635336732,1339.8928849170445
8781.54007412364,0.145982685027385,2912.886285040891,1339.948129072365
8781.951760795542,0.1877501963243306,2913.099707397897,1340.0285269540682
8782.546582279485,0.23879871356633814,2913.4080686269563,1340.1446888809332
8783.403228587451,0.29981689460223054,2913.8521624107643,1340.3119818886155
8784.631135792037,0.37039149953807193,2914.48872150911,1340.5517770794977
8786.377309003043,0.44771254486790885,2915.393954877456,1340.8927817755311
8788.82642143905,0.5242971836986942,2916.6635990637296,1341.371058347201
8792.168238436661,0.5841976117060231,2918.396030545944,1342.023661828253
8796.474243765935,0.5990334407529964,2920.6283076090317,1342.8645465356592
8801.704893530143,0.5250102287557111,2923.3399307868012,1343.885983371969
8804.571330115625,0.43239491714826156,2924.8259217619852,1344.445732093202
8806.631938232817,0.3319992721880648,2925.8941629609635,1344.8481182913742
8807.745876048493,0.2591731923675971,2926.471640262616,1345.0656420103167
8808.553456284219,0.19283514905871565,2926.8902985429995,1345.223341448149
8808.989652289525,0.1492790587977662,2927.116427254767,1345.3085190415125
8809.312690018383,0.11127130776999308,2927.283893501028,1345.3715997339696
8809.498020230198,0.08601452029813701,2927.379970685624,1345.4077897775637
8809.629545869633,0.06578876596049207,2927.4481549992956,1345.433473212525
8809.735362781903,0.04759223755980823,2927.5030116313246,1345.454136414483
8809.816793496633,0.03229952505494629,2927.545226195051,1345.4700376424798
8809.863710543503,0.02357215645716569,2927.569548499988,1345.4791992779033
8809.899547067462,0.01839587994238345,2927.58812654197,1345.486197184846
8809.93538359142,0.017250652540841908,2927.6067045840036,1345.4931950910627
8809.96920903192,0.020757839406394217,2927.6242400586452,1345.499800286275
8809.997312766072,0.025487748962389062,2927.6388093387923,1345.505288186237
8810.024998075725,0.03068059019564069,2927.6531617031787,1345.5106943787628
8810.077012748485,0.04059298250024792,2927.680126672998,1345.5208514370074
8810.1592879121,0.05546665482573289,2927.7227790093034,1345.5369175472445
8810.25851258646,0.0718435778622467,2927.7742181559984,1345.556293432599
8810.40027740469,0.09287800892887439,2927.847710575063,1345.5839762436028
8810.613336637754,0.12077165425497557,2927.9581627934217,1345.6255808922483
8810.926689116453,0.1563618115365699,2928.1206081219484,1345.6867700257085
8811.381369250264,0.2005290680485272,2928.356319249014,1345.775556470244
8812.037741029646,0.254220317362939,2928.6965895337416,1345.9037275042813
8812.982034194742,0.3179190435182887,2929.1861214336272,1346.0881210979412
8814.33322090977,0.39072604716871157,2929.8865914606154,1346.351968551544
8816.249010388734,0.4688514862660919,2930.879757885167,1346.7260647316405
8818.921412164002,0.5429792609330489,2932.265160727609,1347.2479011236055
8822.521265453022,0.5940614902604423,2934.1313652183712,1347.9508333928543
8827.414569286593,0.587047102497824,2936.6681098755125,1348.906322066453
8831.285070524294,0.5175423667229625,2938.6746226533783,1349.6620841324273
8834.43738474396,0.4077493409358409,2940.3088193869153,1350.2776052989288
8836.038118899105,0.32508491080711494,2941.1386589351987,1350.5901626627062
8837.268744755102,0.24141347741823554,2941.776630026675,1350.8304521619903
8837.881176119348,0.18922281749060163,2942.094121758058,1350.9500339467988
8838.369955079806,0.13912629548493263,2942.3475106177348,1351.0454715279725
8838.623199287038,0.10847171927293268,2942.478795447728,1351.094919214532
8838.819126816135,0.08125585260997782,2942.580366627087,1351.1331753977836
8838.942386158817,0.06182582574921032,2942.6442657484363,1351.1572426121356
8839.043589474504,0.04403598780608184,2942.696730761355,1351.177003232742
8839.114235736768,0.030648582043990666,2942.7333546314494,1351.1907973819948
8839.15971156827,0.02235530655233047,2942.756929848304,1351.199676836936
8839.196498549174,0.017677408136068055,2942.776000660785,1351.2068597358516
8839.231708036972,0.017701648505511265,2942.794253681955,1351.213734618198
8839.266327359439,0.022053790284885327,2942.8122007543802,1351.2204942662333
8839.307126031212,0.029406827418202573,2942.8333512757404,1351.2284604715771
8839.344425392692,0.0365389256388744,2942.852687712683,1351.2357434130681
8839.426394708304,0.051661650007933047,2942.895181590512,1351.2517484491798
8839.518097112059,0.06718101604520033,2942.942721218468,1351.269653928893
8839.644853143227,0.08656720576904037,2943.0084330686136,1351.2944038453616
8839.836437445496,0.11255650815384376,2943.107752674945,1351.331811874531
8840.119335283502,0.1459866236895051,2943.2544103190435,1351.3870494030984
8840.531040543714,0.18775458343217816,2943.467843286821,1351.467437286456
8841.125887269925,0.23880316421297976,2943.7762190093244,1351.5835844548353
8841.982567417363,0.29982063429429134,2944.2203323625017,1351.7508557228005
8843.210518293412,0.37039302133497654,2944.8569170044384,1351.9906188205607
8844.956743374372,0.44770903942904317,2945.7621813899486,1352.3315759042346
8847.405904482894,0.5242835976619221,2947.0318565928133,1352.80978104411
8850.74771718818,0.5841653270698204,2948.7642937340265,1353.4622733427693
8855.054259396287,0.5989678286840849,2950.9968592667424,1354.3031208496764
8860.282720552064,0.5249295835294008,2953.7073601438874,1355.323958083985
8863.14855091926,0.4323105534984409,2955.193043579157,1355.883494143479
8865.208323168528,0.33193712204906517,2956.260856288036,1356.2856494026069
8866.3219945574,0.2591178702886257,2956.8381980825993,1356.5030845004912
8867.129241877716,0.19279876204706242,2957.2566856682797,1356.6606924103007
8867.565346406189,0.1492470263916578,2957.4827679794867,1356.745837817103
8867.888256319522,0.11125049023560603,2957.650168721437,1356.8088829460091
8868.07354596135,0.08599706872945527,2957.74622530824,1356.8450589827874
8868.205024118131,0.06577711973644956,2957.8143853144215,1356.8707288283501
8868.31082856561,0.047581655427897086,2957.869235732439,1356.891386122121
8868.39222927395,0.032294174893943414,2957.911434931221,1356.9072788179121
8868.439139603852,0.023568517365765276,2957.9357538639006,1356.9164376014364
8868.474977033307,0.01839366185658336,2957.954332459253,1356.9234345085242
8868.510814462763,0.017251684870013422,2957.972911054656,1356.930431414898
8868.544646853405,0.020762249674699317,2957.9904502115783,1356.9370368564669
8868.572758462715,0.02549454074830189,2958.005023640144,1356.942525371254
8868.600441558698,0.03068727856597203,2958.019374921786,1356.9479302226064
8868.652503565756,0.0406084170790005,2958.0463645521686,1356.9580948146547
8868.734781540556,0.05548129776331951,2958.0890185385474,1356.9741587725334
8868.834037161325,0.0718616385757792,2958.14047396068,1356.9935374422578
8868.975861919094,0.09290235442501464,2958.2139977852316,1357.021227301785
8869.18900693913,0.12080317820006932,2958.3244949756795,1357.0628417051835
8869.50247969386,0.1564011861903858,2958.4870033907014,1357.1240440353617
8869.957328949433,0.20057685964123692,2958.7228032573544,1357.2128485756675
8870.613941328995,0.25427681621722376,2959.0631998089866,1357.3410450442607
8871.558574184106,0.31798329634243444,2959.5529100186727,1357.5254739768416
8872.910232767632,0.39079447005171963,2960.2536278295474,1357.7893692397568
8874.826658337215,0.4689154522105219,2961.2471284911885,1358.163526801497
8877.499863422727,0.543021018720524,2962.632954023567,1358.6854324734363
8881.100518113406,0.5940486838219634,2964.499582372158,1359.3884033671397
8885.995991627778,0.5869093887366066,2967.037463223063,1360.344155646103
8889.85400294863,0.5175931747269262,2969.0375100571755,1361.097352937403
8893.011422747026,0.4076310951103126,2970.674360917457,1361.7137680368503
8894.608467165863,0.3251543568358711,2971.5022913695525,1362.025552892632
8895.841305319538,0.24133576656008413,2972.1414122024617,1362.2662341938249
8896.452207379714,0.18927428675136115,2972.458112541087,1362.3854974720823
8896.941903625322,0.13908578505117256,2972.7119780677704,1362.4810982117426
8897.194630170887,0.10849295319885618,2972.842995121653,1362.5304365915476
8897.390806939855,0.08124333626068796,2972.944695964708,1362.5687350527514
8897.514042628429,0.061815933854882384,2973.0085831091424,1362.5927936359049
8897.615235104742,0.04402714050673546,2973.061042737352,1362.6125488453133
8897.685855362331,0.030644474230774054,2973.0976532899963,1362.626335617705
8897.73132694612,0.022352490407457,2973.1212264101773,1362.6352127627993
8897.768116826466,0.017675959110886232,2973.1402988110335,1362.6423950300682
8897.803328817676,0.017703336691699666,2973.158553211613,1362.6492692548236
8897.837925875281,0.02205379557640316,2973.176488821851,1362.6560234291333
8897.878730072374,0.029407849674361396,2973.1976423021733,1362.6639893848956
8897.916032491228,0.036540503712411555,2973.216980410547,1362.6712717089408
8897.998001140342,0.051662924344002534,2973.259474132823,1362.6872739463893
8898.089706301422,0.0671825299846564,2973.3070154027337,1362.705176979059
8898.216467933567,0.08656922995057617,2973.372730450251,1362.729923862603
8898.408060752057,0.11255912091902219,2973.472054915464,1362.76732731786
8898.690970241514,0.1459897417576671,2973.6187192553343,1362.8225579127547
8899.10269076146,0.18775795680437554,2973.8321610878047,1362.90293537551
8899.697557968844,0.23880638671827806,2974.1405488059186,1363.0190671847492
8900.554265169056,0.2998229237143202,2974.5846781674995,1363.1863158616586
8901.782250146882,0.3703928973590794,2975.221283330849,1363.42604567692
8903.528513867384,0.4477037900442727,2976.126571787797,1363.7669535307919
8905.977706043164,0.5242684007341872,2977.396268758584,1364.245085156389
8909.319493308363,0.5841320285224213,2979.128700429154,1364.8974639946478
8913.626522295936,0.5989026559690614,2981.361528247844,1365.7382668661564
8918.852862418207,0.5248503929582261,2984.070941587007,1366.7585207169973
8921.718096662213,0.4322281973470396,2985.556322571329,1367.3178477028875
8923.777058322872,0.33187640166232624,2986.6237197897285,1367.7197781450964
8924.890468340896,0.25906399366094934,2987.200928642121,1367.9371262383218
8925.697393044027,0.19276324204463227,2987.619250830517,1368.0946450955696
8926.133407652038,0.14921584886003464,2987.8452875260937,1368.1797588650963
8926.456193669894,0.11123018125236592,2988.0126247794437,1368.242769381315
8926.6414435657,0.08598007539308959,2988.108661186295,1368.2789316764972
8926.77287561882,0.06576576327130497,2988.1767975931803,1368.3045882771264
8926.878667903662,0.047571341328572,2988.2316419485574,1368.3252397805888
8926.96003935134,0.032288965566499524,2988.2738261648433,1368.3411241363854
8927.006943159276,0.023564972230104366,2988.298141824017,1368.3502801322652
8927.042781492788,0.018391500528646777,2988.316720970232,1368.3572760588302
8927.0786198263,0.017252694850782544,2988.335300116497,1368.3642719846928
8927.112459043878,0.020766562117099582,2988.352842890195,1368.3708776666858
8927.140578649227,0.02550123403406301,2988.3674205284965,1368.3763668348133
8927.168259691516,0.03069389326724065,2988.3817708089555,1368.3817703915597
8927.220368460617,0.040623670313965736,2988.4087848008917,1368.3919424311973
8927.30264926231,0.055495775729505065,2988.4514404414476,1368.4080042847613
8927.401935484353,0.07187949419665011,2988.502911955352,1368.4273857239443
8927.543819525692,0.0929264231306047,2988.5764668386187,1368.4550825778792
8927.757049378763,0.12083434042148224,2988.687008496524,1368.4967066612007
8928.070641064403,0.15644010337854428,2988.8495792858353,1368.5579220897012
8928.525657546477,0.20062408717055624,2989.0854668879388,1368.6467445943488
8929.182507814594,0.25433263289635993,2989.425988269533,1368.7749663126726
8930.127476497108,0.3180467454718562,2989.915874741692,1368.9594303260385
8931.479601509018,0.39086198414866274,2990.6168374519557,1369.2233730464388
8933.396655662486,0.46897846119556896,2991.610668367893,1369.5975915327467
8936.070654105495,0.543061904662486,2992.99691130312,1370.1195659523842
8939.672098357632,0.594035356012413,2994.863957198737,1370.8225750749307
8944.56971536035,0.5867720473260887,2997.402960435566,1371.7785883763556
8948.415359086372,0.5176424525671756,2999.396604494067,1372.5292476789152
8951.577808004893,0.40751376919310633,3001.0360697135543,1373.1465431726408
8953.1712039084,0.3252226020084593,3001.862112344538,1373.4575646721507
8954.406223445498,0.24125891863297166,3002.5023668427134,1373.6986322669752
8955.015616310326,0.1893249181743456,3002.8182861766045,1373.8175813939067
8955.506216768623,0.1390457500683576,3003.0726215737645,1373.9133429467
8955.758432677656,0.10851382413668009,3003.2033744788473,1373.9625735614595
8955.954855061738,0.08123094663163756,3003.3052030980925,1374.000913683347
8956.078067184148,0.06180616948218681,3003.3690783051175,1374.0249637207999
8956.179248978497,0.04401840574965632,3003.4215326252647,1374.044713605288
8956.249843574305,0.030640417628078773,3003.4581300346763,1374.0584931077078
8956.295310961257,0.022349710443303483,3003.4817010823353,1374.0673679778072
8956.33210369584,0.01767453080179757,3003.5007750463596,1374.074549624359
8956.367318177954,0.01770500602304414,3003.5190308181677,1374.0814232080056
8956.401893098693,0.022053776866128427,3003.5369550307946,1374.0881719537624
8956.44270192013,0.02940867273267102,3003.5581110010444,1374.0961375058387
8956.480006890197,0.03654178523763413,3003.5774505166532,1374.10341913366
8956.561974816292,0.0516639129089851,3003.619944050096,1374.1194186058794
8956.653682230157,0.06718370150630343,3003.667486695967,1374.137319142546
8956.78044836839,0.086570787880532,3003.733204367126,1374.1620628477863
8956.972048134881,0.11256112386366794,3003.8325328689807,1374.1994615262995
8957.254967035058,0.14599208490356483,3003.9792027293306,1374.2546849026887
8957.666699671527,0.18776037285197494,3004.192651777117,1374.3350515533818
8958.261582864212,0.2388084494053056,3004.5010491313774,1374.4511674468115
8959.118310708607,0.2998238434999466,3004.945191137672,1374.6183927439117
8960.34632075179,0.3703912190313184,3005.5818120785157,1374.8580881752932
8962.092610618605,0.44769689339704516,3006.48711804591,1375.1989453028905
8964.541817237046,0.5242516818014041,3007.7568280479513,1375.6770014908993
8967.883559091471,0.5840977709786062,3009.4892437333915,1376.3292647761893
8972.19102759893,0.5988378959156391,3011.7223091327155,1377.1700160777705
8977.415310378856,0.5247725708938722,3014.430667691812,1378.1897019234839
8980.27995797068,0.4321477321789397,3015.915750995097,1378.7488232607104
8982.33813287001,0.3318170272853171,3016.9827449732666,1379.150534692651
8983.451286265741,0.25901147888034054,3017.559823290793,1379.3677973214171
8984.257898059783,0.1927285383514364,3017.977985074719,1379.525229473789
8984.693824208345,0.14918547675392513,3018.20397689084,1379.6103121304373
8985.016490025677,0.11121035115923372,3018.371252555137,1379.6732889358912
8985.201700950409,0.08596351371872933,3018.467269174753,1379.7094377424453
8985.333088199264,0.06575467969279379,3018.535382649486,1379.7350814250608
8985.43886860599,0.04756127966553955,3018.590221084617,1379.7557272511535
8985.52021149618,0.03228388871032798,3018.6323906789266,1379.7716034496268
8985.56710896521,0.023561515530033387,3018.656703157225,1379.7807567191126
8985.602948201045,0.018389392646663488,3018.675282851698,1379.7877516839405
8985.638787436881,0.017253683734503172,3018.6938625462194,1379.794746648078
8985.672633364791,0.020770782250252355,3018.711408874658,1379.8013525654105
8985.700761080656,0.025507834478100535,3018.7259907807365,1379.8068424237588
8985.728440222334,0.030700438959709458,3018.740340138041,1379.812244730724
8985.780595215914,0.04063875335116775,3018.7673782105717,1379.8224241379246
8985.86287886079,0.055510099114407956,3018.8100355098345,1379.8384839342068
8985.962195360606,0.07189715759050957,3018.8615229432,1379.8578681308834
8986.104138071147,0.09295023240590186,3018.935108560179,1379.8855719314465
8986.317451863128,0.12086516350728611,3019.0456942122173,1379.9272056288455
8986.631161218951,0.1564785915699908,3019.2083267078074,1379.9884340697718
8987.086343151488,0.20067078564618443,3019.444301103677,1380.0772744248277
8987.743428767179,0.2543878095934023,3019.784945967686,1380.2055212330201
8988.68872965728,0.31810944033651894,3020.275006782201,1380.3900201044132
8990.041315998651,0.39092864481650696,3020.976211686154,1380.6540099798578
8991.958991697438,0.46904057043475506,3021.9703691190284,1381.0282890005865
8994.633774159101,0.543101968668445,3023.357024492083,1381.550331721222
8998.235996830032,0.5940215317497548,3025.2244819907087,1382.2533787664977
9003.13573266028,0.586635040376796,3027.76459460644,1383.2096507458366
9006.96913402857,0.5176900126272762,3029.7519005770278,1383.957799330567
9010.136531324528,0.40739723067500255,3031.3939381706577,1384.57596081652
9011.726320025962,0.325289464342211,3032.2181143066027,1384.886228098111
9012.963488211928,0.2411828361139309,3032.859485451496,1385.1276761128631
9013.571391988673,0.18937459518279953,3033.174634169175,1385.2463154308225
9014.062882852004,0.13900613193051856,3033.4294322596443,1385.3422353040128
9014.314595126521,0.10853426782481998,3033.559924631747,1385.3913596860252
9014.511259246885,0.08121864764608318,3033.6618790081866,1385.429740799839
9014.634447862229,0.06179649710514462,3033.72574230254,1385.4537823697528
9014.7356190893,0.044009752063173216,3033.7781913692743,1385.473527005865
9014.806188273276,0.030636397472131406,3033.8147757615952,1385.4872993260362
9014.851651499692,0.022346956300485107,3033.838344753394,1385.4961719525234
9014.888447052595,0.01767311786895527,3033.8574202602504,1385.5033529906138
9014.923664020323,0.017706662381727075,3033.875677398901,1385.5102259505734
9014.958216859744,0.02205373526067561,3033.893590240988,1385.5169692982977
9014.999029444494,0.02940930547261681,3033.9147482528915,1385.5249342999234
9015.036336482064,0.0365427834173569,3033.9340889232285,1385.5322151566738
9015.118303632644,0.051664628692427446,3033.976582236767,1385.5482118967852
9015.210012817275,0.06718454610660728,3034.0241260044095,1385.5661098916999
9015.336782416405,0.08657190068201358,3034.0898457514236,1385.5908502813604
9015.528387633542,0.11256254459129518,3034.189177504687,1385.6282439917097
9015.811313805085,0.1459936881938794,3034.3358517631787,1385.6834598809648
9016.223055557164,0.18776187488812068,3034.549306451257,1385.763815350684
9016.817950442863,0.23880940473475298,3034.857711188584,1385.8799148038133
9017.67469281313,0.2998234555748336,3035.3018626276007,1386.0471159781202
9018.902719294452,0.3703880565583564,3035.938494815894,1386.2867759884894
9020.649023380152,0.44768842375624573,3036.8438120285396,1386.6275809815315
9023.09822856904,0.5242335091815142,3038.113526718686,1387.105559924212
9026.439905946088,0.5840625967641178,3039.8459163779603,1387.7577056974505
9030.747768899788,0.5987735284909271,3042.0791957917054,1388.5983988687751
9035.970055055124,0.5246960510527048,3044.7865307954967,1389.6175314283732
9038.834124977644,0.4320690685759548,3046.2713209388944,1390.1764504066596
9040.891535830575,0.3317589343670532,3047.3379233536707,1390.577948387037
9042.004437111826,0.2589602617591497,3047.9148734205046,1390.7951270289266
9042.81074525304,0.1926946118634011,3048.332879559813,1390.9524747238115
9043.24658432811,0.14915587209312103,3048.558827194393,1391.03752677127
9043.569133467363,0.11119097709905368,3048.7260430802603,1391.1004707293969
9043.75430615784,0.08594736327767606,3048.8220402858706,1391.1366062902598
9043.885649840706,0.06574385600655294,3048.8901314641134,1391.1622373679174
9043.991418640235,0.04755145842999752,3048.9449641144956,1391.1828776254765
9044.072733643667,0.03227893781861561,3048.9871194306547,1391.1987458417755
9044.119624947263,0.023558143016823237,3049.01142881581,1391.2078964435989
9044.15546508328,0.018387335668554636,3049.0300090557744,1391.214890464922
9044.191305219298,0.01725465244625158,3049.0485892957863,1391.2218844855656
9044.225157745472,0.02077491416497834,3049.06613911933,1391.228490633612
9044.253293678661,0.02551434576080815,3049.0807253472904,1391.233981217195
9044.280971067052,0.030706918440325734,3049.0950738565257,1391.2393823176951
9044.333171769007,0.0406536730130971,3049.1221357398836,1391.2495690160545
9044.415458273135,0.05552427418167964,3049.164794702387,1391.265626800958
9044.514804740282,0.0719146365239407,3049.2162978898095,1391.2850137444736
9044.65680553064,0.0929737927281067,3049.289913928641,1391.3127244470322
9044.870202403534,0.12089566111534979,3049.400543120508,1391.3543676971055
9045.184028219775,0.15651666800099462,3049.563236681211,1391.4156090706592
9045.639373898619,0.2007169762769412,3049.799296967048,1391.5044671706212
9046.296692423632,0.2544423718773451,3050.140064020078,1391.6327389207852
9047.24232204765,0.31817141091528384,3050.630297333887,1391.8172724443307
9048.59536482494,0.3909944856862432,3051.331741834147,1392.0813091957887
9050.51365531299,0.4691018148337471,3052.3262221956766,1392.455648392239
9053.18921282571,0.5431412414898873,3053.713285237663,1392.9777590064514
9056.792203198884,0.5940072270937218,3055.5811486211624,1393.6808437063287
9061.694034141306,0.586498347070295,3058.1223581054537,1394.6373721448144
9065.51532388738,0.517735644897364,3060.103393534328,1395.3830382741037
9068.687583338056,0.4072813616198204,3061.7479586793397,1396.0020502549105
9070.273806959289,0.32535473904821327,3062.5702900685556,1396.3115725843645
9071.51308872793,0.2411074311817436,3063.2127596340806,1396.5533946806975
9072.1195238156,0.1894231856139999,3063.527148276518,1396.6717285767916
9072.61189033049,0.13896687684907746,3063.782401393276,1396.767804089383
9072.863106048006,0.10855421278526114,3063.9126368878287,1396.8168237809423
9073.060007711718,0.08120640385380054,3064.014714839851,1396.8552451548176
9073.183172852812,0.06178688147386279,3064.0785662328226,1396.8792783285776
9073.284333584803,0.04400114824261654,3064.131010078911,1396.8990177832204
9073.354877515008,0.030632399078597668,3064.167581532754,1396.9127829899535
9073.400336602497,0.022344217711637845,3064.1911484778034,1396.9216534007421
9073.437134946875,0.0176717150491772,3064.2102255119075,1396.9288338439253
9073.47235440235,0.01770831163616664,3064.2284840169123,1396.9357061986134
9073.506885141946,0.022053671517378335,3064.2463854771913,1396.942444163885
9073.547700657638,0.029409754222500643,3064.2675450973866,1396.9504084734435
9073.58500929501,0.03654350766246059,3064.286886678293,1396.9576884869623
9073.666975620294,0.05166508092574201,3064.329379742378,1396.973682527552
9073.758686109692,0.06718507480155904,3064.376924386033,1396.991577936945
9073.885458159833,0.08657258336854298,3064.4426456795914,1397.0163148790919
9074.077067380662,0.11256340272780642,3064.5419799254196,1397.0537034373456
9074.359998756361,0.1459945765710169,3064.6886574975015,1397.1089115814425
9074.771746724362,0.18776249372677653,3064.902116303884,1397.1892555159618
9075.366649155658,0.23880929003985704,3065.210526247111,1397.3053380252481
9076.22340013995,0.29982180401391056,3065.6546840150595,1397.4725143635135
9077.45143472334,0.37038345993106514,3066.291323073368,1397.712137957415
9079.197741502787,0.4476784340287076,3067.1966454770018,1398.0528894645684
9081.646929925644,0.5242139316224367,3068.466356793183,1398.5307894284126
9084.988524403278,0.5840265362465772,3070.1987107239866,1399.1828158146654
9089.296738292092,0.5987095400780313,3072.4321814016644,1400.0234445494182
9094.517086435211,0.5246207860542442,3075.138522991405,1401.0420380549153
9097.380587311343,0.431992142941873,3076.62302431358,1401.6007578551485
9099.43725604452,0.33170207659796214,3077.6892464362504,1402.0020477591022
9100.54990954106,0.2589102966116916,3078.266070445875,1402.2191438418567
9101.35592296589,0.19266143449467232,3078.6839255358345,1402.3764092525562
9101.79167629739,0.1491270078225452,3078.9098296583647,1402.4614311777257
9102.114112158684,0.11117204268058604,3079.076987513495,1402.5243431234483
9102.29924732388,0.08593160948790067,3079.172965664161,1402.5604656736216
9102.430548635512,0.0657332829057867,3079.24103515921,1402.5860844490178
9102.536306088976,0.04754186902602825,3079.2958621554185,1402.6067192435703
9102.61759385361,0.03227410813845466,3079.3380035255695,1402.6225796472527
9102.664479157842,0.02355485165208265,3079.3623099015417,1402.6317276380737
9102.700320191358,0.01838532778469132,3079.3808906839995,1402.638720733561
9102.736161224873,0.01725560159579844,3079.3994714665046,1402.6457138283797
9102.770020239752,0.020778960578015718,3079.4170247268635,1402.6523202025903
9102.798164487795,0.025520769586008456,3079.4316153260393,1402.657811544253
9102.82584026543,0.030713332613466263,3079.445963059847,1402.663211480298
9102.878086167822,0.040668431759682155,3079.473048488559,1402.6734053944556
9102.960375546207,0.05553830302419726,3079.515709118397,1402.6894612126232
9103.059751674622,0.0719319336101773,3079.567227896876,1402.7088508919812
9103.201809963608,0.09299710762216269,3079.6408740501342,1402.7365684518272
9103.415289071581,0.1209258378815923,3079.7515463341083,1402.7782211930207
9103.72923015565,0.15655433856129672,3079.9143003280747,1402.8394754190278
9104.184737900638,0.20076266633042608,3080.150445613115,1402.9283511576573
9104.842286931038,0.2544963285461473,3080.4913335804254,1403.0566477007646
9105.788241864191,0.3182326675906303,3080.9817375770485,1403.2412156688579
9107.141736252623,0.39105951852731063,3081.6834191136613,1403.505299014573
9109.060634868914,0.46916220685563975,3082.678218867351,1403.8796980236566
9111.736958591438,0.5431797346353335,3084.0656848783988,1404.4018761165619
9115.340706103956,0.5939924493003046,3085.9339485130718,1405.104998189166
9120.244608798888,0.5863619640684197,3088.4762425462623,1406.0617808805523
9124.053925724727,0.5177791177537209,3090.4510791691973,1406.8049943112921
9127.23095446127,0.407166058612332,3092.0981236004272,1407.424839968268
9128.813656639622,0.3254181990092015,3092.918632779787,1407.7336268775919
9130.055014092706,0.24103262547458226,3093.5621810728335,1407.9758161554848
9130.660001468488,0.1894705420563507,3093.8758204818973,1408.0938491178208
9131.153227729885,0.13892793570254766,3094.131520361373,1408.1900773606478
9131.403954139492,0.10857358047732178,3094.261502723213,1408.238993932936
9131.601088780899,0.08119418039642012,3094.3637018761865,1408.2774547605618
9131.724230456934,0.06177728755983727,3094.4275413669875,1408.301479603351
9131.825380723709,0.04399256330239934,3094.4799800033916,1408.3212139338746
9131.895899467223,0.030628407823835243,3094.5165385503014,1408.3349720772867
9131.941354422588,0.022341484485993,3094.5401034500983,1408.3438402968206
9131.97815554046,0.017670317147023336,3094.5591820005143,1408.351020159923
9132.013377493442,0.0177099596483772,3094.5774418753826,1408.3578919288022
9132.047886039054,0.022053586064678825,3094.595331903418,1408.364624511974
9132.088703671036,0.029410022847133167,3094.6164927077766,1408.3725879908725
9132.1260134503,0.03654396372458893,3094.6358349602183,1408.3798670904857
9132.207978902023,0.05166527522471811,3094.6783277461973,1408.3958584634051
9132.29969023994,0.06718529429449897,3094.7258730252843,1408.4137512442994
9132.426463752661,0.08657284507282424,3094.7915953473625,1408.4384846096834
9132.618075560968,0.11256371022473553,3094.8909313430977,1408.4758678356327
9132.901010117577,0.14599476523252625,3095.0376111673804,1408.5310679817608
9133.312761463416,0.18776224814422562,3095.251072602556,1408.6114000339655
9133.90766738089,0.23880812806025575,3095.5594856209154,1408.7274651059367
9134.764421192858,0.29981891566849067,3096.003646680189,1408.8946159091722
9135.992455719232,0.37037745962303975,3096.6402883244414,1409.1342021110136
9137.738753912417,0.4476669565297277,3097.5456099941725,1409.4748988078836
9140.187910559558,0.5241929790145464,3098.815310046949,1409.9527180937757
9143.529404109659,0.5839896082825056,3100.5476187555946,1410.604623254638
9147.837926385908,0.5986459233127969,3102.781258451659,1411.4451813851117
9153.056393862345,0.5245467466839305,3105.486636119492,1412.4632497478558
9155.919334076223,0.43191691656468045,3106.970852839283,1413.0217734670268
9157.97528214079,0.3316464251938332,3108.036705697611,1413.4228605482135
9159.087692063831,0.2588615555795614,3108.613405783593,1413.6398754618513
9159.893419516347,0.1926289887430774,3109.031114320917,1413.7970607128618
9160.329088396144,0.1490988674134978,3109.2569755817603,1413.8820529895593
9160.651414305705,0.11115353772849382,3109.424077116006,1413.9449337388992
9160.836512636564,0.08591624339624486,3109.5200365616975,1413.9810435074485
9160.967772745162,0.06572295462992529,3109.5880849732703,1414.0066502762968
9161.073519107573,0.047532506140657224,3109.642906442849,1414.0272797108232
9161.15478026796,0.03226939659286863,3109.6850341922977,1414.0431324677215
9161.201659733533,0.023551639559895973,3109.7093376403323,1414.052277902548
9161.237501661159,0.01838336789132082,3109.7279189619694,1414.0592700892878
9161.273343588784,0.01725653148309733,3109.7465002836525,1414.0662622753698
9161.307208983273,0.020782922857000192,3109.7640569228206,1414.072868870886
9161.335361632402,0.02552710564021715,3109.7786519367255,1414.0783610009253
9161.363035937818,0.030719680416284843,3109.792998965713,1414.0837598133867
9161.415326527156,0.04068302753690569,3109.820107671488,1414.093960866366
9161.497618792804,0.05555218341142647,3109.8627699718304,1414.1100147610339
9161.597024271809,0.07194904612040227,3109.9143041760967,1414.1294071631773
9161.739139469002,0.0930201734045989,3109.9879801317466,1414.1571315321817
9161.95269995353,0.12095568908958808,3110.098695053796,1414.198793698021
9162.26675509493,0.15659159737747924,3110.261508840288,1414.2600606892076
9162.722423200283,0.20080784862963733,3110.4977382210627,1414.3489539500235
9163.380200295369,0.25454967101390663,3110.8387458096777,1414.4772751222974
9164.326477060547,0.31829320041938364,3111.3293186467026,1414.6618773062198
9165.680418162354,0.39112373244940296,3112.0312346235787,1414.9260069345742
9167.599918146572,0.46922173573056103,3113.0263501838817,1415.3004653516375
9170.276999110762,0.5432174397496694,3114.414214401727,1415.8227104525165
9173.881493069759,0.5939771966204251,3116.2828725910967,1416.5258695483024
9178.787443901903,0.5862259064736053,3118.8262387270433,1417.482904181415
9182.58493745692,0.5178201793790185,3120.7949538071907,1418.223696670079
9185.766634832145,0.4070512336383012,3122.4444252299327,1418.8443576439638
9187.345861428974,0.3254795958222567,3123.2631358921226,1419.152419070386
9188.589253348135,0.24095835048720546,3123.907741499449,1419.3949679735706
9189.192814851554,0.1895165025303747,3124.2206429651815,1419.5127046469972
9189.686883602379,0.1388892642542804,3124.4767806433097,1419.6090824438772
9189.93712821994,0.10859228566037764,3124.606513756012,1419.6578975156592
9190.13449084378,0.08118194316353136,3124.7088315127826,1419.696396905282
9190.257609043265,0.0617676806817252,3124.772659090069,1419.7204134767117
9190.358748832647,0.04398396659242639,3124.8250925060856,1419.7401427310112
9190.429242366836,0.030624409194097393,3124.8616381311945,1419.753893842815
9190.474693181986,0.022338746546980016,3124.8852009795755,1419.7627598920708
9190.511497063997,0.01766891905427071,3124.9042810398823,1419.7699391911585
9190.546721532031,0.017711612250571218,3124.9225422922095,1419.776810394784
9190.58120771268,0.022053479019974346,3124.9404207977846,1419.7835375807774
9190.622026653307,0.02941011281496617,3124.96158236586,1419.7915000913706
9190.659337120345,0.036544153802223596,3124.9809250528115,1419.7987782067314
9190.74130165059,0.05166521369562915,3125.0234175323217,1419.8147669429043
9190.833013384454,0.06718520710274502,3125.0709632082794,1419.8326570519628
9190.95978737932,0.0865726892191889,3125.1366860451594,1419.8573867114414
9191.151400370509,0.1125634715804364,3125.2360230544095,1419.894764424941
9191.434336101454,0.14599425992035,3125.382704078502,1419.94995632028
9191.846088010283,0.1877611452438035,3125.596166665524,1420.0302761428327
9192.440993387745,0.23880592741524587,3125.9045806462254,1420.146323283624
9193.297744288267,0.29981480073073374,3126.3487419847806,1420.3134478521486
9194.525770665194,0.37037006723746774,3126.9853819670084,1420.5529956851308
9196.272049084224,0.447654003629358,3127.8906970279027,1420.8936362450634
9198.721159068593,0.5241706629465834,3129.160377994501,1421.3713731493654
9202.062533815142,0.5839518205900119,3130.89263207039,1422.0231552370485
9206.371322316763,0.5985826769473725,3133.1264187444767,1422.8636366229166
9211.587966016281,0.5244739213334765,3135.8308617536013,1423.8811935943206
9214.450353830774,0.4318433748345432,3137.314798030792,1424.439524269681
9216.505602505038,0.3315919683382436,3138.380292565811,1424.840413720295
9217.617773004758,0.2588140280681163,3138.9568708315583,1425.0573488288144
9218.423223160013,0.1925972673530682,3139.374437278304,1425.2144560202746
9218.858808859328,0.14907144452665536,3139.600256317698,1425.2994191128166
9219.181028116325,0.11113545808521938,3139.767303227332,1425.3622694721842
9219.366090295272,0.08590126149920337,3139.8632443138486,1425.3983666841732
9219.497310358902,0.06571286884979428,3139.9312722365894,1425.4239617384678
9219.603045882703,0.04752336763619052,3139.986088305891,1425.444585914139
9219.684281069074,0.03226480171671419,3140.0282027578173,1425.4604311881717
9219.731154853265,0.023548505988423202,3140.0525033574418,1425.4695741207563
9219.766997670726,0.018381455567538195,3140.0710852145285,1425.476565415236
9219.802840488186,0.017257442103619715,3140.0896670716606,1425.4835567090684
9219.83671215162,0.02078680104707449,3140.107227030861,1425.4901635203378
9219.864873274404,0.025533351562595875,3140.12182649596,1425.4956564660506
9219.892546242765,0.03072595875559725,3140.1361728890224,1425.501054194796
9219.944880985895,0.040697453643282984,3140.163304593435,1425.5112623052703
9220.02717614877,0.055565908645701934,3140.2059685659765,1425.5273143180968
9220.126610653777,0.0719659658091672,3140.2575180236745,1425.5467094261353
9220.268782141502,0.09304297894637398,3140.331223455723,1425.5744405492846
9220.482423105694,0.12098520036553041,3140.4419805421835,1425.6161120634483
9220.796591039827,0.15662842643572392,3140.6048534527945,1425.6773917184992
9221.25241772288,0.20085250108917876,3140.841165986525,1425.766302364951
9221.910420331707,0.25460237275220854,3141.1822918471157,1425.8946479737829
9222.857015295156,0.31835297850008587,3141.6730316020653,1426.079284103711
9224.21139799295,0.3911870931929051,3142.3751793109022,1426.3434596451364
9226.131492284434,0.469280366734501,3143.3706069388936,1426.717976985473
9228.809321133074,0.5432543280246278,3144.758864402822,1427.2402885176493
9232.414550425881,0.5939614581478283,3146.6279112371935,1427.9434841642474
9237.322524901281,0.5860902086295499,3149.172336580046,1428.9007682032727
9241.108357721794,0.517858560176817,3151.135014224259,1429.6391740024574
9244.294614247208,0.4069368151056186,3152.7868557630213,1430.2606301877572
9245.870414044908,0.32553866181423036,3153.6037931177934,1430.5679766103276
9247.115795430855,0.24088454808276158,3154.2494326670685,1430.8108768370814
9247.717954040207,0.18956089181164146,3154.5616080709588,1430.9283220773727
9248.21284648241,0.13885082345284877,3154.818173785199,1431.0248459485185
9248.462617183037,0.10861023708497061,3154.947661719006,1431.0735612042906
9248.660202311192,0.08116965904394706,3155.050095232282,1431.112098168432
9248.783297005253,0.06175802672744699,3155.113910875854,1431.1361065232354
9248.884426263574,0.04397532799432746,3155.1663390394015,1431.1558307399068
9248.954894477922,0.030620388881387038,3155.20287168237,1431.1695748338075
9249.000341129886,0.022335993998426375,3155.2264324655134,1431.1784387303176
9249.037147775007,0.01766751578238987,3155.2455140336565,1431.1856174826512
9249.07237478354,0.017713275206440355,3155.263776675177,1431.1924881427053
9249.106838350861,0.022053350207675054,3155.2816435280033,1431.1992099009246
9249.14765778906,0.029410023268267547,3155.3028054376164,1431.2071713044904
9249.184968487732,0.03654407665077865,3155.3221483210505,1431.2144483644595
9249.266932047836,0.05166489504761347,3155.3646404654414,1431.2304344936983
9249.35864372284,0.06718481168990344,3155.4121862986667,1431.2483218861087
9249.485417214397,0.08657211370500677,3155.4779091341793,1431.2730477081532
9249.67702997702,0.1125626840817758,3155.57724641723,1431.3104197255866
9249.959964865855,0.1459930572130287,3155.7239275839643,1431.3656031122348
9250.371714508872,0.18775918081664286,3155.937389839153,1431.445910350471
9250.966615300002,0.2388026830189836,3156.2458026596905,1431.561939055635
9251.823357521322,0.299809453231694,3156.6899612516786,1431.7290366745917
9253.051367616079,0.3703612760783054,3157.3265953045147,1431.9685451403
9254.797615017602,0.4476395683914089,3158.231897855005,1432.3091282062353
9257.246663379892,0.5241469773682309,3159.5015518781724,1432.7867809836791
9260.58790136309,0.5839131701349538,3161.233741871344,1433.4384380962426
9264.8969137513,0.5985198057238548,3163.4676533965408,1434.2788365163758
9270.111790895555,0.524402315449016,3166.1711911892844,1435.2958958438696
9272.973634564903,0.4317715265258654,3167.6548511828464,1435.8540364760684
9275.028205248253,0.3315387106409619,3168.7199984011204,1436.2547334850717
9276.14014046899,0.2587677202276686,3169.2964569484457,1436.4715901376765
9276.94532205281,0.19256627298554427,3169.713885794076,1436.6286213690869
9277.38082583886,0.1490447427065424,3169.9396632507373,1436.7135557357108
9277.702941760901,0.11111780542033504,3170.106657242023,1436.7763765109187
9277.887968471001,0.0858866655748845,3170.202580315732,1436.8124613892737
9278.019149653506,0.06570302656220572,3170.270588347457,1436.8380450204502
9278.12487459201,0.047514454453394764,3170.3253991434176,1436.8586640373394
9278.206084439142,0.03226032359854986,3170.3675006234635,1436.8745019922735
9278.252952697618,0.023545451274748143,3170.391798453432,1436.8836424754888
9278.288796399553,0.018379591054903242,3170.410380841721,1436.890632893569
9278.324640101488,0.01725833315265767,3170.428963230054,1436.897623311012
9278.358517919582,0.020790593890886194,3170.4465264486716,1436.9042303314018
9278.386687572212,0.02553950290828913,3170.4611303929746,1436.9097241165712
9278.414359335775,0.030732162440219278,3170.4754762175357,1436.9151208005653
9278.466737665327,0.04071169858094189,3170.5026306244768,1436.9253358800381
9278.549035731257,0.055579467418814046,3170.5452962688714,1436.9413860509223
9278.648498914166,0.07198267873466509,3170.59686079557,1436.960783842295
9278.790726028881,0.09306550543268399,3170.67059535441,1436.9885216541168
9279.00444651099,0.12101434737123698,3170.7813940982396,1437.0302024253494
9279.318725881745,0.15666479519313262,3170.9443254174857,1437.091494621729
9279.774709229938,0.20089658623399537,3171.1807200945827,1437.1804224870286
9280.432934615681,0.25465438873441715,3171.521962782219,1437.308792296476
9281.379843879215,0.31841194932088945,3172.012867396631,1437.493462040818
9282.734662684592,0.3912495424092649,3172.715243938356,1437.7576830387786
9284.65534371543,0.46933804049209366,3173.7109796343793,1438.132258698
9287.333910432362,0.5432903496520534,3175.099625045193,1438.6546359272172
9290.939863227293,0.5939452136606432,3176.9690542463645,1439.357867472441
9295.849835329194,0.5859549250377311,3179.5145251163945,1440.3153980331138
9299.624185706367,0.5178939762343908,3181.4712575545154,1441.0514543737092
9302.81488208689,0.4068227494176114,3183.125407252411,1441.6736837321805
9304.38730746973,0.3255951130512574,3183.94059837947,1441.9803263050908
9305.634629120563,0.24081117139853278,3184.5872463205933,1442.2235687267016
9306.23540921973,0.18960352339557998,3184.8987082738718,1442.3407276528114
9306.731104841627,0.1388125799752743,3185.155691373664,1442.4373937814353
9306.980409948907,0.10862733853037596,3185.2849384317315,1442.486010988924
9307.178211572374,0.08115729634029756,3185.3874845791725,1442.5245844351205
9307.301282718543,0.06174829253605865,3185.451288261934,1442.5485846239412
9307.402401351648,0.04396661826172742,3185.503711120063,1442.5683038325178
9307.472844050595,0.030616332941851978,3185.540230676553,1442.582040904804
9307.518286501698,0.022333217233944134,3185.563789373071,1442.5909026627103
9307.555095916845,0.01766610251744381,3185.5828724511566,1442.5980808866823
9307.590325499237,0.017714954146852386,3185.601136497749,1442.6049510259888
9307.624766127907,0.022053199180195358,3185.6189915276823,1442.6116673104261
9307.665585239067,0.029409751112306527,3185.6401533496796,1442.619627465208
9307.702895705655,0.0365437277182997,3185.659496187683,1442.626903396783
9307.78485824511,0.051664314721079595,3185.701987967449,1442.6428869476074
9307.876569398557,0.06718410262070282,3185.7495337143528,1442.660771576009
9308.003341383805,0.08657111111145364,3185.8152560233816,1442.6854934243065
9308.194952481746,0.11256133807451969,3185.9145928279536,1442.7228595551826
9308.477884476773,0.14599114488786116,3186.0612730622192,1442.7780341653076
9308.889628975421,0.18775633978120065,3186.2747334765772,1442.858328450404
9309.484521062557,0.2387983766191769,3186.5831429781547,1442.9743381951382
9310.341248735116,0.29980285165929066,3187.0272957459492,1443.1414081205348
9311.569234271394,0.3703510618291422,3187.6639195290186,1443.380876179238
9313.31543921429,0.4476236252850111,3188.56920356705,1443.7214003365916
9315.764410732732,0.5241218991841424,3189.838822656327,1444.1989671640702
9319.105493683888,0.5838736435392122,3191.5709389606045,1444.850497302739
9323.414686904518,0.5984573201957636,3193.804952843996,1445.690806351661
9328.627855807037,0.5243319508318739,3196.5076154355356,1446.7073819290342
9331.489163682894,0.43170140290878106,3197.9910033584706,1447.2653355039076
9333.543078179224,0.3314866724556887,3199.0558144789293,1447.6658453131356
9334.654782311509,0.258722654320414,3199.6321554349647,1447.8826248548148
9335.459704216124,0.19253601780304108,3200.0494512562514,1448.039582247912
9335.895127367721,0.14901877500396774,3200.2751877754436,1448.1244883439883
9336.217143334725,0.11110058698945893,3200.442130587364,1448.1872803489384
9336.402135268376,0.08587246247789909,3200.5380359997007,1448.2233531162135
9336.533278754709,0.06569343195325379,3200.6060247493338,1448.24892561819
9336.638993365375,0.04750577048779927,3200.660830401169,1448.2695395759536
9336.720178521145,0.03225596380746947,3200.7029192418713,1448.2853703771057
9336.76704140966,0.023542476800924552,3200.7272143810383,1448.2945084632922
9336.802885989406,0.018377775231688848,3200.745797295649,1448.3014980201783
9336.838726332568,0.017259011234949807,3200.764378013929,1448.3084867503192
9336.87260959017,0.02079357704054611,3200.781944119881,1448.3150938556673
9336.900786182423,0.025544377575142357,3200.7965517178786,1448.320588182721
9336.928457189959,0.030737111431677892,3200.810897205486,1448.325983922323
9336.980870357927,0.04072306521242843,3200.83806977781,1448.3362042866286
9337.063170718327,0.05559026664521123,3200.8807367752775,1448.3522525347396
9337.162656833785,0.07199598219488706,3200.932313388559,1448.3716519333966
9337.30492844868,0.09308343129475914,3201.0060713002667,1448.3993943266614
9337.51871258353,0.12103752602361999,3201.1169034682744,1448.4410813553975
9337.833081012832,0.15669365915444392,3201.2798815825977,1448.5023818681277
9338.289189342657,0.20093145498405698,3201.51634195982,1448.5913209755652
9338.947592152861,0.25469531636806725,3201.857677937069,1448.7197064330303
9339.894751215128,0.3184579642853079,3202.348713935015,1448.9043976331113
9341.24991560624,0.39129754913017506,3203.05127232814,1449.168647036076
9343.171059332699,0.46938091579343366,3204.0472517100543,1449.543257678024
9345.850202109938,0.5433137382729696,3205.4362010780114,1450.0656702442961
9349.456698358794,0.5939233111352801,3207.3059191631996,1450.7689041981066
9354.368278772696,0.5858315359830555,3209.8522335411717,1451.726607509589
9358.132840783594,0.5179152065455291,3211.8038988401454,1452.4606471075826
9361.327192243056,0.4067196377179444,3213.459949736727,1453.083497823144
9362.896729462016,0.32563719160577886,3214.27364664833,1453.3895322708988
9364.145653898096,0.24074529465955546,3214.9211279799656,1453.633051542472
9364.74525752554,0.18963625567864378,3215.231981196549,1453.7499639022315
9365.241616962314,0.13877811444334653,3215.48930941452,1453.846745294676
9365.490524370549,0.10863995426153593,3215.618350783717,1453.895277832708
9365.688503310117,0.0811456244133324,3215.720989246679,1453.933880199529
9365.811553037636,0.061738975501530506,3215.784782067563,1453.957872695065
9365.912661441858,0.04395829769378214,3215.837199821726,1453.9775870195904
9365.983079834728,0.030612448235676104,3215.8737069158174,1453.9913173396797
9366.028518213605,0.02233056739202263,3215.897263590595,1454.0001770050462
9366.065330269774,0.017664756075714525,3215.916348110307,1454.0073546921433
9366.100562337846,0.017716560382731884,3215.9346135148817,1454.0142243094394
9366.134980927736,0.022053034201609093,3215.9524571869983,1454.020935312593
9366.17579901024,0.029409329381480685,3215.9736185560346,1454.0288941004364
9366.21310887577,0.03654315824718362,3215.992961155852,1454.0361688487142
9366.295070356016,0.05166352249764149,3216.035452547776,1454.052149851069
9366.386780612816,0.0671831395162333,3216.0829980102935,1454.0700316842076
9366.513550279571,0.08656976267148143,3216.148719366787,1454.094749458333
9366.7051585484,0.11255953965152368,3216.2480550816645,1454.1321095631365
9366.988085986533,0.14598865770190453,3216.3947335101343,1454.1872752017223
9367.399823008693,0.18775278872863282,3216.608190858419,1454.267556267088
9367.994703056815,0.23879321028968878,3216.916595288653,1454.3835466729565
9368.851411427697,0.29979523503628985,3217.3607397344913,1454.5505883695412
9370.079365705198,0.37033969638175934,3217.9973497258547,1454.7900152759137
9371.825518928852,0.4476064635041481,3218.9026103817746,1455.1304795169049
9374.274401287945,0.5240956976257134,3220.1721880561568,1455.607959112167
9377.615314438368,0.5838334149561066,3221.9042228836447,1456.259360925145
9381.924653559643,0.5983951594180501,3224.1383208479174,1457.0995757376345
9387.136161766452,0.5242626081673433,3226.840132677764,1458.1156792947036
9389.996940778323,0.43163269217347733,3228.3232520091797,1458.6734484880417
9392.050216879734,0.3314356356683786,3229.38773617347,1459.0737755319217
9393.161693401298,0.2586786048519257,3229.963961297136,1459.290479155876
9393.966362880376,0.19250636960277245,3230.3811278223725,1459.447364503023
9394.40170646533,0.14899340806897407,3230.6068239404826,1459.5322427378153
9394.723625235509,0.11108372491252727,3230.773716990107,1459.5950066612568
9394.908582965518,0.08585858106916826,3230.869605030726,1459.6310675145655
9395.039689724035,0.06568404051594116,3230.9375749950627,1459.6566291374481
9395.145394218594,0.04749727444385191,3230.9923756084017,1459.677238125637
9395.226555212086,0.03225170145088718,3231.034452080812,1459.6930619141883
9395.273412861572,0.023539567956521058,3231.058744595221,1459.7021976503163
9395.309258314817,0.018375999214532947,3231.0773280325316,1459.709186361283
9395.345094087626,0.017259617529294426,3231.0959064512354,1459.7161731842577
9395.378982512695,0.020796282058944276,3231.113475302195,1459.7227803364956
9395.407165549572,0.025548822868717472,3231.128086296199,1459.728275121235
9395.434835974858,0.030741642654059157,3231.14243153587,1459.733669962848
9395.487281053476,0.0407334703407324,3231.1696207538334,1459.7438950628111
9395.569583520788,0.05560014664123683,3231.212289003958,1459.7599413885641
9395.669090653577,0.07200814944822798,3231.263876707149,1459.7793420646515
9395.811403064095,0.09309982397694226,3231.3376560458255,1459.8070883787004
9396.025245562043,0.12105871464661402,3231.4485188876592,1459.848780726387
9396.339695590323,0.15672001991785264,3231.6115399179516,1459.9100882377375
9396.795918344353,0.20096324896059173,3231.8480605048157,1459.9990367274252
9397.454483468304,0.25473254365329434,3232.1894819130034,1460.1274351734182
9398.40187083725,0.3184996536135302,3232.6806381166307,1460.3121440514872
9399.757350646378,0.39134072969395584,3233.383362670172,1460.5764165683615
9401.678915712604,0.4694188374606631,3234.379564225322,1460.9510549683666
9404.358580550086,0.543332879737955,3235.768789453849,1461.47349351559
9407.965559903845,0.593899462433003,3237.6387649992353,1462.1767197011613
9412.878617987039,0.5857119959438029,3240.185854972996,1463.1345724044204
9416.633994599408,0.5179306623373853,3242.1327655483196,1463.8667150547353
9419.83170488899,0.40661995965502773,3243.790563950332,1464.490130591189
9421.39852660938,0.32567357769315464,3244.6028560905415,1464.7955914404342
9422.64892730605,0.2406818316971042,3245.251105176613,1465.0393633615606
9423.247427151233,0.18966509255545,3245.5613873136167,1465.1560436602533
9423.74439809107,0.13874484929764716,3245.819033513209,1465.2529303017554
9423.992932262474,0.10865077216672962,3245.9478818644966,1465.301383072858
9424.191073664866,0.081134102631047,3246.050604935676,1465.3400115427912
9424.314102593962,0.061729723132599036,3246.114387211445,1465.3639965220186
9424.41520081612,0.04395004037828969,3246.1667998820126,1465.3837060172652
9424.485595117154,0.030608588308637663,3246.2032946219897,1465.3974296596878
9424.531029434529,0.022327937461842657,3246.226849278835,1465.406287255087
9424.56784409968,0.017663421914301463,3246.2459352221667,1465.4134644153196
9424.603078649949,0.01771815652510289,3246.264201981583,1465.4203335254867
9424.637475247304,0.02205285157307523,3246.2820343184567,1465.4270392729613
9424.678291581096,0.02940875025374951,3246.303194859668,1465.4349965717379
9424.715600449259,0.03654235517406141,3246.3225370144114,1465.4422700761181
9424.797560827437,0.05166250547978066,3246.36502799314,1465.4582485582325
9424.889269790006,0.06718190698727541,3246.412572961644,1465.476127559517
9425.01603627645,0.08656804740186881,3246.478292913958,1465.5008411480758
9425.207640481487,0.11255726146969011,3246.577626891713,1465.538195071637
9425.4905615992,0.1459855610154048,3246.7243025892967,1465.5933515211898
9425.902288671487,0.18774848496982338,3246.937755573477,1465.6736190684717
9426.497153143435,0.23878713248150635,3247.2461530758355,1465.789589711526
9427.353837171779,0.29978654280625583,3247.6902865536067,1465.9566025791169
9428.581753084749,0.37032711162042103,3248.3268790224574,1466.1959874961744
9430.327844770132,0.4475880120840045,3249.232111139015,1466.5363906862053
9432.776624916109,0.5240683096527173,3250.5016405374267,1467.0137815978444
9436.117352628908,0.5837924505293429,3252.233585653777,1467.665053529475
9440.4268005808,0.5983333586461113,3254.467748317636,1468.5051687807722
9445.636698959604,0.524194362729062,3257.1687355536124,1469.5208126332689
9448.496956499352,0.4315654947151969,3258.6515900155805,1470.0784001793832
9450.549613236737,0.3313856696056993,3259.7157570100217,1470.4785491097362
9451.660865844635,0.2586356427724689,3260.2918681752126,1470.6951780395705
9452.465290657086,0.19247736992287712,3260.7089093955847,1470.8519932221648
9452.900555808601,0.1489686835931247,3260.9345656833952,1470.9368440128871
9453.22238033136,0.11106724362137767,3261.101410487295,1470.9995805770748
9453.407304467994,0.08584504356674993,3261.197281465482,1471.0356297187857
9453.538375533673,0.06567486621109156,3261.2652331760123,1471.0611807241519
9453.644070138202,0.047488979229027325,3261.3200288640414,1471.0817848339668
9453.72520753734,0.03224754267428677,3261.362093259442,1471.097601757736
9453.772060084286,0.02353672931129314,3261.3863832180687,1471.106735191345
9453.807906404882,0.018374265817831574,3261.404967173546,1471.113723070932
9453.843737729532,0.017260211313384035,3261.423543354656,1471.1207080266026
9453.877631225649,0.020798930110259184,3261.4411148993804,1471.127315221568
9453.905820692491,0.025553195737073618,3261.4557292807553,1471.1328104731858
9453.93349060459,0.03074611074427862,3261.470074307249,1471.1382044424922
9453.985967128245,0.04074372530933362,3261.497279927612,1471.1484342086487
9454.068271696437,0.05560988691144383,3261.5399494241756,1471.164478646995
9454.167799553794,0.07202014332325422,3261.5915480618323,1471.1838805860802
9454.310152200036,0.09311598267496575,3261.665348532007,1471.21163077214
9454.524052251474,0.12107959813458422,3261.7762416201135,1471.2533283718315
9454.838582738585,0.15674599560300978,3261.939304963765,1471.3146427934007
9455.294918308533,0.2009945689090779,3262.1758849097546,1471.4036005462233
9455.953643445779,0.25476919886373955,3262.517390532099,1471.5320118130203
9456.901255847339,0.3185406711100306,3263.0086652092755,1471.7167381348397
9458.257046470124,0.39138315454962386,3263.7115534864474,1471.9810334464607
9460.179026539006,0.46945597098913383,3264.707973858918,1472.3556991900664
9462.859205083767,0.5433513187863654,3266.097470519036,1472.8781632373314
9466.466657827668,0.5938752284812296,3267.9676983549034,1473.5813813157795
9471.381172308355,0.5855928761145484,3270.5155527184306,1474.5393813326805
9475.127514178559,0.5179436442087986,3272.45778650031,1475.269658558168
9478.328485372907,0.40652046968483446,3274.1172815336513,1475.893621034552
9479.892634035792,0.3257077160541908,3274.9281908367375,1476.1985173930673
9481.144470304713,0.24061859894232981,3275.5771865421652,1476.442534494827
9481.74188553919,0.18969242437389186,3275.886907512343,1476.5589867918297
9482.239451084406,0.13871167298674464,3276.1448629170877,1476.6559755708467
9482.48761851267,0.10866085286021751,3276.273521606369,1476.7043499698632
9482.685917380815,0.08112247932493627,3276.3763266883734,1476.7430036460396
9482.808925469946,0.061720364581840825,3276.440098392844,1476.7669811555804
9482.910013383429,0.043941689116884335,3276.4925059103844,1476.7866858414468
9482.98038332994,0.03060468197205174,3276.5289881573567,1476.8004027869854
9483.025813536815,0.022325275847449196,3276.552540769166,1476.8092583228702
9483.062630824777,0.01766207387738954,3276.571628141932,1476.8164349748126
9483.09786789564,0.017719772893703814,3276.5898962747965,1476.823303600534
9483.132242128222,0.0220526484372361,3276.607717082086,1476.8300040359698
9483.173055940979,0.029408000460990225,3276.628876393551,1476.8379597129967
9483.210363379141,0.03654129824935442,3276.6482178775395,1476.845231905442
9483.292322605963,0.05166124370079786,3276.6907084144727,1476.8612078934432
9483.384029841929,0.06718038119303914,3276.7382526613987,1476.8790840185798
9483.5107922096,0.08656593279531503,3276.803970718284,1476.9037932939889
9483.702391007508,0.11255446112925586,3276.9033022553604,1476.9411408580675
9483.985303885818,0.1459818010400233,3277.0499742166685,1476.996287867993
9484.397018316296,0.1877433621117569,3277.2634214258383,1477.0765415521564
9484.991863361885,0.238780062819929,3277.5718099821274,1477.1924919415333
9485.848517560473,0.29977668018496323,3278.0159296152115,1477.3594752844451
9487.076387374096,0.3703132002746647,3278.652500505899,1477.5988172403981
9488.822406833237,0.44756815796337546,3279.5576984771815,1477.9391580581434
9491.271070559169,0.5240396321508656,3280.827172143273,1478.416458585592
9494.611595823357,0.5837506884228777,3282.5590186052705,1479.0675987789239
9498.92111227769,0.598271956333167,3284.793224902663,1479.9076084680064
9504.129456376804,0.5241273140522249,3287.4934161452147,1480.9228057840073
9506.989200442602,0.4314999483512252,3288.9760097772823,1481.4802145047227
9509.041258590198,0.33133686931307477,3290.0398702943635,1481.8801902897208
9510.152291276678,0.25859386659396716,3290.615869529238,1482.0967457945903
9510.956479893663,0.19244907599807692,3291.032789806111,1482.2534928236485
9511.39166783147,0.14894465961564946,3291.2584068797432,1482.338316599729
9511.713401325687,0.11105117686343911,3291.4252050945634,1482.4010265757788
9511.898292530039,0.08583188085867612,3291.5210593461557,1482.4370642161796
9512.029329031415,0.06566592834337857,3291.5889933830194,1482.462604882367
9512.135013991738,0.04748090273512554,3291.643784269278,1482.4832042077453
9512.216128418026,0.03224349606919293,3291.6858369068204,1482.4990144240853
9512.262976007065,0.023533967198611724,3291.710124382914,1482.508145603806
9512.29882318655,0.01837257893594888,3291.728708850862,1482.5151326657376
9512.334650194247,0.01726079117362281,3291.7472828610703,1482.522115795338
9512.368548652108,0.02080151474424186,3291.764857041673,1482.5287230260271
9512.39674451303,0.02555748448645371,3291.7794747908065,1482.534218749299
9512.424413981404,0.030750503524593666,3291.7938196391215,1482.5396118717692
9512.476921401278,0.04075380253832073,3291.821041375556,1482.5498462179805
9512.559228056874,0.05561946074348715,3291.86371210857,1482.565888801582
9512.658776290496,0.07203193085096413,3291.9153214965563,1482.5852919774413
9512.80116850463,0.09313186289961291,3291.9891427469447,1482.6130459643464
9513.015125146563,0.12110011883750803,3292.100065574466,1482.654748717155
9513.329734736024,0.15677151377998094,3292.263170517028,1482.716069915361
9513.78618120694,0.20102532590872202,3292.4998088131015,1482.8050367480494
9514.445063617986,0.2548051750586472,3292.841397205871,1482.9334605760223
9515.392897153624,0.3185808918984139,3293.3327883016736,1483.1182039765267
9516.74899310951,0.391424684651542,3294.035837412808,1483.3825215799045
9518.671380644837,0.4694921742745829,3295.032472626971,1483.7572140004086
9521.352062982545,0.5433689348709265,3296.4222354829517,1484.2797027365505
9524.95997767734,0.5938505570222714,3298.2927095492296,1484.982911997621
9529.875923597068,0.5854742965877577,3300.8413151900777,1485.9410564852942
9533.613400304217,0.5179539476539344,3302.7789599247367,1486.669503434686
9536.817525225157,0.4064212280084805,3304.4400959207264,1487.2939931466906
9538.37904820953,0.32573939398217927,3305.24964688313,1487.5983350618772
9539.632275352324,0.2405556287646718,3305.899365994799,1487.8425890864164
9540.228627095776,0.1897181084478055,3306.2085367217323,1487.9588178117751
9540.726768708613,0.1386785973800688,3306.4667917052434,1488.0559052942758
9540.97457652791,0.10867012691016453,3306.5952644208032,1488.1042028373638
9541.173027383835,0.08111074623639093,3306.698148667086,1488.1428807278103
9541.296014603533,0.061710888608718865,3306.7619097804627,1488.1668508153782
9541.397092067087,0.04393323417590605,3306.8143120680597,1488.1865507078871
9541.467437369087,0.030600724408581526,3306.8507816690576,1488.2002609312856
9541.512863410573,0.02232257937594313,3306.874332205719,1488.2091144165022
9541.549683337455,0.017660710441071332,3306.89342101495,1488.216290578805
9541.58492297048,0.017721411429114778,3306.911690541553,1488.2231587430267
9541.619274437722,0.022052424222349005,3306.9294996102653,1488.2298538041987
9541.660084933159,0.029407074784782643,3306.950657277679,1488.237807721774
9541.697390496205,0.03653997984915151,3306.9699978587973,1488.2450785314734
9541.77934851888,0.051659729448032606,3307.0124879236064,1488.2610520499827
9541.871053582721,0.0671785529684613,3307.0600312146635,1488.2789252512252
9541.997810863579,0.08656340633498245,3307.125746869666,1488.3036300789342
9542.189402869364,0.1125511223217046,3307.2250752410996,1488.3409710953465
9542.472305529636,0.14597735709524887,3307.3717424301003,1488.3961084007249
9542.884004542359,0.18773739462033487,3307.585182410213,1488.4763478564246
9543.478826191093,0.23877197038684297,3307.893559940466,1488.5922774721237
9544.3354449011,0.299765610699076,3308.3376627641346,1488.759230553027
9545.563260638419,0.3702979210350375,3308.9742078967106,1488.998528517133
9547.309196848973,0.44754685756989626,3309.87936594521,1489.3388055593573
9549.757729503885,0.5240096253176875,3311.148776194885,1489.8160138919663
9553.0980347816,0.5837081046557655,3312.88051478954,1490.4670203550481
9557.407578178992,0.5982109672989562,3315.114743020316,1491.306918201285
9562.614425331207,0.5240614986636798,3317.8141678008615,1492.3216824381145
9565.473664119967,0.4314361047826311,3319.29650474864,1492.878915164212
9567.525145115069,0.3312892696336697,3320.360069826887,1493.2787228783757
9568.635961968797,0.25855331330186976,3320.9359592107717,1493.4952062345844
9569.4399231332,0.1924215087713186,3321.352763047279,1493.651887165098
9569.875035103909,0.14892135789445013,3321.5783415372443,1493.7366843566854
9570.196680890818,0.11103553705053333,3321.7450948730516,1493.7993685320873
9570.381539841546,0.08581910446008817,3321.840932743192,1493.8353948829595
9570.51254294232,0.06565723403592362,3321.908849704906,1493.8609254937232
9570.618218511454,0.047473051577379764,3321.963635916771,1493.8815201289224
9570.699310607226,0.03223956459872263,3322.005677126494,1493.8973237983619
9570.746153384822,0.023531283960235377,3322.029962194302,1493.906452772698
9570.7820014133,0.018370940028693092,3322.0485471683187,1493.9134390300653
9570.817824238035,0.01726135650129114,3322.067119075802,1493.9204203750016
9570.851727542338,0.020804033184618476,3322.0846958313173,1493.9270276329198
9570.87992974766,0.025561683253272332,3322.099316921475,1493.9325238296656
9570.907598840278,0.03075481457448683,3322.113661625863,1493.937916130199
9570.960136564367,0.04076368762978722,3322.140899169698,1493.9481549614743
9571.042445289351,0.0556288540817771,3322.183571126902,1493.9641957212966
9571.142013521736,0.07204349469635792,3322.235191066041,1493.983600101083
9571.28444457903,0.0931474412556778,3322.309032715998,1494.011357805273
9571.498456767848,0.1211202464673959,3322.419984734488,1494.053065594632
9571.813143989413,0.15679653641294342,3322.583130502836,1494.1143934108168
9572.269699285036,0.20105547327615586,3322.819826056766,1494.2033691044417
9572.928735999298,0.25484041609940394,3323.1614956570625,1494.3318051828287
9573.876786441877,0.3186202504458212,3323.653000947128,1494.5165652241358
9575.233181789632,0.3914652470887765,3324.3562077650445,1494.7809045139259
9577.155968623967,0.4695273728661294,3325.353053519888,1495.1556228037487
9579.83714401906,0.5433856650085225,3326.7430769128578,1495.678135232551
9583.445508325978,0.5938254211966246,3328.6137906866734,1496.381334756655
9588.36285882165,0.5853563218486136,3331.1631335096276,1497.3396204565752
9592.091650944129,0.5179614364689993,3333.096282651409,1498.066274360253
9595.298816853749,0.4063222462078309,3334.7590010612694,1498.6912705015213
9596.857764221717,0.32576846846739727,3335.5672195725742,1498.9950685211663
9598.112335121401,0.24049292072464662,3336.217637624329,1499.2395507324827
9598.707645509588,0.18974204995429472,3336.5262695592046,1499.3555605053466
9599.206343668771,0.13864561805303793,3336.784813985534,1499.4527430630226
9599.453799341396,0.1086785467901705,3336.913104586099,1499.5009653268228
9599.652396411664,0.0810988926180075,3337.0160649970826,1499.5396663806907
9599.775362734978,0.06170128278697901,3337.0798155010025,1499.5636290932641
9599.876429591812,0.043924664674972816,3337.1322124737844,1499.5833242044237
9599.946749928455,0.030596710299301055,3337.168669259909,1499.597027673718
9599.992171743423,0.02231984450058016,3337.192217688123,1499.6058791154517
9600.028994327908,0.017659329900859458,3337.211307942225,1499.6130548069102
9600.064236568232,0.017723074306444545,3337.22957888474,1499.6199225329294
9600.098564837628,0.022052178253626497,3337.2473759893583,1499.6266121510573
9600.139371191952,0.029405967212698975,3337.2685315841904,1499.63456416578
9600.17667442028,0.03653839116925636,3337.2878710228483,1499.6418335187689
9600.258631181918,0.051657953805079565,3337.33036058316,1499.6578045908127
9600.350333612934,0.06717641172141445,3337.3779026762804,1499.6756748165958
9600.477084804774,0.08656045355634188,3337.443615405353,1499.700375054232
9600.668668585247,0.11254722619317808,3337.54293986138,1499.7377093236369
9600.951558979814,0.14597220526425048,3337.6896012065267,1499.792836643485
9601.363239701755,0.18773055297099234,3337.9030324536047,1499.8730614826507
9601.958033844005,0.23876281942750743,3338.211396806295,1499.9889697720514
9602.81461120822,0.2997532921690512,3338.6554797537997,1500.155891807024
9604.042364612656,0.370281226143108,3339.2919948045364,1500.395144682672
9605.788206166186,0.44752406053559574,3340.1971069542687,1500.735356454699
9608.236592586914,0.5239782431513634,3341.46644584027,1501.2124706592288
9611.576659729959,0.5836646714601867,3343.198067041419,1501.8633412498923
9615.88618708403,0.5981504084736449,3345.432294769664,1502.7031206562365
9621.091596681772,0.5239969590771028,3348.1309836930495,1503.717465615685
9623.950338628882,0.4313740239100306,3349.6130682287076,1504.2745251955362
9626.001264674593,0.3312429111751517,3350.6763493058734,1504.6741700403832
9627.111869900069,0.25851402575269533,3351.252130979288,1504.8905825355125
9627.915612668356,0.19239469266904266,3351.668823041998,1505.0471994748475
9628.350649951351,0.1488988036514902,3351.894363596247,1505.1319705140972
9628.672211470426,0.11102033864124533,3352.0610738247506,1505.1946296959097
9628.857038867,0.08580672773736377,3352.156895669558,1505.230644971217
9628.988009771614,0.06564879157695253,3352.2247961758994,1505.2561658168554
9629.093676210965,0.04746543344977297,3352.2795778452055,1505.27675585672
9629.174746642539,0.032235751760307726,3352.321607969668,1505.292553143601
9629.221584757574,0.023528682318260136,3352.345890704739,1505.30167996106
9629.257433623607,0.018369350788782067,3352.3644761776573,1505.3086654263109
9629.293252402727,0.01726190660709106,3352.383046052368,1505.3156450282831
9629.327160431463,0.020806482288124636,3352.4006253183866,1505.3222523033187
9629.35536891652,0.025565785509582894,3352.415249715091,1505.327748972179
9629.383037699765,0.03075903676020152,3352.4295943090083,1505.3331404750936
9629.435605088043,0.04077336457934361,3352.4568473267236,1505.343383686666
9629.517915859418,0.05563805131438921,3352.4995204933552,1505.3594226519158
9629.617503680622,0.07205481560325798,3352.5511507677465,1505.378828195561
9629.759972793157,0.09316269175628318,3352.625012404,1505.4065895199012
9629.974039395649,0.12113994737477896,3352.73599301876,1505.448302209883
9630.288802652703,0.15682102124650799,3352.899178774547,1505.5096364579583
9630.745464517537,0.20108495914644195,3353.135930401608,1505.598620754585
9631.404652307881,0.2548748596305964,3353.4776795141447,1505.7270687167397
9632.35291506538,0.3186586739690767,3353.9692965858226,1505.9118448813804
9633.709603351708,0.3915047608651326,3354.6726577191293,1506.176205140305
9635.632780616854,0.46956148407640586,3355.6697093521384,1506.5509483380517
9638.314437422465,0.5434014392728458,3357.059987153278,1507.0734832615447
9641.923238002253,0.5937997911888477,3358.9309335964763,1507.7766719012197
9646.841964094489,0.5852390235596496,3361.4809984136527,1508.73509509953
9650.562263452126,0.5179659847059181,3363.409751250439,1509.4599953174293
9653.772352205455,0.40622354667242616,3365.0739907243255,1510.0854760104637
9655.32877679714,0.3257948051555488,3365.8809041164027,1510.3887412016309
9656.584641974598,0.24043048135600373,3366.5319954182764,1510.6334423970422
9657.178934189973,0.18976415952781883,3366.8401005557344,1510.7492380317933
9657.678168414206,0.1386127345476863,3367.098923791539,1510.8465118468189
9657.925279741252,0.10868606812514328,3367.227036311797,1510.8946604706057
9658.124016966456,0.0810869099306584,3367.3300697397904,1510.9333835800935
9658.24696237163,0.061691536711605294,3367.3938096187044,1510.9573389644763
9658.348018451788,0.04391597153519577,3367.446201185074,1510.9770293027707
9658.418313476746,0.030592635160128296,3367.482644974287,1510.990725980362
9658.463730998606,0.02231706826844112,3367.506191257965,1510.9995753843045
9658.500556261408,0.017657930860664913,3367.52528296643,1511.0067506237624
9658.535801157339,0.01772476336597563,3367.543555348708,1511.0136179351605
9658.570105768806,0.022051909827952555,3367.561340249453,1511.0203020357724
9658.610907128828,0.029404671341514702,3367.58249332797,1511.0282519981893
9658.64820754743,0.03653652283658053,3367.601831376622,1511.0355198171833
9658.73016298655,0.05165590723807874,3367.6443203977633,1511.05148846412
9658.821862307888,0.0671739461383354,3367.691861042589,1511.0693556588976
9658.948606371996,0.08655705900611896,3367.757570302876,1511.094051155848
9659.140180442482,0.11254275259958126,3367.8568900672176,1511.131378467166
9659.423056449948,0.14596631999422965,3368.003544459002,1511.1864955036094
9659.834715904359,0.18772280561587348,3368.216965415676,1511.2667053142745
9660.429478281863,0.23875257173589637,3368.525314362777,1511.3825916904698
9661.286008231149,0.29973967952196007,3368.969374258295,1511.5494818466213
9662.51369074738,0.37026306455803965,3369.6058547497273,1511.7886884679797
9664.259425822334,0.4474997129984176,3370.510914812162,1512.1288333789623
9666.707650297312,0.5239454364178942,3371.780174105202,1512.6058513932728
9670.04746050555,0.5836203590878083,3373.511668051824,1513.2565838120431
9674.356927300178,0.5980902978071194,3375.7458720524337,1514.0962378463303
9679.560960937848,0.5239337408111834,3378.44385687054,1515.1101777038955
9682.419214735975,0.4313137698173386,3379.92569340245,1515.6670670079775
9684.469608854233,0.33119783746163006,3380.988702342932,1516.0665543229495
9685.580006781196,0.25847604980664607,3381.5643785124244,1516.282897258021
9686.38354054508,0.19236865387750215,3381.980963642548,1516.4394523703727
9686.818504455312,0.14887702388170848,3382.2064669278925,1516.5241976921186
9687.139985272473,0.11100559713125063,3382.3731358866908,1516.5868327086598
9687.324781836764,0.08579476500202131,3382.4689420740806,1516.6228371249128
9687.455721793258,0.06564060984728597,3382.5368267675626,1516.648348502862
9687.561379373232,0.04745805659552722,3382.5916040309107,1516.6689340429728
9687.642428832527,0.03223206132057648,3382.6336234260284,1516.68472511579
9687.689262436592,0.023526165187562436,3382.65790390536,1516.693849824953
9687.725112127138,0.018367813026910117,3382.6764898692163,1516.700834509891
9687.760927001636,0.017262440759545743,3382.695057783031,1516.707812410959
9687.79483962571,0.020808858720567272,3382.712639491501,1516.7144196913196
9687.823054310054,0.025569784350074592,3382.7272671521177,1516.7199168276097
9687.850722848529,0.030763162516483256,3382.741611668125,1516.7253075566132
9687.903319210083,0.04078281642195343,3382.7688797998603,1516.7355550333984
9687.985631999562,0.055647035890928696,3382.811554158492,1516.7515922314906
9688.085238965246,0.07206587315838338,3382.8631945344923,1516.7709988913534
9688.227745278107,0.09317758685346716,3382.9370757091624,1516.7987637244382
9688.44186506607,0.12115918588855515,3383.0480842764355,1516.8404811587704
9688.756702628001,0.15684492348553833,3383.2113091121278,1516.901821623829
9689.213468616548,0.20111372854124437,3383.4481155295007,1516.9908142245624
9689.872803983606,0.2549084395370986,3383.78994231844,1517.1192736451032
9690.821274076941,0.31869608529358573,3384.2816685592647,1517.3040653319983
9692.178248305716,0.39154314011552377,3384.985180336363,1517.5684457252732
9694.10180639054,0.4695944202656176,3385.982432801583,1517.9432127081154
9696.783931993881,0.5434161835841766,3387.372958383719,1518.465768716764
9700.393154449313,0.593773635495652,3389.2441299129287,1519.1689450865767
9705.313224917481,0.5851224778570642,3391.7949003788103,1520.1275015912647
9709.02523436943,0.517967481464108,3393.7193619271115,1520.8506895741555
9712.238122789056,0.4061251609537162,3395.3850585082205,1521.4766319444018
9713.792080198455,0.3258182832040415,3396.190695542659,1521.7793758891023
9715.049187964118,0.24036832314291898,3396.8424332594664,1522.0242864292377
9715.642486218107,0.18978435653229803,3397.150024128391,1522.1398729321925
9716.14223512866,0.13857994993316086,3397.4091150753616,1522.2372340095935
9716.389010244635,0.10869265126590266,3397.5370537231624,1522.2853106942932
9716.587881300296,0.08107479195725567,3397.640156883191,1522.3240546987831
9716.710805773164,0.06168164217403568,3397.7038861255996,1522.3480028021052
9716.81185089614,0.04390714762898232,3397.756272188583,1522.3676883730373
9716.882120243377,0.03058849541995773,3397.792702788693,1522.3813782168381
9716.927533400962,0.022314248370443435,3397.8162468894175,1522.390225587372
9716.964361364238,0.017656512256006028,3397.83534006252,1522.3974003936182
9716.999608966786,0.01772648008042556,3397.8536139098474,1522.404267314179
9717.033889437598,0.022051618239865036,3397.871386355231,1522.4109458180844
9717.074684919786,0.029403180585251126,3397.8925364579995,1522.4188935725183
9717.11198203784,0.036534365214992794,3397.911872860937,1522.4261597768432
9717.193936087928,0.0516535798896159,3397.954361305699,1522.4421260183024
9717.285631806122,0.0671711445355004,3398.0019002433437,1522.459990122484
9717.412367666053,0.08655320671979473,3398.0676054725404,1522.4846807196961
9717.603930488707,0.11253768073093924,3398.1669197415235,1522.522000849838
9717.88678991149,0.14595967488233863,3398.3135660311927,1522.577107287714
9718.298425014482,0.18771411995784823,3398.5269750849184,1522.6573016334746
9718.893151215605,0.2387411878458188,3398.8353063194186,1522.7731654745219
9719.749627462008,0.2997247261975218,3399.279339874452,1522.9400228689046
9720.97723022606,0.3702433835423734,3399.9157811702,1523.1791819993573
9722.722846574994,0.447473759326646,3400.8207827375736,1523.5192583603027
9725.17089282719,0.5239111542643243,3402.089953917406,1523.9961779907533
9728.510426626885,0.5835751367623594,3403.8213104022702,1524.6467697776102
9732.819786768008,0.598030653672974,3406.055466635819,1525.4862911644461
9738.022508307069,0.523871890886324,3408.7527802811233,1526.499840483452
9740.88028291805,0.43125540859600464,3410.234373359926,1527.0565624074793
9742.93016897417,0.3311540934822659,3411.2971224674206,1527.4558976752874
9744.040364063248,0.25843943276644266,3411.8726954084577,1527.672172366181
9744.843698559622,0.1923434194750846,3412.2891786269656,1527.8286678747277
9745.278590449421,0.1488560464335088,3412.5146453300135,1527.913387916961
9745.59999426083,0.11099132853662154,3412.6812749245487,1527.9759996186363
9745.784760738012,0.08578323102512973,3412.777065834694,1528.0119933951212
9745.915671039385,0.06563269802028641,3412.8449353812694,1528.0374956102564
9746.021320039685,0.047450929529307705,3412.8997083801805,1528.058076747019
9746.102349245039,0.032228497176240774,3412.9417174156433,1528.0738617786008
9746.149178492566,0.02352373557724865,3412.965995717752,1528.0829844281618
9746.185028992937,0.018366328612012123,3412.9845821637614,1528.089968343947
9746.220840107577,0.01726295820486529,3413.0031481905457,1528.0969445865665
9746.254757190603,0.020811159046435376,3413.020732269665,1528.1035518587476
9746.282977977402,0.02557367263692225,3413.035363143091,1528.10904945435
9746.310646333734,0.030767183997844633,3413.0497076127526,1528.1144394325106
9746.363270924845,0.04079202556004486,3413.076990471311,1528.1246910487514
9746.445585698624,0.05565579063954902,3413.119666001733,1528.1407265052865
9746.545211328767,0.07207664618269839,3413.1713162272854,1528.160134225931
9746.68775391751,0.09319209796528004,3413.245216456568,1528.1879024416344
9746.901925564154,0.12117792499838753,3413.3562522816705,1528.2296244430645
9747.216835561314,0.15686819665571433,3413.5195152179235,1528.290970880495
9747.67370303089,0.20114172442056277,3413.7563750409513,1528.379971444217
9748.333182193062,0.2549410872480108,3414.0982775247066,1528.5084418372794
9749.281854241735,0.3187324043902838,3414.590110114918,1528.6932483592295
9750.639106853792,0.3915802958102212,3415.293768573479,1528.9576479310383
9752.563035376545,0.46962609058193655,3416.291216427096,1529.3324374098988
9755.245616162356,0.5434298211733506,3417.6819826456576,1529.8550128762856
9758.855244998114,0.593746921555408,3419.55337111137,1530.5581753460826
9763.776626301911,0.5850067639830697,3422.1048296819754,1531.51686047318
9767.480559296191,0.5179658339124863,3424.0251104532817,1532.2383796755835
9770.696119675738,0.4060271292629512,3425.692197838765,1532.8647599505225
9772.2476681631,0.3258387983493741,3426.496588661391,1533.1669947290109
9773.50596482386,0.24030646427154023,3427.1489449199607,1533.4121045785269
9774.098294313839,0.1898025711077554,3427.456034561156,1533.5274871397046
9774.598535719746,0.13854727074503267,3427.7153817001686,1533.6249313241162
9774.844983078829,0.10869826229941193,3427.843150849393,1533.6729378296939
9775.043981402998,0.08106253496829881,3427.9463203334963,1533.711701521192
9775.166884939319,0.061671593356076505,3428.010038933161,1533.7356423913989
9775.267918916885,0.04389818795388239,3428.0624193918716,1533.755323198069
9775.338162206945,0.030584288502353535,3428.0988366037946,1533.7690061627502
9775.383570925473,0.02231138319766726,3428.122378481314,1533.777851503151
9775.420401612206,0.017655073380468757,3428.14147312979,1533.7850258948083
9775.455651974553,0.017728225518989123,3428.159748468611,1533.7918924484238
9775.489907804902,0.022051302810409297,3428.17750819832,1533.798565272809
9775.530696495469,0.029401488407643596,3428.198654850256,1533.8065106573881
9775.56798980651,0.0365319087488761,3428.2179893436887,1533.8137751630256
9775.649942395627,0.05165096190703198,3428.2604771721253,1533.8297390168539
9775.741634000735,0.06716799525404177,3428.3080141352402,1533.8475999668578
9775.868360542368,0.08654888076129873,3428.373714751619,1533.8722854968871
9776.059910526272,0.11253198981169935,3428.4730226942197,1533.9095982108258
9776.34275109076,0.14595224356973088,3428.6196596938485,1533.9646937177984
9776.754358651491,0.18770446345001898,3428.833055176986,1534.0448721379664
9777.349044111375,0.23872862833961903,3429.141366312952,1534.1607127870886
9778.20546014838,0.29970838568344205,3429.5853701264323,1534.327536486993
9779.432973988365,0.37022213042233415,3430.221767431539,1534.5666468196316
9781.178458938159,0.4474461439264367,3431.12670387691,1534.9066528439444
9783.626310125304,0.5238753458391454,3432.395778132366,1535.3834717661352
9786.965547370351,0.5835289736679197,3434.126986602563,1536.0339203017006
9791.274753186055,0.5979714942819515,3436.3610702152,1536.873301423712
9796.476228750318,0.5238114562118362,3439.057746798165,1537.8864751557685
9799.333533405044,0.4311990061978778,3440.539101116616,1538.4430326214576
9801.382936105962,0.331111724155346,3441.60160313314,1538.8422214682828
9802.492932948722,0.2584042218460196,3442.1770751900963,1539.0584292460503
9803.296078258927,0.19231901650108912,3442.593461697318,1539.2148674330235
9803.73089951806,0.14883589910466868,3442.818892524482,1539.299562637022
9804.05223014984,0.11097754885035173,3442.985484727883,1539.3621518963553
9804.236967308389,0.08577214055183051,3443.0812607532084,1539.3981352551832
9804.367849292512,0.0656250652549285,3443.149115842217,1539.4236286198372
9804.473490002125,0.04744406075179736,3443.203884723121,1539.4442054505066
9804.554499698252,0.032225063216766346,3443.2458837823724,1539.45998461803
9804.601324746507,0.023521396490934453,3443.270159987286,1539.4691052568073
9804.637176040364,0.01836489940935321,3443.2887469058373,1539.476088413966
9804.672983543662,0.017263458188364136,3443.307311121436,1539.483063040993
9804.706904941948,0.02081337982758815,3443.3248974956437,1539.4896702897868
9804.73513171767,0.025577443171846244,3443.3395315221424,1539.4951683330985
9804.762799952277,0.030771093251700972,3443.353875975898,1539.500557582805
9804.815451975828,0.040800974181995284,3443.3811731464402,1539.510813201973
9804.897768694464,0.05566429816977074,3443.423849825588,1539.5268469407354
9804.997412472894,0.07208711322829986,3443.475509629978,1539.5462556588707
9805.13999034265,0.09320619614750704,3443.549428393676,1539.574027116214
9805.354212421336,0.1211961272265809,3443.660490730334,1539.6157534863266
9805.669192843256,0.15689079369777653,3443.823790715055,1539.677105621558
9806.1261589515,0.2011688890325196,3444.0607024559386,1539.766113764578
9806.78577784129,0.25497273333562576,3444.4026785052492,1539.8945945832945
9807.734646058374,0.3187675502451015,3444.8946144151632,1540.0794151662808
9809.092168924213,0.3916161378287262,3445.5984152982974,1540.343832838749
9811.01645672285,0.4696564030892132,3446.596052693562,1540.7186433569777
9813.699478061857,0.5434422744289488,3447.987051880506,1541.2412364343309
9817.30949667232,0.5937196165745762,3449.858648560624,1541.9443831278913
9822.232152924074,0.5848919625462963,3452.4107764789933,1542.9031916975125
9825.928232765324,0.5179609703277254,3454.3269921000247,1543.6230874357536
9829.146333511042,0.4059294995791506,3455.9954019735196,1544.2498810707982
9830.695533841963,0.3258562660425265,3456.7985780309264,1544.55161923059
9831.954963967539,0.24024492814095405,3457.4515240581563,1544.7969180104228
9832.546350804863,0.18981874627054557,3457.7581259870108,1544.912101989677
9833.047061812413,0.13851470679926353,3458.0177174348783,1545.0096249868163
9833.293190165155,0.10870287407028344,3458.145321613349,1545.057563127802
9833.492308993153,0.08105013783546441,3458.2485539085897,1545.0963452577632
9833.615191600784,0.06166138698456205,3458.31226186565,1545.1202789440702
9833.716214240054,0.04388908976122092,3458.364636616875,1545.1399549877997
9833.786431086672,0.030580012894548994,3458.4010402380572,1545.153631026099
9833.831835288822,0.02230847188308075,3458.424579850843,1545.1624743387556
9833.868668722178,0.01765361390342394,3458.4436759855557,1545.1696483341664
9833.903921899106,0.01773000032111492,3458.4619528431726,1545.1765145447348
9833.93815257816,0.022050962917323412,3458.4796995912084,1545.1831816043525
9833.978933534285,0.029399588570669866,3458.5008423022064,1545.1911244512603
9834.016222516993,0.036529144331497565,3458.5201746146736,1545.1983871710108
9834.098173567429,0.051648043791553216,3458.562661783918,1545.2143486532268
9834.189860533797,0.06716448708102395,3458.6101964970862,1545.232206381654
9834.316576606732,0.08654406579453766,3458.675891900213,1545.2568866689694
9834.508112109932,0.11252565985056469,3458.775192659108,1545.2941917201929
9834.790931469359,0.145944000688473,3458.921819143078,1545.3492759473872
9835.202508194147,0.1876938047722608,3459.1351993350145,1545.429437957905
9835.797148200563,0.23871485528371794,3459.4434879106047,1545.5452547247937
9836.653497311652,0.2996906132296651,3459.8874584732994,1545.7120437496512
9837.880912759287,0.37019925449733593,3460.5238068401673,1545.9511039098584
9839.626253227447,0.4474168132776377,3461.4286713258093,1546.291037716994
9842.073891964,0.5238379621734721,3462.697639566106,1546.7677534807149
9845.412811860555,0.5834818400595826,3464.4286891357083,1547.4180559919612
9849.721814163015,0.597912836985506,3466.6626744911378,1548.2572889030487
9854.92211204821,0.5237524817597835,3469.358749253166,1549.2701023717639
9857.778956235203,0.43114462591287156,3470.8398696401205,1549.8264983253641
9859.827901095841,0.33107077258194134,3471.9021377285108,1550.225546514829
9860.937704409314,0.25837046236643685,3472.477511311796,1550.4416887249206
9861.740670945375,0.1922954709059031,3472.8938064802564,1550.598071929128
9862.17542299947,0.14881660858008844,3473.1192021569254,1550.682742739265
9862.496684402504,0.11096427342337152,3473.285759007303,1550.7453104499664
9862.68139303325,0.08576150773630194,3473.3815205519854,1550.7812836159378
9862.812248081076,0.06561772034021532,3473.4493618952247,1550.8067684495845
9862.917880797895,0.047437458421380134,3473.504126809261,1550.8273410722204
9862.998871754893,0.03222176316068041,3473.5461162889787,1550.8431145570366
9863.045692763793,0.023519150809566694,3473.5703904781394,1550.8522332339492
9863.081544833161,0.018363527209854215,3473.5889778588057,1550.8592156423867
9863.117348877195,0.017263939978999932,3473.6075403409404,1550.866188697052
9863.151274439937,0.02081551773422899,3473.6251289310158,1550.8727959055918
9863.179507074352,0.025581088887696765,3473.6397660422135,1550.8782943815324
9863.207175245185,0.03077488241503668,3473.654110509251,1550.8836829244544
9863.259853851308,0.04080964468857647,3473.6814215496283,1550.8939423993907
9863.342172469691,0.05567254128385867,3473.7240993515707,1550.9099744423675
9863.441833844498,0.07209725308698624,3473.7757684456355,1550.9293840869552
9863.58444593073,0.09321985277894093,3473.8497051875433,1550.9571586302945
9863.79871691606,0.12121375551602653,3473.9607932384533,1550.9988891497849
9864.113765613,0.15691266808355486,3474.1241291475962,1551.0602466786765
9864.570827320062,0.2011951652797726,3474.3610912165145,1551.149261975285
9865.230581587164,0.2550033091595028,3474.7031385560226,1551.2777526125717
9866.179639783477,0.31880144275424865,3475.1951745481683,1551.4625863968374
9867.537424209939,0.3916505771036588,3475.899113307846,1551.727020971715
9869.462059350733,0.46968526695352175,3476.896933999471,1552.101850907307
9872.145505610462,0.5434534667206579,3478.2881579688064,1552.6244595323544
9875.7558962951,0.5936916883373226,3480.159953576512,1553.3275883313825
9880.679789297745,0.5847781536124951,3482.7127308922345,1554.2865146765002
9884.368248147372,0.5179528424082981,3484.625001586461,1555.004833934719
9887.58875453822,0.4058323263860122,3486.294664012064,1555.6320157620678
9889.135669752266,0.3258706239304283,3487.0966579316046,1555.9332702732409
9890.396176493081,0.24018374263130765,3487.7501642192306,1556.1787473228455
9890.986647603608,0.18983283959174996,3488.0562923741245,1556.2937382306407
9891.487804746883,0.13848227086052028,3488.31611595126,1556.3913356328596
9891.733623107815,0.10870646697731552,3488.443559823938,1556.4392072721032
9891.93285551304,0.08103760204598995,3488.5468513335522,1556.4780065594273
9892.055717213845,0.06165102239031158,3488.6105486555152,1556.5019331127244
9892.156728320393,0.043879852610647314,3488.662917595327,1556.5216043936898
9892.226918337261,0.030575668175022806,3488.6993074232532,1556.535273457747
9892.272317944276,0.022305514319176427,3488.7228447290713,1556.5441147443887
9892.309154146968,0.01765213387633205,3488.741942360678,1556.551288361499
9892.344410194226,0.017731804681574894,3488.7602207649256,1556.5581542528116
9892.378615206517,0.022050598021457445,3488.777954262914,1556.5648154612359
9892.419387458678,0.029397475377277053,3488.799092529055,1556.5727555971766
9892.456671578255,0.03652606365891117,3488.8184223821377,1556.5800164409384
9892.538621006277,0.05164481674559747,3488.860908846267,1556.5959755657054
9892.630302793905,0.06716060966240113,3488.9084410267074,1556.613830001629
9892.757007214177,0.0865387476460872,3488.9741305988514,1556.6385048631764
9892.948526547625,0.11251867237634422,3489.0734232924538,1556.6758019945041
9893.231322287633,0.14593492279440665,3489.2200380003314,1556.7308745776677
9893.64286478779,0.18768211497584675,3489.4334011315273,1556.8110196727423
9894.237454492464,0.23869983362024383,3489.7416646148436,1556.9268118359214
9895.093729766955,0.2996713674598096,3490.185598317545,1557.0935651606146
9896.321037080394,0.3701747088952459,3490.821892657734,1557.3325737108344
9898.06621960656,0.4473857178961025,3491.726678151421,1557.6724333328957
9900.513628005227,0.5237989579599147,3492.99553102761,1558.1490433708564
9903.8522091622,0.5834337083559304,3494.7264105037516,1558.799196941815
9908.160957362576,0.5978546976244007,3496.960271242668,1559.6382733906655
9913.36014786406,0.5236950089093545,3499.655780466613,1560.650742259382
9916.216541309486,0.4310923260114531,3501.136671876582,1561.2069796685134
9918.26505458872,0.33103127845119407,3502.198719587233,1561.6058930897182
9919.374669205457,0.25833819606668507,3502.7739971681044,1561.8219710903309
9920.177467683869,0.1922728065891359,3503.1902065289087,1561.9783017022482
9920.612151991583,0.14879819943600492,3503.415567797968,1562.0629485655513
9920.93334823161,0.11095151639381501,3503.5820913932707,1562.1254956406679
9921.118029145986,0.08575134561192128,3503.6778388723255,1562.1614588409777
9921.248858678124,0.06561067136932955,3503.7456672022686,1562.186935469599
9921.35448370823,0.04743113005199685,3503.80042830491,1562.207503982951
9921.435456719686,0.032218600409803205,3503.8424086140217,1562.2232719702388
9921.482273851467,0.023517001185439278,3503.866680870114,1562.2323887342532
9921.5181266768,0.01836221366428146,3503.885268701683,1562.2393704032754
9921.55392741685,0.017264402892424525,3503.9038295297673,1562.2463419291214
9921.587856986544,0.02081756965098354,3503.9214202530425,1562.2529490789718
9921.616095333056,0.0255846030399812,3503.9360603721057,1562.2584479690581
9921.64376349536,0.030778543918235562,3503.9504048802314,1562.263835826104
9921.69646778356,0.040818020169000185,3503.9777293220814,1562.2740989994506
9921.778788251037,0.055680503440182244,3504.0204082180794,1562.290129366874
9921.878466635926,0.0721070453616481,3504.072086294909,1562.3095398594185
9922.02111180706,0.0932330403322852,3504.1460404241757,1562.3373173189957
9922.235430078645,0.12123077423040406,3504.2571533429473,1562.3790517484622
9922.550544766904,0.15693377507342746,3504.420523983257,1562.4404143384256
9923.007698842937,0.20122049826111807,3504.6575346922355,1562.5294363224787
9923.667583865014,0.2550327487270115,3504.9996509060575,1562.6579361133138
9924.616825464655,0.3188340049267298,3505.4917835431984,1562.842782156646
9925.97486221602,0.3916835280242707,3506.195855351144,1563.1072323197845
9927.899832023137,0.4697125949074673,3507.1938527105835,1563.482079891656
9930.583686607264,0.5434633245211872,3508.5852927786896,1564.004701793011
9934.194430612928,0.5936631061019348,3510.4572774842595,1564.7078103463245
9939.119519953734,0.5846654147304033,3513.0106831019234,1565.666848332348
9942.800597583013,0.5179414269595999,3514.919133042991,1566.3836395204967
9946.023372630769,0.40573566914469994,3516.5899769110993,1567.0111839173424
9947.568067743588,0.32588183375869334,3517.390822346397,1567.3119681149042
9948.829593192606,0.24012293919777375,3518.0448588385534,1567.5576125629996
9949.419176191557,0.18984482449720166,3518.3505275159628,1567.6724160361998
9949.920755580903,0.13844997820273114,3518.610570823341,1567.7700833515075
9950.16627318764,0.10870902956930573,3518.7378591711167,1567.817890392281
9950.365612127438,0.08102493163631476,3518.8412062382886,1567.8567055322933
9950.488452958869,0.061640501489303,3518.9048929408436,1567.88062500548
9950.589452339867,0.043870478344887984,3518.9572559662265,1567.900291523349
9950.659615147273,0.030571255010450868,3518.9936318018563,1567.9139535660165
9950.705010080099,0.02230251114976836,3519.017166758353,1567.922792827946
9950.741849073762,0.017650633725881132,3519.036265896983,1567.9299660841946
9950.77710804744,0.017733638352725987,3519.054545875901,1567.936831679819
9950.811286879354,0.02205020769323796,3519.0722658564573,1567.9434869507168
9950.85204943474,0.02939514390792265,3519.0933991617762,1567.9514241975912
9950.889328144862,0.036522659579077583,3519.112726271107,1567.9586830727494
9950.971275860507,0.051641273003727436,3519.155211981035,1567.974639852355
9951.062951917018,0.06715635390372167,3519.2027413396227,1567.9924909217266
9951.189643471118,0.08653291385270936,3519.2684244478305,1568.0171601677453
9951.381144904373,0.11251101114360068,3519.367708173241,1568.0544491124858
9951.663914551229,0.14592498926893582,3519.5143098140275,1568.1095096736587
9952.075419354589,0.18766936859923714,3519.727654071984,1568.1896373281122
9952.669953789633,0.23868353250542831,3520.035889869575,1568.3054041382857
9953.526148146271,0.2996506119704745,3520.4797830153043,1568.4721206979598
9954.75333734299,0.3701484523533577,3521.1160181165455,1568.711076144411
9956.498348134304,0.44735281418908557,3522.0207174150173,1569.0508595354227
9958.945507866,0.5237582932330581,3523.289445351008,1569.5273611755458
9962.283728365526,0.5833845541206772,3525.0201432703166,1570.1773627618682
9966.592170647575,0.5977970898923596,3527.2538524002916,1571.0162742268449
9971.790325811922,0.5236390737456049,3529.948833281529,1572.0284144515274
9974.646278447766,0.43104215744850327,3531.4295007780916,1572.584496299687
9976.694387055892,0.33099327642246423,3532.4913420009243,1572.983280949687
9977.803817908478,0.258307459464281,3533.0665261034233,1573.1992961090211
9978.606459312372,0.19225104442470775,3533.4826553266207,1573.3555765636197
9979.041077360876,0.14878069317385526,3533.707982946094,1573.4401999289994
9979.362212604172,0.1109392901168936,3533.874475436675,1573.5027272982047
9979.546866631541,0.08574166557699658,3533.9702092745683,1573.5386807619673
9979.677672103307,0.06560392541201628,3534.038025341798,1573.5641495171208
9979.783289759924,0.047425082209054226,3534.092782792306,1573.5847140204514
9979.864245640116,0.03221557790148325,3534.1347543505367,1573.6004766986896
9979.911059058846,0.023514949935704427,3534.1590247572344,1573.6095915987391
9979.946912619114,0.0183609602183731,3534.1776130277512,1573.6165725370768
9979.982710213162,0.01726484631429243,3534.196172282628,1573.62354257787
9980.016643626206,0.02081953278082724,3534.213765053301,1573.630149649153
9980.044887522547,0.02558797939605807,3534.2284080952895,1573.6356489316402
9980.072555728624,0.030782070684313694,3534.2427526708066,1573.6410361229205
9980.125284751186,0.04082608483884181,3534.2700900213217,1573.6513028277977
9980.207607011766,0.05568816917194759,3534.312769979936,1573.6673315382068
9980.307301788309,0.07211647098477059,3534.3644567160322,1573.6867427932177
9980.449978850078,0.09324573307660436,3534.438427609409,1573.7145229860469
9980.664342698714,0.12124715006359117,3534.5495645037654,1573.756261067248
9980.979520969357,0.15695407285828855,3534.712968617291,1573.8176283590267
9981.436764006905,0.201244836678486,3534.950026186612,1573.9066565264761
9982.096774907332,0.25506099038584035,3535.292208727518,1574.0351647515263
9983.046192972908,0.3188651648484288,3535.784434385705,1574.2200220344155
9984.40447230649,0.39171491065560887,3536.4886341518136,1574.4844863630492
9986.329763410879,0.46973830552256324,3537.486801192552,1574.8593496410576
9989.014008822196,0.5434717793015217,3538.8784482107467,1575.3819823521656
9992.625086415324,0.5936338414356102,3540.7506116788854,1576.085068090674
9997.551329620937,0.5845538189538708,3543.3046234383137,1577.0442111469022
10001.22527193981,0.5179267270397425,3545.209379987179,1577.7595238151941
10004.450177331015,0.4056395906416794,3546.8813335027685,1578.3874048877374
10005.992718975844,0.3258898827650491,3547.68106494781,1578.6877324022119
10007.255204566682,0.24006255188888065,3548.3356012474046,1578.9335332445366
10007.843927610524,0.18985469123168017,3548.6408250250875,1579.0481550177276
10008.345905095783,0.1384178461167944,3548.901075528862,1579.145887701667
10008.591131360514,0.10871055896837897,3549.028213223398,1579.1936320782852
10008.79056972615,0.08101213306890225,3549.131612157164,1579.232461752503
10008.913389742444,0.061629828708259594,3549.1952882648,1579.2563742007512
10009.014377209696,0.043860971026806896,3549.2476452752167,1579.276035955297
10009.08451244098,0.030566775124868228,3549.2840069263334,1579.2896909314127
10009.129902621367,0.022299463748295983,3549.3075394916095,1579.2985281697322
10009.166744425975,0.01764911424037645,3549.326640146559,1579.3057010819434
10009.202006381845,0.017735500652399372,3549.344921728051,1579.3125664051079
10009.236158528114,0.022049791635292547,3549.362627928142,1579.3192156535097
10009.276910375052,0.02939259023981711,3549.3837557469237,1579.3271498292872
10009.314183120367,0.03651892641395614,3549.4030798234817,1579.3344066412085
10009.396129027324,0.05163740614882731,3549.445564726894,1579.350361086062
10009.48779879048,0.06715171234591061,3549.49309096946,1579.3682087122243
10009.614476240547,0.08652655416941983,3549.5587669682477,1579.3928721472857
10009.80595800929,0.11250266280974253,3549.6580408051464,1579.4301526307493
10010.088699040532,0.14591418317236882,3549.8046280627905,1579.4852007804054
10010.50016260647,0.18765554472319607,3550.01795159982,1579.5653104526962
10011.09463670593,0.23866592659838207,3550.326157067835,1579.68105113709
10011.950742923693,0.29962831685452523,3550.7700058877904,1579.8477298333567
10013.177803824106,0.3701204509741999,3551.406176436563,1580.08663063482
10014.922628815104,0.44731806631789256,3552.3107821965336,1580.4263356828105
10017.369521188975,0.523715935095239,3553.5793754305055,1580.9027261643992
10020.707358681972,0.5833343571226155,3555.309880108557,1581.55257261276
10025.015442224865,0.5977400247122753,3557.5434101194396,1582.3913103463115
10030.212635525671,0.5235847054174647,3560.2379005976322,1583.4031381136626
10033.06815744744,0.4309941616062232,3561.7183493314305,1583.9590673926757
10035.115888825387,0.3309567945497351,3562.7799982332135,1584.3577293534504
10036.225140925768,0.25827828224363125,3563.355091423417,1584.5736830459507
10037.027636455581,0.1922302013101173,3563.7711462924008,1584.729915813282
10037.462189754471,0.14876410727000605,3563.9964410322855,1584.8145161304496
10037.783268249175,0.11092760460378183,3564.162904611211,1584.8770247364837
10037.96789623329,0.08573247688625475,3564.258625240017,1584.9129686940882
10038.098679128223,0.06559748819643432,3564.3264298098543,1584.9384299116748
10038.20428973033,0.047419320216212174,3564.38118377056,1584.9589905045148
10038.285229310562,0.032212697965730355,3564.423147006528,1584.9747480647884
10038.332039181521,0.023512998937503166,3564.4474156481688,1584.9838611496612
10038.367893454342,0.018359768048276954,3564.4660043450062,1584.990841365506
10038.403688062408,0.017265269723402775,3564.4845621086038,1584.997809965116
10038.437625149929,0.020821404752346586,3564.502156838162,1585.0044169366781
10038.465874419215,0.025591212434317005,3564.5168027105815,1585.0099165867748
10038.493542718217,0.030785456342046096,3564.531147378181,1585.015303131567
10038.546295485137,0.040833824534542096,3564.558497122664,1585.025573192547
10038.628619477877,0.05569552457348114,3564.6011781099483,1585.0416002628822
10038.72832999875,0.0721255128161888,3564.6528731669064,1585.0610121885315
10038.87103770046,0.09325790787803592,3564.7268601719893,1585.08879491965
10039.085445337072,0.12126285307641144,3564.838020108396,1585.130536377302
10039.400684668577,0.15697352386574986,3565.0014563790387,1585.1919079875117
10039.85801310047,0.20126813443771513,3565.238558946506,1585.2809418000022
10040.518144773896,0.25508797874134564,3565.5808051491526,1585.4094576907642
10041.467732042824,0.31889485791169747,3566.073120036519,1585.5943251237047
10042.826243760079,0.39174465321269675,3566.7774424353142,1585.8588020967375
10044.751842168678,0.46976232569823356,3567.7757718486982,1586.233679015629
10047.436460101315,0.5434787696757147,3569.1676162509734,1586.7563198933815
10051.047850670317,0.5936038691268657,3571.039947693795,1587.4593800508926
10055.975203428603,0.5844434326496131,3573.5945424849274,1588.4186212149104
10059.642260817063,0.5179087719475752,3575.495735324642,1589.1325057299828
10062.869157906422,0.4055441546880298,3577.168726522233,1589.7606975073227
10064.409613918722,0.325894784004084,3577.9673790959705,1590.060582184297
10065.673000847733,0.24000261591306413,3578.6223846834882,1590.3065283659746
10066.26089246472,0.18986244713518208,3578.9271783326085,1590.4209742386442
10066.763243808186,0.13838589315194097,3579.18762345377,1590.5187677280364
10067.008188262052,0.10871106092281649,3579.314615428655,1590.5664513950974
10067.2077189311,0.08099921493432152,3579.41806253106,1590.6052942814647
10067.330518203928,0.061619010743204576,3579.4817280774014,1590.6291997623723
10067.431493576669,0.04385133671466116,3579.5340789762436,1590.6488567540405
10067.501600883961,0.03056223120505634,3579.5704262604245,1590.662504621559
10067.546986235522,0.02229637414355331,3579.59395639358,1590.6713398373852
10067.583830868874,0.017647576529445805,3579.6130585730466,1590.67851242168
10067.619095861797,0.01773739050583371,3579.631341784566,1590.6853774951626
10067.653220831491,0.02204934969699045,3579.6490339486195,1590.6920206386374
10067.693960944636,0.029389811607284207,3579.6701557480874,1590.6999515583755
10067.731227163627,0.036514860192705556,3579.6894764996828,1590.7072062109755
10067.81317115918,0.05163321133955379,3579.731960541007,1590.7231583296154
10067.904834059802,0.06714667943808396,3579.779483369851,1590.7410024338903
10068.031496149737,0.0865196609472508,3579.8451516043697,1590.7656598581198
10068.222956464428,0.11249361741267953,3579.944414619496,1590.8029315993444
10068.505666321256,0.14590249184916546,3580.0909861593095,1590.8579669388682
10068.917085058043,0.1876406277071914,3580.30428710153,1590.9380580745656
10069.511493682747,0.23864699693855485,3580.612459558587,1591.0537718418984
10070.367504435957,0.29960445969953237,3581.056260230323,1591.220411549866
10071.594426713009,0.37009067932284184,3581.6923608375337,1591.459256127619
10073.339051634583,0.4472814473616273,3582.5968656113946,1591.7988806684434
10075.785657688983,0.523671858756326,3583.865314242904,1592.2751571604506
10079.12308950379,0.5832831019531325,3585.595613830459,1592.9248452304632
10083.430760739391,0.5976835098493447,3587.8289368276496,1593.7634003101757
10088.627066703168,0.5235319251987743,3590.522975392653,1594.7749319660331
10091.482168123914,0.43094836890847854,3592.0032105774767,1595.330711667761
10093.52955010401,0.33092185338062113,3593.064681529583,1595.72925707959
10094.638628520881,0.2582506862577272,3593.6396864038516,1595.9451506818014
10095.440989537374,0.1922102896264634,3594.0556727857957,1596.1013382560932
10095.875479612128,0.14874845458907393,3594.2809354246583,1596.1859159743879
10096.196505666703,0.11091646720003286,3594.4473723165324,1596.2484067689395
10096.381108461765,0.08572378634240455,3594.5430801738858,1596.2843414513247
10096.51187028417,0.06559136392226017,3594.610874022525,1596.309795470168
10096.61747415495,0.04741384797983575,3594.6656246580146,1596.330352252036
10096.698398279348,0.03220996224308937,3594.707580007054,1596.3461048872377
10096.745204768322,0.023511149567559158,3594.731846968274,1596.355216205451
10096.781059730116,0.0183586380231485,3594.75043607821,1596.3621957064915
10096.816851513511,0.017265672705664557,3594.768992433154,1596.3691629087546
10096.850792102314,0.020823183682304937,3594.7865890308703,1596.375769758362
10096.879046554395,0.025594297471064544,3594.8012376343654,1596.381269748498
10096.906714992158,0.030788695367752195,3594.8155824170394,1596.3866556652215
10096.959490476991,0.04084122702397224,3594.842944021931,1596.3969288994806
10097.041816136436,0.05570255759645533,3594.885626001662,1596.4129543451882
10097.141541729288,0.07213415600995438,3594.937329028169,1596.4323668440852
10097.28427877134,0.09326954470186512,3595.0113314672963,1596.460151908055
10097.498728337667,0.12127785734903992,3595.1225134764964,1596.501896451959
10097.814026110937,0.15699209556911145,3595.2859805377866,1596.5632719760856
10098.27143623161,0.20129035164062267,3595.5231261697695,1596.6523108652138
10098.931683374563,0.2551136658589229,3595.865433266549,1596.780833610124
10099.88143230258,0.318923028228548,3596.357833445842,1596.9657100423099
10101.240165810015,0.39177269362460676,3597.0622729480224,1597.230198052491
10103.166056990282,0.46978459231723535,3598.060757147026,1597.605086428804
10105.851028437599,0.5434842427414385,3599.4527890059194,1598.1277326751674
10109.462710612497,0.5935731677333073,3601.3252772448805,1598.8307643125127
10114.391127032126,0.5843343141436858,3603.880431142229,1599.7900962818626
10118.051552592684,0.5178876162040584,3605.7781913717904,1600.5026034877328
10121.280303393853,0.4054494244964408,3607.4521486290732,1601.1310801151187
10122.818742372043,0.3258965756175227,3608.249757847637,1601.4305359301707
10124.082972020873,0.23994316664724902,3608.905202300193,1601.676616428109
10124.670060933664,0.18986811619809624,3609.209580693341,1601.7908922303004
10125.172761983147,0.13835413856566237,3609.4702078974365,1601.8887419769887
10125.417434217969,0.10871054952304612,3609.597059117964,1601.9363668981023
10125.617050106372,0.08098618767329265,3609.7005507110493,1601.9752216811482
10125.73982872508,0.061608056316984405,3609.764205738975,1601.9991202548122
10125.840791832456,0.04384158325206146,3609.8165504348462,1602.0187724852253
10125.910870891805,0.0305576267985783,3609.8528831821222,1602.0324132062315
10125.956251340958,0.022293244950195905,3609.8764108437445,1602.041246400889
10125.99309881824,0.017646021987311078,3609.8955145545956,1602.0484186726067
10126.028366901592,0.017739306482702083,3609.9137994228568,1602.0552835186338
10126.062464223676,0.02204888188608018,3609.93147730564,1602.061920478376
10126.103191569837,0.029386806537967918,3609.952592548974,1602.0698479553616
10126.140450698025,0.03651045885063725,3609.9719096819035,1602.0771003517343
10126.222392673057,0.05162868550630833,3610.014392802308,1602.093050150849
10126.314048138278,0.06714125177109136,3610.061911917881,1602.1108906531915
10126.440693600556,0.08651222944471836,3610.127571727446,1602.1355418636201
10126.632130656239,0.1124838687905636,3610.2268229796814,1602.172804577323
10126.914806757502,0.1458899074667873,3610.3733774555844,1602.2278267017934
10127.326177042069,0.18762460787426574,3610.586653913147,1602.3078987375122
10127.920515007927,0.2386267317933113,3610.8947906549897,1602.4235847836349
10128.776422906869,0.29957902663936453,3611.3385393234566,1602.5901843600016
10130.003196142932,0.37005912163421045,3611.9745645539106,1602.828971109161
10131.747606600695,0.44724294057644054,3612.878960830317,1603.168512942133
10134.193907207627,0.5236260486994502,3614.147254874381,1603.6446725640228
10137.530910473264,0.583230778717873,3615.8773374212024,1604.2941989529515
10141.838115380313,0.5976275494873632,3618.1104252780706,1605.1325623397236
10147.033609162565,0.5234807453213443,3620.8040507500073,1606.1438143077569
10149.88830035801,0.4309047972755289,3622.284077634272,1606.6994474140608
10151.935361006019,0.33088846484214224,3623.345385130727,1607.0978824452513
10153.044270837996,0.25822468442929547,3623.920304301765,1607.3137173308476
10153.846508797726,0.19219131656346897,3624.3362281141494,1607.46986221813
10154.28093718182,0.14873374273463572,3624.561459435027,1607.5544177850811
10154.601915140627,0.11090588219060864,3624.727871883319,1607.6168917241077
10154.78649360667,0.08571559794788003,3624.823567410015,1607.652817361905
10154.91723587314,0.06558555503778402,3624.8913513201232,1607.6782645221317
10155.02283333817,0.04740866778427855,3624.946098796307,1607.698817592208
10155.103742858873,0.03220737158603012,3624.9880466979653,1607.71456549612
10155.150546131359,0.023509402629727012,3625.0123120632866,1607.723675095775
10155.186401757532,0.01835757066090106,3625.0309015725984,1607.7306538892428
10155.222190878025,0.017266054971195936,3625.0494566017774,1607.7376197378062
10155.2561347917,0.02082486825355352,3625.0670549752804,1607.7442264423648
10155.284394224806,0.02559723081006044,3625.081706204491,1607.7497267425206
10155.31206284371,0.03079178324699652,3625.096051123463,1607.7551120487165
10155.364859990475,0.04084828236350538,3625.1234240399212,1607.765388267391
10155.44718724724,0.055709258402822585,3625.166106973895,1607.7814121025538
10155.546927219297,0.07214238845007725,3625.2178176081184,1607.8008250726625
10155.68969226209,0.0932806271947698,3625.291834782983,1607.8286122553345
10155.904181843385,0.12129214173434102,3625.4030378665734,1607.8703595828986
10156.219535359733,0.15700976144868403,3625.566534310986,1607.931738598868
10156.677023350616,0.2013114557632043,3625.8037210155658,1608.020781971224
10157.337380497851,0.2551380126735099,3626.1460861554374,1608.1493107228823
10158.287283310765,0.3189496302738103,3626.638567570827,1608.3341949524893
10159.646227692696,0.39179898137456204,3627.3431184809497,1608.5986923208752
10161.572396671685,0.4698050540738795,3628.341749651502,1608.9735898726535
10164.257702056664,0.5434881556689186,3629.7339587456286,1609.4962385606414
10167.8696538546,0.593541720267424,3631.606592286878,1610.199238594788
10172.799086776004,0.5842265119851772,3634.162280710625,1611.1586537885703
10176.453134492867,0.5178633380238894,3636.05673989046,1611.8698346496053
10179.683602660969,0.4053554604138533,3637.7315924376358,1612.4985705799468
10181.220093496639,0.32589531965607915,3638.5281939707183,1612.7976115476688
10182.485107853337,0.23988423819709626,3639.1840471803735,1613.0438154526257
10183.071422791,0.18987173833917623,3639.4880251940704,1613.157927008536
10183.574449652178,0.13832260152667677,3639.7488220805544,1613.2558285129678
10183.818859258594,0.10870904675560693,3639.8755375116457,1613.3033966487903
10184.018553372005,0.08097306317183162,3639.9790699640644,1613.3422620296458
10184.14131144329,0.06159697582112706,3640.0427145255353,1613.3661537586229
10184.242262126454,0.04383171994229603,3640.0950529333363,1613.3858012310095
10184.312312641965,0.03055296616725976,3640.1313709883334,1613.3994347725347
10184.35768811876,0.02229007926120031,3640.154896140925,1613.4082659477276
10184.394538452203,0.01764445223659978,3640.1740013885233,1613.415437921367
10184.429809677387,0.017741246858832677,3640.19228793924,1613.422302561525
10184.463878905455,0.022048388370966173,3640.209951308312,1613.4289332632795
10184.504592449759,0.029383574918990848,3640.231059457846,1613.4368571102386
10184.541843923034,0.03650572232216966,3640.250372678624,1613.4441071533133
10184.623783762123,0.05162382745321999,3640.2928548160644,1613.4600546377758
10184.715431218807,0.06713542819681824,3640.340369918742,1613.4778914574579
10184.842058781725,0.08650425799782109,3640.406020640587,1613.5025362494603
10185.033470768325,0.11247341479414456,3640.505259186286,1613.5397896480808
10185.31611052523,0.14587642727914849,3640.6517952484246,1613.5947981491913
10185.727428723805,0.1876074818192403,3640.865045326211,1613.6748505166947
10186.32169083127,0.23860512700789258,3641.173143640968,1613.790508030443
10187.177488464236,0.2995520127342435,3641.6168364402897,1613.9570663218544
10188.40410221064,0.3700257722496012,3642.2527808435207,1614.195793623212
10190.148283767134,0.4472025398687554,3643.157061089973,1614.535250527462
10192.594259740488,0.5235784990888976,3644.4251905331303,1615.0112903707757
10195.930811516162,0.5831773832949733,3646.155044055048,1615.6606517394332
10200.23749592843,0.597572144076096,3648.387868572596,1616.498814338298
10205.432252869972,0.5234311685904874,3651.0811198716915,1617.5098030348702
10208.286544121886,0.4308634515639602,3652.560943709008,1618.0652925072136
10210.33331157168,0.330856631872147,3653.6221022807226,1618.4636233224
10211.442057919618,0.2582002803464431,3654.1969383632018,1618.6794008570407
10212.244184307345,0.19217328389889782,3654.6128055387444,1618.8355055621764
10212.678552534146,0.14871997381297855,3654.838006324927,1618.920039422022
10212.999486751884,0.11089585066870138,3655.0043965787136,1618.9824974608496
10213.184041749986,0.08570791278072888,3655.100080216223,1619.018414283491
10213.314765980542,0.06558006216269097,3655.167854972345,1619.0438549248368
10213.420357365922,0.04740378022054856,3655.222599455475,1619.0644043816199
10213.501253138043,0.03220492602681664,3655.264540350906,1619.0801477479513
10213.548053358427,0.023507758330582152,3655.2888042043055,1619.0892556765853
10213.58390962357,0.018356566112562762,3655.307394098874,1619.0962337692993
10213.619696242502,0.017266416360114164,3655.32594788498,1619.1031983074583
10213.653643302592,0.02082645774123295,3655.34354794086,1619.1098048432493
10213.681907505177,0.025600009810934826,3655.3582016853766,1619.1153054213203
10213.709576344087,0.03079471655921074,3655.3725467600625,1619.1206901336445
10213.762394074804,0.04085498309939823,3655.399930427872,1619.1309691433073
10213.844722856202,0.05571561955878932,3655.442614276228,1619.1469913807846
10213.944476499264,0.072150200988512,3655.4943321484025,1619.1664047164204
10214.087268172922,0.09329114300925756,3655.5683633450913,1619.1941937968559
10214.30179581176,0.12130569027736718,3655.6795864826804,1619.2359435958263
10214.617202312347,0.15702650150489061,3655.843110871704,1619.2973256678524
10215.074764269433,0.20133142228484283,3656.08033661296,1619.3863729104833
10215.735225833345,0.25516098974099344,3656.4227568818656,1619.5149067934613
10216.685274582991,0.3189746297481736,3656.915315387933,1619.6997975787365
10218.044418679974,0.3918234784377151,3657.6199718850467,1619.9643025702396
10219.9708501517,0.4698236724303318,3658.618742041646,1620.3392069383287
10222.656469466987,0.5434904764795685,3660.011117928241,1620.861855039816
10226.268668446259,0.5935095144876875,3661.8838850423986,1621.5648202745988
10231.199069773318,0.5841200641278018,3664.440082930245,1622.5243108990294
10234.846992708066,0.5178360366491975,3666.3313721466084,1623.2342161501788
10238.079044455033,0.40526231832304466,3668.0070505409158,1623.8631863223627
10239.613655867763,0.3258910997073985,3668.802679970549,1624.161826406318
10240.87939792085,0.2398258623803927,3669.4589123485953,1624.4081429996513
10241.464967434367,0.18987336787198786,3669.762504767626,1624.5220960919294
10241.968296631969,0.13829130051402516,3670.023459153417,1624.620044934545
10242.212453138705,0.10870658167298336,3670.150043728126,1624.667558231037
10242.412218620115,0.08095985435856896,3670.2536134798324,1624.7064329367172
10242.534956267267,0.06158578093770281,3670.3172476354994,1624.7303178859015
10242.635894381006,0.04382175721570848,3670.3695796772686,1624.7499606054328
10242.705916088004,0.030548254129439588,3670.4058829008477,1624.7635869400838
10242.751286526787,0.022286880537608942,3670.4294055091686,1624.772416098032
10242.78813972542,0.01764286907232381,3670.4485122972405,1624.779587787212
10242.823414141454,0.017743209678122453,3670.4668005549142,1624.7864522423738
10242.857454857613,0.022047869478366428,3670.4844491926397,1624.7930766171996
10242.898153569773,0.02938011801346527,3670.50554971311,1624.8009966475217
10242.935396827776,0.03650065256664517,3670.524858730218,1624.808244240727
10243.017334409311,0.05161863788678451,3670.5673398194967,1624.8241894136352
10243.108973287512,0.0671292098611991,3670.614850611368,1624.8420224699375
10243.23558168251,0.0864957480604482,3670.6804915844373,1624.8666606386787
10243.42696679531,0.1124622573455124,3670.7797164828567,1624.9039044344538
10243.709567626358,0.14586205370344582,3670.9262327853453,1624.958898903475
10244.12083011553,0.18758925251333428,3671.139454593873,1625.0389310338505
10244.715011179838,0.23858218615606985,3671.4475117777233,1625.154559203048
10245.57069115602,0.2995234221496698,3671.891144853413,1625.3210750546095
10246.79713499331,0.36999063579747904,3672.5270029949024,1625.5597412865964
10248.541073251294,0.44716024997287657,3673.431159700883,1625.8991110376155
10250.98670545845,0.523529213974145,3674.6991145589973,1626.3750281881655
10254.322782866353,0.5831229174692788,3676.4287271066846,1627.0242211874042
10258.628892785007,0.5975172902740897,3678.661260175403,1627.8621739091097
10263.822987959347,0.5233831882502821,3681.3541760871904,1628.8729156564023
10266.676889498956,0.430824323340951,3682.8338021069603,1629.42826442545
10268.72339178406,0.3308263482802037,3683.89482623434,1629.8264971532817
10269.831979723192,0.25817746809999437,3684.4695818304263,1630.0422186894286
10270.634005983007,0.19215618791471567,3684.885398281358,1630.1982857028966
10271.068315577653,0.14870714433567306,3685.1105693121754,1630.2827982950944
10271.389210393298,0.11088637048557795,3685.276939612616,1630.3452413834184
10271.573742780754,0.0857007289428376,3685.3726118005784,1630.3811496182377
10271.704450489815,0.06557488406034676,3685.440378184449,1630.4065840783178
10271.810036120272,0.047399184157831946,3685.4951198401413,1630.4271300192793
10271.890918996762,0.03220262476685972,3685.537054169434,1630.442869040684
10271.937716327502,0.02350621626871706,3685.561316593925,1630.45197534512
10271.973573205603,0.018355624156043884,3685.5799068593387,1630.458952743535
10272.00935748301,0.017266756846536623,3685.5984594844144,1630.4659160140693
10272.043307510212,0.02082795203002896,3685.6160611288437,1630.4725223569894
10272.071576262933,0.025602632933171166,3685.6307172742313,1630.4780231791765
10272.099245357178,0.030797493033934115,3685.6450625222346,1630.4834073134032
10272.152082579747,0.040861324386661006,3685.6724563738867,1630.4936889176092
10272.234412810481,0.055721636154934424,3685.71514109547,1630.5097095691879
10272.334179406183,0.07215758759382479,3685.7668658306206,1630.5291231620572
10272.476996320751,0.09330108400394035,3685.840910324897,1630.5569139145412
10272.69156003157,0.12131849247781662,3685.9521524816355,1630.5986658658737
10273.007016717887,0.15704230259245627,3686.1157033563877,1630.6600505485085
10273.464648680852,0.20135023510932162,3686.352966069481,1630.749101034672
10274.125208993137,0.2551825777544355,3686.6954385119325,1630.8776391537504
10275.075395616796,0.31899800420477215,3687.1880699044523,1631.0625352247598
10276.434728109012,0.3918461599998175,3687.8928260853,1631.327046064643
10278.361406549006,0.4698404223770688,3688.891727130363,1631.7019548353608
10281.047319505507,0.5434911846802413,3690.284259222268,1632.2245992505273
10284.659742930078,0.5934765431542963,3692.1571480296298,1632.92752640937
10289.5910639823,0.5840149971641657,3694.7138300192796,1633.887084527256
10293.233112520737,0.5178058294382459,3696.6020789751756,1634.5957643344022
10296.466617454707,0.405170048000055,3698.2785155360516,1635.2249443367193
10297.999417534882,0.32588401827180524,3699.0732081195188,1635.523197360991
10299.265831636743,0.23976806765526065,3699.729790784878,1635.7696161853926
10299.850683919136,0.1898730718080911,3700.0330122090113,1635.8834165203475
10300.354292545506,0.13826025267722056,3700.2941122055176,1635.981408390494
10300.598205360076,0.10870318947942438,3700.420570794275,1636.0288687674622
10300.798035533264,0.08094657477440255,3700.5241743790493,1636.0677515593336
10300.920752894957,0.061574484233654726,3700.5877981976214,1636.0916297957465
10301.021678308862,0.04381170626562945,3700.640123803138,1636.1112677697802
10301.09167097597,0.030543495890733383,3700.6764120734715,1636.1248868761543
10301.137036315886,0.022283652490260413,3700.6999321048006,1636.1337140197018
10301.1738923854,0.017641274401256988,3700.719040435367,1636.140885437142
10301.209170038595,0.01774519282233195,3700.7373304231187,1636.1477497274127
10301.243181856356,0.02204732568214167,3700.7549641281694,1636.154367712247
10301.283864716786,0.029376438418297124,3700.7760564898817,1636.1622837411815
10301.321099206145,0.03649525349882319,3700.795361015447,1636.1695287890814
10301.403034402505,0.05161311936171671,3700.837840988304,1636.1854716518108
10301.494664138814,0.06712260013672978,3700.885347174906,1636.20330086469
10301.621252107609,0.08648670411773712,3700.95097774355,1636.2279322065388
10301.812608557422,0.11245040232295582,3701.050188062118,1636.2651661135167
10302.095167902951,0.14584679417658022,3701.1966832705666,1636.3201461441752
10302.506371090003,0.18756992911552897,3701.409874936528,1636.4001574718675
10303.100465970318,0.23855792029522854,3701.7178883087972,1636.5157554891007
10303.956020961457,0.2994932678771226,3702.1614578393387,1636.6822277526383
10305.182284558437,0.36995372691065326,3702.7972243310924,1636.9208313030351
10306.925965242212,0.44711608616796267,3703.701250050199,1637.2601116888193
10309.371234711049,0.523478206992395,3704.9690204238905,1637.735903247958
10312.706815063679,0.5830673887435065,3706.6983801487986,1638.3849245440624
10317.012296959061,0.5974629810845467,3708.9305939050396,1639.222658364527
10322.205804737296,0.523336788271199,3711.6232128546417,1640.2331693070878
10325.059326689068,0.4307873913345121,3713.102646232843,1640.7883802623553
10327.105591580375,0.33079759903114136,3714.1635502616014,1641.1865209643927
10328.214026132933,0.25815623260648785,3714.7382279467333,1641.4021878362146
10329.015963601929,0.1921400195663484,3715.1539995303883,1641.5582196213895
10329.450216073288,0.14869524541100976,3715.3791415770247,1641.6427113791424
10329.77107578502,0.11087743634970133,3715.545494144361,1641.7051404562249
10329.955586410602,0.08569404166060857,3715.6411553181197,1641.7410403275728
10330.086279098285,0.06557001769470028,3715.708914104151,1641.7664689402197
10330.191859295324,0.04739487679958915,3715.7636530964196,1641.7870114614639
10330.272730121995,0.03220046620471551,3715.8055812960224,1641.802746328593
10330.31952472284,0.02350477545511025,3715.8298423732404,1641.8118510547968
10330.355382187498,0.01835474420740978,3715.848432994913,1641.8188277650536
10330.391164281265,0.01726707653554584,3715.866984539908,1641.8257898100694
10330.42511709662,0.0208293516014096,3715.8845876792575,1641.8323959358688
10330.45339017438,0.025605099732680638,3715.8992461081148,1641.8378969670823
10330.481059555786,0.030800111554942437,3715.913591545243,1641.843280538115
10330.533915171814,0.04086730398232006,3715.9409950099935,1641.8535645389316
10330.616246774678,0.055727305801418575,3715.9836805627074,1641.8695836154782
10330.716025599735,0.07216454534563813,3716.0354117833695,1641.8889973557195
10330.858866355373,0.09331044623534489,3716.1094688459566,1641.916789551771
10331.073464138926,0.12133054327238216,3716.2207289800285,1641.958543332484
10331.38896819322,0.1570571583986354,3716.3843048718336,1642.0199301746468
10331.846666174222,0.2013678865157433,3716.6216024779346,1642.1089832695013
10332.507319527182,0.2552027674744672,3716.9641241184117,1642.2375247178268
10333.457635906205,0.3190197429410153,3717.4568241647294,1642.4224247880388
10334.817145395773,0.3918670143166508,3718.161674086391,1642.6869396781792
10336.744055173305,0.4698552922421379,3719.1606978683985,1643.0618504055053
10339.430241346656,0.5434902710861839,3720.553375509934,1643.5844879918313
10343.042866348052,0.5934428039239318,3722.4263740643387,1644.28737374992
10347.975058206574,0.5839113264048912,3724.983514672788,1645.2469913488596
10351.611478467974,0.517772848086112,3726.868850863077,1645.9544950009056
10354.846310308956,0.4050786921127832,3728.545980043174,1646.5838612103094
10356.377366098688,0.3258741932014815,3729.339770495687,1646.881740778496
10357.644398277316,0.23971087845215608,3729.996675436525,1647.1282516986373
10358.228561000406,0.1898709275192327,3730.2995401958574,1647.2419048746972
10358.732426842813,0.13822947339655556,3730.5607742749753,1647.3399355953898
10358.976105197688,0.10869891032223294,3730.6871116576754,1647.3873449360963
10359.175993604049,0.08093323816813695,3730.7907457222173,1647.4262346170487
10359.298690832831,0.06156309875961378,3730.8543592796773,1647.4501062095653
10359.39960343196,0.04380157869574638,3730.906678386806,1647.4697394477953
10359.469566862155,0.03053869687665051,3730.942951599921,1647.4833513106967
10359.514927047483,0.02228039896172119,3730.9664690242275,1647.492176443383
10359.551785990192,0.017639670182951463,3730.9855788975797,1647.4993476009026
10359.587066923936,0.017747194079965528,3731.0038706370383,1647.5062117455852
10359.621049490119,0.022046757590559015,3731.0214892253753,1647.512823283617
10359.661715495662,0.029372539976615993,3731.042572907178,1647.5207351293948
10359.698940673026,0.03648953086205028,3731.061872658544,1647.5279775382844
10359.780873350759,0.051607276164178886,3731.1043514437483,1647.543918090537
10359.872493391424,0.0671156044790428,3731.15185273568,1647.5617433812488
10359.999059692671,0.0864771334883327,3731.2174722531104,1647.5863676950937
10360.190385715317,0.11243785930030059,3731.3166670723353,1647.62359143101
10360.472901051051,0.1458306608214868,3731.4631398708725,1647.6785566221738
10360.884041393125,0.18754952657733395,3731.6762995470567,1647.7585465887828
10361.478045019885,0.23853234749531765,3731.9842664643875,1647.8741136568274
10362.333467799242,0.2994615711743983,3732.4277686814153,1648.0405411986128
10363.559540967588,0.3699150695591476,3733.063438210262,1648.2790804753881
10365.302949998491,0.44707007356084094,3733.96732559931,1648.6182693114245
10367.747838018457,0.523425500752942,3735.2349017263023,1649.093932416131
10371.082898938093,0.5830108099803497,3736.9639969425416,1649.7427787146457
10375.387700033973,0.5974092060904115,3739.195863915805,1650.5802847309453
10380.580693674585,0.52329194399953,3741.8882237551393,1651.5905807570819
10383.43384600578,0.4307526222534763,3743.3674695881086,1652.145656737699
10385.479900858965,0.3307703608504953,3744.4282676501075,1652.5437113791934
10386.588186969304,0.2581365501893597,3745.0028699600753,1652.759324897953
10387.390046815166,0.1921247648480374,3745.418602446515,1652.9153238791469
10387.824243648607,0.14868426308596513,3745.6437162682537,1652.9997952280837
10388.145072490206,0.1108690400420961,3745.8100532895587,1653.0622112182318
10388.329562189823,0.08568784347064004,3745.9057038779106,1653.098102946671
10388.460241333769,0.06556545835352307,3745.973455828952,1653.1235260403735
10388.565816413968,0.04739085379396742,3746.0281923193243,1653.1440652363276
10388.646676024831,0.03219844799380028,3746.07011481962,1653.1597961369375
10388.6934680521,0.023503434353042873,3746.094374629455,1653.1688993298887
10388.72932607673,0.018353925346205856,3746.112965592724,1653.1758753578586
10388.765106141811,0.017267375654991063,3746.131516137092,1653.1828362186452
10388.799061567817,0.02083065749507975,3746.149120678511,1653.1894421031493
10388.827338741763,0.025607410807183966,3746.1637812715057,1653.1949433074026
10388.855008438753,0.03080257211595895,3746.1781269118155,1653.2003263293
10388.907881351215,0.040872922170685964,3746.2055394196577,1653.2106125288037
10388.990214247795,0.0557326285595895,3746.248225760834,1653.2266300404187
10389.090004579095,0.07217107434738516,3746.299963089691,1653.2460438176101
10389.23286777597,0.09331922983829344,3746.3740319913986,1653.273837227929
10389.44749763343,0.12134184288553354,3746.4853090613256,1653.3155925138808
10389.763046238571,0.1570710692551978,3746.6489085020166,1653.3769810627805
10390.220806250472,0.20138437694570574,3746.886238922922,1653.4660361289527
10390.881546937395,0.255221559480565,3747.2288067867985,1653.5945799960089
10391.831984954617,0.3190398467194621,3747.721571255575,1653.7794827736263
10393.191660045864,0.3918860423947608,3748.4265089770647,1654.043999908367
10395.118785534356,0.4698682833894948,3749.4256473477635,1654.418910135757
10397.805224508866,0.543487737568591,3750.818459889313,1654.9415377364924
10401.41802824349,0.5934082992076032,3752.691556259626,1655.6443787520134
10406.351042087434,0.583809056063843,3755.249130057453,1656.6040478106497
10409.982074492149,0.5177372351878292,3757.131678026063,1657.3104234425339
10413.218111672953,0.40498828539718223,3758.8094367227864,1657.9399531414992
10414.74748878405,0.3258617544407,3759.6023590193636,1658.2374725629447
10416.015087006857,0.23965431460737022,3760.259559229861,1658.4840658167623
10416.598587173885,0.18986702059716387,3760.562081308388,1658.597577296029
10417.10268882216,0.13819897590065414,3760.8234383583053,1658.695642844873
10417.346141726131,0.10869378818480373,3760.9496591990805,1658.7430029866573
10417.546082155386,0.08091985813364075,3761.053320518925,1658.7818984070807
10417.668759415914,0.0615516376866514,3761.116923897611,1658.8057634261104
10417.769659101043,0.04379138619643287,3761.1692364524256,1658.8253919406313
10417.839593131768,0.03053386257714352,3761.2054945222662,1658.8389965511026
10417.884948112087,0.022277123820687625,3761.2290093122956,1658.8478196772055
10417.921809926964,0.01763805837734213,3761.248120727018,1658.8549905857392
10417.957094181585,0.0177492112077861,3761.266414238247,1658.8618546033117
10417.991047177296,0.02204616592725686,3761.2840175436295,1658.8684596441788
10418.031695346432,0.029368427655196417,3761.3050920356077,1658.8763671290262
10418.068910681182,0.03648349204409451,3761.324386736742,1658.883606807465
10418.150840701228,0.05160111414784371,3761.3668642602047,1658.8995450473296
10418.242450504966,0.06710823022869923,3761.414360374587,1658.9173663389913
10418.368993920296,0.08646704605641076,3761.4799682059984,1658.9419834274354
10418.56028778522,0.11242464120140248,3761.5791466239343,1658.9791967154206
10418.84275663455,0.1458136700096752,3761.7255957215693,1659.0341466735329
10419.253830655889,0.18752806509075065,3761.9387215957986,1659.1141147312342
10419.84773805556,0.23850549217092756,3762.2466394649673,1659.2296500679627
10420.703021533234,0.2994283607842116,3762.6900706715664,1659.3960317757262
10421.928894277355,0.3698746961891018,3763.3256380249823,1659.6345052169315
10423.67201784281,0.4470222462012998,3764.229379879768,1659.9736003599141
10426.116506055789,0.5233711260050045,3765.496752181957,1660.449132200871
10429.451025583876,0.5829531989222464,3767.225571422939,1661.097800268433
10433.755094114924,0.597355951779572,3769.457064669292,1661.9350697495256
10438.947645394179,0.5232486229127,3772.1492024853164,1662.9451664206013
10441.800437867241,0.4307199719003287,3773.6282657650017,1663.5001102066105
10443.846309484868,0.33074460295558683,3774.68897170671,1663.8980846301467
10444.954451996298,0.2581183893782091,3775.26350112562,1664.113646079915
10445.756245160952,0.192110405232229,3775.679200168397,1664.2696146315984
10446.190387811544,0.14867417881745656,3775.904286509087,1664.3540659885357
10446.511189931083,0.11086117067645922,3776.070610127213,1664.4164697970316
10446.695659523772,0.0856821244673009,3776.1662505503236,1664.4523535985902
10446.826326571754,0.06556119979815106,3776.2339964138255,1664.4777714950842
10446.931896845186,0.04738710937699556,3776.2887305605223,1664.4983074582117
10447.012746058212,0.03219656711233195,3776.3306477836304,1664.5140345763575
10447.059535664162,0.02350219092775543,3776.354906403896,1664.5231362799339
10447.095394222188,0.01835316634506534,3776.3734976941278,1664.5301116312648
10447.131172409903,0.017267654546255253,3776.3920473154603,1664.5370713481643
10447.165130271562,0.020831871267590427,3776.409653167412,1664.5436769674832
10447.19341131104,0.025609567737188057,3776.424315804295,1664.5491783082787
10447.221081348755,0.030804875763457328,3776.43866166016,1664.554560794283
10447.273970469027,0.040878181588952484,3776.4660826454688,1664.5648489959378
10447.356304580362,0.055737606773232605,3776.508769732203,1664.580864952095
10447.456105699726,0.0721771775208781,3776.560512794553,1664.600278656198
10447.598989947272,0.0933274387531755,3776.6345928110695,1664.6280730524902
10447.813649893344,0.12135239647070131,3776.745885782512,1664.6698295209676
10448.129240251348,0.1570840416853808,3776.9095073140206,1664.7312193257537
10448.58705833393,0.20139971443843027,3777.1468684857396,1664.8202757285121
10449.247880686653,0.2552389634878907,3777.489479618743,1664.9488211075322
10450.198432279762,0.31905832696432723,3777.9823043076112,1665.1337253060278
10451.558261654429,0.3919032571195162,3778.687323928836,1665.3982428870272
10453.485587334077,0.46987940931222527,3779.686568796413,1665.7731501676872
10456.172258835742,0.5434835962532306,3781.0795056633324,1666.2957646381637
10459.785218632946,0.5933730358166105,3782.952688010149,1666.9985575817066
10464.719006054116,0.5837081799152286,3785.510669784585,1667.9582701317054
10468.344884100405,0.5176991405833082,3787.3905504901886,1668.6635644882113
10471.582010234195,0.4048988542929331,3789.06887828809,1669.2932359555855
10473.109772518153,0.3258468404847747,3789.8609654924057,1669.590408181751
10474.377886899496,0.23959839107855926,3790.518435080346,1669.8370744207566
10474.960750719336,0.18986144251379528,3790.8206280507234,1669.950449504767
10475.465067650399,0.13816877103116681,3791.0820974197422,1670.048546030371
10475.708303847048,0.10868786970062584,3791.208206245423,1670.0958587566583
10475.908290360916,0.08090644779136288,3791.3118917372162,1670.1347588190492
10476.030947828027,0.06154011397775856,3791.37548502482,1670.1586173361818
10476.131834515481,0.043781140255909436,3791.427790981519,1670.178241141474
10476.201739017917,0.0305289984108749,3791.4640338395607,1670.1918384966643
10476.247088748138,0.02227383086718389,3791.4875459708496,1670.2006596212113
10476.283953430942,0.017636440897530248,3791.5066589238804,1670.2078302908392
10476.31924104367,0.017751241988649104,3791.524954225357,1670.2146941989567
10476.353164184404,0.022045551511401595,3791.5425420993943,1670.2212926987654
10476.393793561761,0.029364107390532208,3791.563606905215,1670.2291956497895
10476.430998538342,0.036477145850750146,3791.582896287913,1670.236432509059
10476.51292575624,0.05159464052102312,3791.625372472794,1670.2523684330654
10476.604524796658,0.06710048635274933,3791.6728631345172,1670.2701856511414
10476.731044135893,0.08645645392169768,3791.738458659794,1670.2947953215353
10476.92230415357,0.11241076383926615,3791.8376197958773,1670.331997891583
10477.204724098197,0.1457958417815296,3791.9840439320096,1670.3869322327746
10477.615728405068,0.18750556937685545,3792.197134234867,1670.4668778472853
10478.209534721444,0.23847738421428008,3792.5050005238204,1670.5823806899027
10479.064671974744,0.2993936719037834,3792.948357110256,1670.748715478868
10480.290334534495,0.3698326465428838,3793.583817198487,1670.9871215611354
10482.033159147015,0.44697264582287644,3794.4874064843525,1671.3261209207094
10484.477229625396,0.5233151204945267,3795.754565608233,1671.8015187578644
10487.811186314642,0.5828945774907502,3797.4830976743597,1672.4500054406442
10492.114471743673,0.5973032020159391,3799.7141908889885,1673.2870298702164
10497.306650639737,0.5232067858682306,3802.406142839809,1674.2969423603972
10500.15909277388,0.4306893868302216,3803.8850284337996,1674.851756665827
10502.204807287875,0.33072028823622235,3804.9456557553112,1675.249656568924
10503.312810923742,0.25810171208932486,3805.5201147057533,1675.4651672031148
10504.114548075262,0.1920969183817449,3805.9357858169587,1675.621107640745
10504.548637962302,0.14866497016764968,3806.1608454021653,1675.7055394127055
10504.86941740398,0.11085381511549151,3806.327157706317,1675.767931922343
10505.053867688575,0.08567687267563355,3806.4227883739914,1675.803808007907
10505.184524052218,0.0655572345000944,3806.4905288787445,1675.8292210209809
10505.290089821152,0.04738363658633244,3806.545260836004,1675.8497538415488
10505.370929434639,0.03219481997070191,3806.587173193898,1675.865477356895
10505.417716766948,0.02350104272260814,3806.61143070006,1675.874577613782
10505.453575831987,0.018352465716313156,3806.6300223027406,1675.881552293939
10505.489352289438,0.017267913648320168,3806.648571076464,1675.8885109062394
10505.523312415151,0.02083299491911743,3806.6661781491966,1675.895116236948
10505.55159708948,0.025611572963777213,3806.680842709718,1675.9006176776252
10505.579267489955,0.030807024478832833,3806.6951887919186,1675.9059996402016
10505.632171744197,0.04088308698853635,3806.722617696758,1675.9162896501052
10505.7145069914,0.0557422448418738,3806.765305486232,1675.9323040597899
10505.814318189858,0.07218286032405433,3806.817053912201,1675.9517175819938
10505.957222115081,0.09333508034183977,3806.8911443284073,1675.9795127386071
10506.17191018984,0.12136221361598397,3807.002452180291,1676.0212700706572
10506.487539538477,0.1570960877774751,3807.1660943632573,1676.0826606856992
10506.945411782053,0.20141391386479687,3807.4034842482465,1676.1717177976166
10507.60631020464,0.25525499741655,3807.746135733906,1676.3002637922325
10508.556967414164,0.3190752046757334,3808.2390164943313,1676.485168139825
10509.916939898603,0.39191868202470226,3808.944112190911,1676.7496843893318
10511.844450448714,0.4698886943808043,3809.94345556783,1677.1245863044705
10514.531334465084,0.5434778684624773,3811.336506322544,1677.647184535827
10518.144427956739,0.5933370244633995,3813.209762965304,1678.3499261161526
10523.078941237409,0.5836086823655185,3815.768127864169,1679.3096742969406
10526.699890518406,0.5176587178529274,3817.6454581703647,1680.0139325432858
10529.937994728278,0.40481041704541515,3819.3242975120006,1680.643725118256
10531.46420400719,0.3258295949254126,3820.1155816368214,1680.940562690956
10532.732786957258,0.23954311795836886,3820.77329590078,1681.1872930091226
10533.315039743547,0.189854288326322,3821.0751728720056,1681.3005368194636
10533.819552381918,0.13813886716436813,3821.336744399914,1681.3986606531769
10534.062580316286,0.10868120300361722,3821.462745582741,1681.4459276870803
10534.262607264924,0.08089301954345048,3821.5664523127607,1681.4848313492384
10534.385245121683,0.06152854011851263,3821.6300356013126,1681.5086834368847
10534.486118742843,0.0437708519242268,3821.682334921957,1681.5283025497333
10534.555993620506,0.03052410960863798,3821.7185625164843,1681.541892652636
10534.601338060766,0.022270523754634886,3821.7420719673055,1681.5507117813925
10534.63820560422,0.017634819572296415,3821.7611864540295,1681.5578822213813
10534.673496609208,0.017753284277831318,3821.7794835626564,1681.5647460368857
10534.707389644233,0.02204491523751127,3821.7970558744883,1681.571337958095
10534.747999304389,0.029359585927963824,3821.8181105133644,1681.579236208024
10534.785193424232,0.03647050226690626,3821.8373943182514,1681.5864701625055
10534.867117690352,0.05158786362890956,3821.8798690850767,1681.602403765685
10534.958705457962,0.06709238318182971,3821.9273540278505,1681.6202168383927
10535.085199563478,0.08644537103940692,3821.9929366438237,1681.6448189037008
10535.276424091659,0.11239624545209183,3822.092079642105,1681.6820104939102
10535.558792780446,0.14577719924990937,3822.2384775911123,1681.7369288457628
10535.969724073588,0.18748206794509045,3822.451530602388,1681.8168514988201
10536.563424585696,0.2384480581064892,3822.7593428495156,1681.9323211074307
10537.418408884652,0.299357545143275,3823.2026213064455,1682.098607925401
10538.643851771565,0.36978896650402854,3823.8379691812693,1682.3369451711653
10540.386364318229,0.44692132062126905,3824.7413990587206,1682.6758467198022
10542.829999631838,0.5232575278875568,3826.0083359100486,1683.1511078957453
10546.163372625508,0.5828349711656153,3827.736569909766,1683.799410135367
10550.465825832987,0.5972509384250111,3829.9672375251666,1684.636181249248
10555.657700256204,0.5231663880467555,3832.659038700075,1685.6459242942153
10558.50980129407,0.4306608056796227,3834.1377513342527,1686.2006117611259
10560.555384065263,0.33069737415395384,3835.198313137158,1686.598442677153
10561.663253412578,0.2580864745756474,3835.772703971695,1686.8139037155497
10562.464944904099,0.1920842786896772,3836.1883525006397,1686.96981828776
10562.898983406338,0.14865661136357727,3836.4133860351626,1687.0542308711247
10563.219744094948,0.11084695829202604,3836.579689052837,1687.11661293926
10563.404175847225,0.08567207434825722,3836.675310363033,1687.152481514048
10563.53482289662,0.06555355382628918,3836.743046216376,1687.1778899485257
10563.640384454378,0.04738042743800535,3836.7977761338593,1687.198419714401
10563.721215243868,0.03219320249544254,3836.839684026762,1687.2141398016397
10563.768000445189,0.02349998692195167,3836.86394049171,1687.2232386532514
10563.803859991205,0.018351821751069003,3836.8825323925257,1687.2302126675525
10563.839634860786,0.017268153484353555,3836.9010803916467,1687.2371702134003
10563.873597083139,0.020834030832187565,3836.918688597595,1687.2437752326953
10563.901885163237,0.025613429688600454,3836.9333549623507,1687.2492767367528
10563.929555945602,0.03080902107660042,3836.9477012801754,1687.2546581876336
10563.982474280363,0.04088764498938435,3836.975137557206,1687.2649498156109
10564.064810585194,0.05574654898636403,3837.017826006984,1687.2809626874434
10564.164631166765,0.07218813046091656,3837.0695794334856,1687.3003759209175
10564.307553421617,0.09334216499613357,3837.1436795472664,1687.3281716162962
10564.52226770097,0.12137130783511967,3837.255001277207,1687.369929498792
10564.837933328627,0.15710722456123447,3837.4186626986793,1687.4313204866132
10565.295855894952,0.20142699615507081,3837.656079296672,1687.5203776916967
10565.95682489374,0.2552696864762704,3837.998768271891,1687.6489234218773
10566.907579905803,0.31909050936567535,3838.4917010313216,1687.8338266699811
10568.267684530694,0.3919323501044626,3839.1968670855263,1688.0983398426413
10570.19536491073,0.4698961725889441,3840.196301130515,1688.4732340175065
10572.882441797627,0.5434705836576668,3841.5894555278055,1688.995812957831
10576.495647037264,0.5933002793215765,3843.4627750064965,1689.6984999455772
10581.430839400069,0.5835105393514184,3846.0214986676847,1690.658276053603
10585.047076821644,0.5176161213865859,3847.8963909373288,1691.3615416251364
10588.286053955797,0.4047229837396077,3849.5756872348097,1691.9914357489206
10589.81076980331,0.325810163551363,3850.3661991283757,1692.2879507583004
10591.079776128317,0.2394885004421876,3851.024134609663,1692.5347367114632
10591.66144221893,0.18984565475379664,3851.325708185309,1692.6478541743447
10592.166131977254,0.1381092701281321,3851.5873722243914,1692.7460018381012
10592.408959769225,0.1086738367656494,3851.7132699682074,1692.7932248373327
10592.609021801683,0.08087958485620925,3851.816995157783,1692.8321311143895
10592.731640237373,0.06151692788349341,3851.8805685426064,1692.8559768454113
10592.832500737906,0.043760531604441745,3851.932861196722,1692.8755912847735
10592.902345924642,0.030519201115185874,3851.9690734917835,1692.8891741438447
10592.947685040097,0.022267205921883866,3851.992580243037,1692.89799128328
10592.98455543412,0.017633196112942222,3852.011696257405,1692.905161502135
10593.019849862547,0.017755336045105215,3852.0299951885645,1692.9120252410803
10593.053712573597,0.022044258051743232,3852.047551824184,1692.9186105522522
10593.094301624042,0.02935487063664595,3852.068595832413,1692.926503940015
10593.131484407037,0.036463572184654146,3852.087873809702,1692.933734907482
10593.213405566772,0.05158079269419225,3852.130347076463,1692.9496661834164
10593.304981570538,0.06708393209632808,3852.17782604361,1692.967475042039
10593.431449320648,0.08643381279756367,3852.2433951658104,1692.9920693215145
10593.622636769123,0.11238110614394985,3852.3425191974275,1693.0292496790426
10593.90495192493,0.14575776789357803,3852.488889772202,1693.084151681954
10594.31580700925,0.18745759223343542,3852.7019038259164,1693.164050873258
10594.909397145182,0.23841755187603877,3853.0096596472076,1693.2794865336355
10595.764221972166,0.29932002529164325,3853.4528565758405,1693.4457243649256
10596.989435996917,0.36974370667311734,3854.088087444791,1693.6839913479346
10598.731623778029,0.4468683237834601,3854.9913512895146,1694.0227931286918
10601.174807044059,0.5231983963823911,3856.258057059152,1694.497915078705
10604.507576136433,0.5827744081560023,3857.985982440239,1695.146029924481
10608.809149559413,0.597199140959222,3860.2161996981795,1695.9825397381771
10614.00078515098,0.5231273803658117,3862.9078840131597,1696.9921275971333
10616.852554033092,0.4306341611526447,3864.386428258401,1697.5466907911632
10618.89802957608,0.33067581409992525,3865.4469372067865,1697.9444580751779
10620.005769073168,0.2580726288485154,3866.0212622015306,1698.159870701735
10620.807424912166,0.19207245809772294,3866.4368933187966,1698.3157615845357
10621.241413364207,0.14864907413501732,3866.661901484795,1698.4001553644212
10621.562159093539,0.11084058369102412,3866.8281971757624,1698.4625278207875
10621.74657306404,0.08566771441116051,3866.9238095134615,1698.4983890839649
10621.87721212373,0.0655501483156625,3866.991541399198,1698.5237932349512
10621.98276975386,0.04737747317799024,3867.0462694215566,1698.5443200314578
10622.063592469767,0.032191710255854,3867.0881732367125,1698.5600368598637
10622.110375677445,0.023499020438624986,3867.1124287306097,1698.5691343462975
10622.146235678883,0.0183512325720692,3867.131020915516,1698.576107699946
10622.182009097918,0.0172683746432914,3867.149568210434,1698.5830642162816
10622.215973254304,0.020834981688396776,3867.1671774645424,1698.5896689021076
10622.244264514089,0.02561514172923675,3867.1818455156968,1698.595170433479
10622.271935694778,0.030810869056554908,3867.1961920770527,1698.6005513837092
10622.324867081676,0.04089186376079974,3867.223635191954,1698.61084444423
10622.407204366998,0.055750526934167786,3867.2663242602175,1698.6268557865685
10622.507033651842,0.07219299749608056,3867.3180823325856,1698.6462686270872
10622.649972919346,0.09334870562131381,3867.392191458007,1698.6740646449805
10622.864711523704,0.12137969589561501,3867.5035260868035,1698.7158227723355
10623.180410781488,0.15711747313850685,3867.6672053665066,1698.7772137060083
10623.63837992114,0.20143898724537368,3867.9046467235203,1698.8662704031394
10624.299414129582,0.25528306189745015,3868.247370391442,1698.9948150101077
10625.250259310986,0.3191042775600264,3868.740351171484,1699.1797159402827
10626.610485361009,0.39194430216579335,3869.4455819979644,1699.4442243329786
10628.538320879312,0.4699018859322416,3870.4450990516143,1699.8191084504797
10631.225571448536,0.5434617780342009,3871.8383470840486,1700.3416651222317
10634.83886700597,0.5932628173786962,3873.71171820821,1701.044294368822
10639.774692815263,0.5834137198145479,3876.270776864008,1702.0040908973301
10643.386426054376,0.5175715037546246,3878.14333867824,1702.7064053960173
10646.626176780857,0.40463655713278396,3879.8230403623425,1703.336382630117
10648.149456367424,0.3257886916523185,3880.6128096280854,1703.6325866851355
10649.418843317944,0.2394345393140245,3881.270944135807,1703.879420300304
10649.999946020202,0.1898356383658442,3881.5722263855873,1703.9924161361366
10650.504795318562,0.1380799833955751,3881.833973810638,1704.0905843461696
10650.747430744752,0.10866581931836614,3881.959772141488,1704.1377648996026
10650.947522813187,0.08086615417877872,3882.063513169183,1704.1766728648404
10651.070122021463,0.06150528821756322,3882.127076747939,1704.200512312212
10651.170969360384,0.043750188952872575,3882.179362712026,1704.2201220990478
10651.240784818097,0.03051427753588364,3882.2155596862576,1704.2336977277741
10651.286118578648,0.022263880559368465,3882.239063721329,1704.2425128850157
10651.322991810594,0.017631572098405057,3882.2581812559843,1704.249682890534
10651.358289690806,0.017757395395856086,3882.2764820236057,1704.2565465682198
10651.392121890434,0.022043580937614368,3882.294022885003,1704.2631252437002
10651.43268947385,0.029349969362499596,3882.315055817148,1704.2710136148733
10651.46986045946,0.036456367187551214,3882.3343277272193,1704.278241516709
10651.551778353427,0.0515734376179285,3882.3767994094733,1704.2941704575862
10651.64334212194,0.06707514528691647,3882.424272154544,1704.3119750367152
10651.76978243349,0.0864217956879363,3882.4898272185465,1704.3365613564208
10651.960931267793,0.11236536746003367,3882.5889314836327,1704.3737302382256
10652.243190692801,0.14573757502527537,3882.735273538343,1704.4286155464836
10652.65396648474,0.18743217593570316,3882.948247026551,1704.508490795182
10653.247441832173,0.23838590627467268,3883.255944121049,1704.6238918208935
10654.102100897067,0.2992811603540839,3883.6990562409956,1704.7900796893916
10655.327077190877,0.36969692129610404,3884.3341654784367,1705.0282750390268
10657.06892794886,0.44681371231870065,3885.2372568962505,1705.366975171394
10659.511642871072,0.5231377776768849,3886.503723080453,1705.8419554313998
10662.843788553495,0.5827129187799217,3888.2313296538405,1706.4898800497378
10667.14443629522,0.5971477882879322,3890.4610726621295,1707.3261208802394
10672.335896268198,0.5230897105463909,3893.1526727773144,1708.3355673061276
10675.187341616582,0.43060938138464383,3894.631053040944,1708.8900087138095
10677.23273354082,0.3306555583931347,3895.6915213308057,1709.2877175315418
10678.340347468988,0.25806012364449565,3896.2657826810737,1709.5030828929612
10679.141977293108,0.19206142669854567,3896.68140136597,1709.658952185216
10679.575916983094,0.14864232828372756,3896.906384821753,1709.7433275350998
10679.896651406823,0.11083467370070534,3897.0726750733247,1709.805691180105
10680.081048319327,0.08566377676943443,3897.168278809734,1709.8415453245177
10680.211680665185,0.06554700787624937,3897.236007386506,1709.866945476817
10680.317234640806,0.04737476446817056,3897.290733653044,1709.887469386629
10680.398050006625,0.03219033855065323,3897.3326337637873,1709.9031831197267
10680.444831352472,0.02349813998076404,3897.3568883539538,1709.9122792797266
10680.480691784373,0.01835069617488611,3897.375480809232,1709.9192519778392
10680.51646388486,0.01726857776561637,3897.3940274676042,1709.9262075003528
10680.550429817979,0.020835850403798633,3897.4116376875863,1709.9328118315045
10680.578724035566,0.025616713406242008,3897.426307309494,1709.9383133547947
10680.60639562856,0.03081257249023022,3897.44065412103,1709.9436938147835
10680.659339068023,0.04089575273366315,3897.468103554446,1709.9539881276926
10680.741677258246,0.055754187651236325,3897.510793200219,1709.9699979487314
10680.841514585225,0.0721974725193705,3897.562555573535,1709.9894102951864
10680.984469584462,0.09335471717714855,3897.6366730434283,1710.017206425636
10681.199230685841,0.12138739722569075,3897.748019618739,1710.05896450121
10681.514960997736,0.1571268579671602,3897.9117154143382,1710.1203549663705
10681.972973064278,0.20144991718135813,3898.149179630011,1710.2094105721171
10682.634067263216,0.25529515984250106,3898.4919352705188,1710.3379532223753
10683.584995190527,0.3191165515482232,3898.984960202004,1710.5228506520996
10684.945332244659,0.3919545854071945,3899.6902503686665,1710.7873526119586
10686.873308613138,0.4699058828931269,3900.689842981758,1711.1622244235455
10689.560714204554,0.5434514932553218,3902.083174917021,1711.6847559379166
10693.174079243827,0.5932246578924206,3903.956586806099,1712.387324391198
10698.110494172857,0.5833181868750904,3906.5159573697956,1713.347134063317
10701.717921332549,0.5175250134687807,3908.386291349012,1714.0485371924524
10704.958352135909,0.40455113315996727,3910.0663498674353,1714.6785802178324
10706.48025012409,0.3257653217350486,3910.8554048096453,1714.9744844264746
10707.74997740128,0.23938123121524943,3911.513717423922,1715.2213582029522
10708.330538957078,0.18982433405434673,3911.8147198655993,1715.3342369197974
10708.835531225048,0.13805100817546664,3912.0765420749817,1715.4324225869996
10709.07798170727,0.1086571979048896,3912.2022448351304,1715.4795622125114
10709.278099066098,0.08085273683578881,3912.305999236302,1715.5184709971918
10709.400679243217,0.06149363110478634,3912.3695531080643,1715.5423042336736
10709.501513391784,0.0437398327646852,3912.4218323650257,1715.5619093907478
10709.57129910784,0.03050934308217387,3912.4580140103026,1715.575477807151
10709.616627487781,0.022260550573416846,3912.481515314879,1715.5842909899222
10709.653503542724,0.01762994895800584,3912.5006343612995,1715.5914607892526
10709.688804900405,0.017759460593861985,3912.5189369779514,1715.5983244202632
10709.7226064299,0.022042884892991627,3912.5364619820357,1715.604896439781
10709.763151725692,0.02934489025853988,3912.5574834117197,1715.6127796468875
10709.80031047364,0.036448899299286894,3912.576749025477,1715.6200044082254
10709.88222493787,0.051565808744392906,3912.619219036448,1715.6359310048863
10709.973776020106,0.06706603547043274,3912.666685323605,1715.6537312425794
10710.100187850168,0.08640933692049994,3912.7322257859046,1715.6783094357313
10710.291296593981,0.11234905188443287,3912.8313095148405,1715.715466609064
10710.573498173098,0.14571664914461274,3912.977621946684,1715.7703348915409
10710.984191705493,0.1874058542163517,3913.1905533220024,1715.8501857372255
10711.577548018737,0.23835316384516625,3913.4981894754414,1715.965551471075
10712.432035268912,0.2992410004522817,3913.9412136298747,1716.131688442288
10713.656765297466,0.36964866701176313,3914.5761967841986,1716.369810846425
10715.398267236895,0.446757545789536,3915.4791096214153,1716.7084075304385
10717.840498132211,0.523075725822198,3916.745328035582,1717.1832437424805
10721.172001624416,0.5826505347881694,3918.472605991547,1717.8309754234128
10725.471679526077,0.597096858243106,3920.701851761174,1718.666939903608
10730.663024565349,0.5230533240924876,3923.393399028868,1719.676258124769
10733.514154668504,0.43058639148457084,3924.87161954682,1720.2305801510906
10735.559485640673,0.3306365552395555,3925.932058886508,1720.6282354720547
10736.666978117233,0.2580489055386032,3926.506258703191,1720.8435546766245
10737.468591178966,0.1920511533090152,3926.921869735787,1720.999404397238
10737.902483346454,0.1486363423390315,3927.146829114705,1721.0837616786193
10738.223209972342,0.11082920995914651,3927.313115738723,1721.1461172822846
10738.407590522682,0.08566024464999625,3927.408711230661,1721.1819644942618
10738.538217379868,0.06554412199046865,3927.4764371308916,1721.2073609220104
10738.64376796325,0.04737229157476432,3927.5311617753428,1721.2278820250838
10738.724576674296,0.03218908250347527,3927.5730585404417,1721.2435928204204
10738.77135628449,0.023497342117779988,3927.5973122913006,1721.2526876913646
10738.80721712258,0.018350210468237302,3927.615905003608,1721.259659738994
10738.84298803103,0.01726876352896448,3927.6344510902654,1721.2666143021008
10738.876955589247,0.020836640061948474,3927.6520621967884,1721.2732182582968
10738.905252547951,0.02561814942438299,3927.666733276514,1721.2787197389807
10738.932924564995,0.030814135892263117,3927.681080343736,1721.2840997185485
10738.985879089261,0.040899322334421125,3927.708535592822,1721.2943951096524
10739.06821811065,0.05575754107476867,3927.7512257761346,1721.310403417495
10739.168062839364,0.07220156782012038,3927.8029921162774,1721.3298151723022
10739.311032329451,0.09336021624583148,3927.8771172842985,1721.357611212431
10739.525814157094,0.12139443335568523,3927.9884748835543,1721.3993689496488
10739.841573027721,0.1571354061278994,3928.152185894672,1721.4607585460412
10740.299624488876,0.20145981922855888,3928.38967112805,1721.5498124968842
10740.960773622552,0.25530602034573074,3928.7324561060605,1721.6783523854042
10741.911777104739,0.3191273781293825,3929.2255214407674,1721.863245172589
10743.27221506824,0.3919632520453021,3929.9308656853364,1722.1277391033643
10745.200318446312,0.4699082170744562,3930.930526641595,1722.5025964378008
10747.887860984702,0.5434397752879028,3932.323933051928,1723.0251000060973
10751.501275327333,0.593185821898001,3934.1973751680134,1723.7276047230996
10756.438236486036,0.583223899002838,3936.757035300082,1724.6874205172342
10760.041545917918,0.5174767934614576,3938.6252390117606,1725.3879500486928
10763.282569019168,0.40446670172483334,3940.3056087876166,1726.0180426500535
10764.803137504034,0.3257401919063039,3941.0939763804968,1726.3136576083004
10766.073167232453,0.2393285691128026,3941.752447438377,1726.560564512315
10766.65320880117,0.18981183394058884,3942.0531810288758,1726.6733304027846
10767.158328466217,0.13802234362336976,3942.3150699385146,1726.7715306304156
10767.400601065832,0.10864801816152177,3942.4406807835053,1726.8186307738702
10767.600739266923,0.08083934101894914,3942.544446247815,1726.8575395662976
10767.723300610149,0.061481965528766294,3942.6079905122447,1726.881366664147
10767.824121550711,0.04372947093886132,3942.6602630507855,1726.9009672158188
10767.893877535254,0.030504401551344824,3942.69642937083,1726.9145284419426
10767.939200512907,0.022257218573521646,3942.7199279327074,1726.9233396584991
10767.976079373908,0.017628327967233397,3942.7390484813477,1726.9305092581994
10768.011384232288,0.017761530071147783,3942.757352958346,1726.9373728564508
10768.045154959427,0.022042170920442028,3942.774862035776,1726.9439382046837
10768.085677184625,0.029339641653293173,3942.7958715561454,1726.9518161073709
10768.122823275284,0.036441180795192644,3942.815130655216,1726.9590376571716
10768.20473414137,0.051557916678526945,3942.857598905868,1726.9749618991534
10768.296272107107,0.06705661567020177,3942.905058510107,1726.9927577370283
10768.422654453985,0.0863964541262868,3942.9705838486366,1727.017327644206
10768.613721690517,0.11233218244725568,3943.0696463027575,1727.0544728869006
10768.895863393387,0.14569501944659322,3943.2159280530054,1727.1093238274789
10769.30647181827,0.1873786630972194,3943.4288158300487,1727.189149830779
10769.899705022173,0.23831936815947818,3943.736388916875,1727.3044796456365
10770.754014648008,0.29919959691262443,3944.1793220753793,1727.4705648278643
10771.978490219753,0.36959900184273664,3944.8141748732924,1727.7086130346322
10773.719632017835,0.4466998851970664,3945.7169032221263,1728.0471045531228
10776.161363829244,0.5230122961506796,3946.982866007455,1728.5217944681735
10779.492207096035,0.5825872887221595,3948.709805924218,1729.1693306290172
10783.790872777487,0.5970463282211028,3950.9385323904094,1730.005011716053
10788.982160981386,0.5230181654569945,3953.630056824721,1731.014214425959
10791.832983790895,0.4305651149609,3955.108121659726,1731.5684193941745
10793.87827551348,0.33061875181964095,3956.1685432588006,1731.9660259879236
10794.985650489787,0.25803891995163336,3956.742683567321,1732.1813001053206
10795.787255647596,0.19204160613151508,3957.1582915238328,1732.3371321916823
10796.221101483135,0.14863108415131665,3957.383227434053,1732.4214717540701
10796.541823669724,0.11082417373391959,3957.5495121651647,1732.4838200554518
10796.726188525337,0.08565710092506783,3957.645099754823,1732.5196605147491
10796.8568110672,0.06554147992583428,3957.7128235841424,1732.5450534812237
10796.962358509541,0.04737004456510454,3957.767546734554,1732.5655718547741
10797.043161232305,0.03218793715357665,3957.809440497875,1732.5812798638076
10797.089939227348,0.023496623349851826,3957.8336934709337,1732.5903734817095
10797.125800448102,0.0183497733175775,3957.8522864273336,1732.597344883862
10797.161570285472,0.017268932632151044,3957.8708320042456,1732.6042985206952
10797.195539323047,0.020837353843028088,3957.88844392105,1732.6109020826275
10797.223838812137,0.02561945474216107,3957.903116348758,1732.6164034871992
10797.251511262983,0.030815564088196246,3957.91746367615,1732.6217829956286
10797.30447593809,0.040902583666473896,3957.9449242556084,1732.6320792970866
10797.386815719048,0.05576059781418138,3957.9876149376414,1732.6480860998115
10797.486667231218,0.07220529651380364,3958.0393849220063,1732.667497169192
10797.62965001401,0.09336522052159026,3958.113517164036,1732.695292923747
10797.844450858236,0.12140082725506782,3958.2248848964327,1732.7370500468699
10798.160235878378,0.1571431465177996,3958.38860986751,1732.7984383894575
10798.618323323792,0.20146872888215125,3958.6261143410625,1732.8874901433496
10799.27952251097,0.255315686122752,3958.9689261122844,1733.0160264958106
10800.230594605151,0.31913680722663995,3959.462028231091,1733.2009135419692
10801.59112373172,0.3919703577670185,3960.1674214725763,1733.4653979084983
10803.519340756122,0.4699089455916304,3961.1671438041017,1733.8402386778807
10806.207002789497,0.543426673021195,3962.5606155861296,1734.362711619285
10809.820446955126,0.5931463315926799,3964.4340777549787,1735.0651497745607
10814.75791297884,0.5831308113954743,3966.994005909016,1736.0249649421605
10818.357283284908,0.5174269797185044,3968.8601718685145,1736.7246567184695
10821.956653590976,0.3877075767648167,3970.7263381071903,1737.424344085342
10823.239603528002,0.31841867427593057,3971.3915094837243,1737.6737377160357
10824.522553465027,0.22854281160228548,3972.056680895688,1737.9231307871023
10825.013964627578,0.1854769557814916,3972.3114629876877,1738.0186562205713
10825.50537579013,0.13430096284555415,3972.566245084883,1738.1141815719652
10825.728088960355,0.1069695789530703,3972.681715252735,1738.1574747288705
10825.92742312042,0.0790233709296998,3972.7850640986944,1738.196223231601
10826.047515660744,0.0598674698491196,3972.8473285170417,1738.2195679750507
10826.146519819367,0.042281258465600165,3972.898659235519,1738.2388133522795
10826.212303415561,0.029776357528717247,3972.932766078253,1738.251600996349
10826.256707397684,0.02178675147524023,3972.9557882255076,1738.2602326658964
10826.293758503305,0.017428755321990078,3972.97499812449,1738.2674350126686
10826.32325049247,0.017562790515564107,3972.990288845885,1738.27316794606
10826.352742481637,0.02094027990384484,3973.0055795672993,1738.2789008791565
10826.3831988178,0.02613945707155955,3973.0213702740416,1738.2848212708757
10826.411210442078,0.03142345929777433,3973.0358934702163,1738.2902664360145
10826.468248118468,0.04225953695394651,3973.0654658133553,1738.3013539595697
10826.551083329414,0.057095582252015165,3973.1084134129815,1738.3174562501679
10826.65371307902,0.07385025106086007,3973.161623893917,1738.337406386897
10826.802122038756,0.09558467083320442,3973.2385695377884,1738.3662555110582
10827.024609632832,0.12427318368926535,3973.3539227573087,1738.4095047202497
10827.351227433363,0.16074724552843106,3973.5232644027583,1738.4729956976307
10827.824673934028,0.2058882201802686,3973.768732379871,1738.565028526225
10828.50785425098,0.2606226517768106,3974.1229411324784,1738.697831183734
10829.490163886749,0.32531932331378977,3974.6322395916686,1738.888780977093
10830.894470020428,0.39882802369563414,3975.360330775389,1739.1617615093082
10832.882517321877,0.4768684579859617,3976.391074556957,1739.5482132880563
10835.647739354803,0.5492269248974636,3977.8247606133446,1740.0857359819856
10839.345005413732,0.5954182417647226,3979.7416842602706,1740.804431692152
10844.459790926068,0.5765264641593175,3982.393550511235,1741.7986653028452
10848.057668107484,0.5025048269730056,3984.2589446250217,1742.4980305612048
10851.01495533344,0.3923352861530602,3985.7922117854732,1743.0728729054006
10852.488464180751,0.3126904395326275,3986.556183209229,1743.3592948701541
10853.64491546091,0.23122797756823799,3987.1557695506845,1743.5840863883461
10854.209761899012,0.18163431944959466,3987.4486260048384,1743.6938813279817
10854.669433829886,0.13330705401285453,3987.686952540174,1743.7832323508164
10854.90535403288,0.10410066147785287,3987.809270309923,1743.8290904885316
10855.08925034266,0.07806171604801923,3987.904615203603,1743.8648362157621
10855.20879625898,0.05888533609593655,3987.966596288304,1743.888073520498
10855.306680345135,0.04140652443447633,3988.0173463435863,1743.9071002006167
10855.370367060512,0.02928530566625873,3988.050366055614,1743.9194796040404
10855.413965778815,0.021504436854251387,3988.0729707247006,1743.9279543082096
10855.45093439747,0.017334806456838735,3988.0921378797275,1743.9351402553414
10855.47864871842,0.017557325168433845,3988.1065069502015,1743.9405273550271
10855.506363039369,0.020662427654029366,3988.1208760206932,1743.945914454454
10855.535323589964,0.025525768038379276,3988.1358912250776,1743.9515437952598
10855.563151279608,0.030746921959433307,3988.1503190739777,1743.9569529307182
10855.615534109304,0.04072584703627047,3988.1774780499013,1743.9671350840129
10855.697827687864,0.05558962996157264,3988.2201448805777,1743.983131274729
10855.797324493093,0.07199431416299297,3988.271731084893,1744.0024714182575
10855.939617313046,0.09308045727201081,3988.3455057804968,1744.0301302257628
10856.153436720717,0.12103162836084397,3988.4563649358333,1744.0716923229302
10856.467837238213,0.15667904409875327,3988.619372478347,1744.1328052920817
10856.923963186802,0.20089874733212806,3988.8558605469007,1744.2214666995144
10857.582353979045,0.2546298168355769,3989.197217075426,1744.3494440662664
10858.529431531479,0.31833523225926147,3989.68824933169,1744.5335358303287
10859.88435461052,0.39107650998181825,3990.390737703784,1744.7969035776985
10861.804890510952,0.4689925726893184,3991.3864800082215,1745.170213165953
10864.482538978516,0.5426433884338474,3992.7747634070197,1745.690686572151
10868.084892054569,0.5927923155412858,3994.64247968016,1746.3908975206775
10872.998761512117,0.5838636994700926,3997.1901798523736,1747.3460287229984
10876.676829573667,0.5171646754774769,3999.097152832322,1748.060946262191
10879.8909144367,0.4051816873782789,4000.7635640435046,1748.6856742212885
10881.433505641508,0.3253840749547776,4001.56335360647,1748.98550945795
10882.691588322872,0.2398023044096519,4002.2156336482312,1749.230043852523
10883.280432325977,0.18955599795719905,4002.5209325058645,1749.344497683232
10883.78063354774,0.13827123273602296,4002.7802726098357,1749.4417218917542
10884.025858570703,0.10854953520755348,4002.907414810121,1749.4893862963831
10884.224690982805,0.08092158514785158,4003.0105037619996,1749.5280333512292
10884.347413566591,0.06154719024282907,4003.074131932497,1749.5518869325456
10884.448305935271,0.043788664099084405,4003.126441757368,1749.5714973724655
10884.518237369773,0.030532036171727665,4003.1626992181887,1749.585089936607
10884.563586571303,0.022276749898967923,4003.1862114900773,1749.593904454336
10884.600450610049,0.017637885677464125,4003.2053244462954,1749.6010697116963
10884.635737648672,0.01774980868614518,4003.223619772804,1749.607928447366
10884.669682781516,0.022045845244461074,4003.241219359333,1749.6145263566443
10884.710330602686,0.02936772789717089,4003.262294099276,1749.6224270657215
10884.747548093705,0.036482957028321994,4003.2815903105666,1749.6296610217098
10884.829473039677,0.051599134803758266,4003.32406606667,1749.645584754782
10884.921082914816,0.06710569673682948,4003.37156318346,1749.663390942662
10885.047624306411,0.0864633325658761,4003.4371712991024,1749.6879867557866
10885.23891781592,0.11241937131136845,4003.5363515484796,1749.7251684088596
10885.521382583323,0.14580533329330153,4003.6828015060046,1749.7800709652586
10885.932443398417,0.1875140794927048,4003.895924864066,1749.8599686328155
10886.52632217485,0.2384819168899498,4004.2038341491734,1749.9754004282518
10887.381548805233,0.29938885110726515,4004.64724488989,1750.1416300124624
10888.607310587813,0.3698088299538305,4005.2827676200322,1750.3798797332072
10890.350215354263,0.4469128056329764,4006.186414379422,1750.7186449951223
10892.794255068267,0.5231897485104788,4007.4535798599277,1751.1936868808946
10896.127748372552,0.5826547628969071,4009.181902078886,1751.8416064126204
10900.43360249554,0.5968667288177985,4011.414366292794,1752.6785148426507
10905.612307192352,0.5226934704354599,4014.099379488405,1753.6850668888565
10908.460933358698,0.4301611100269276,4015.5763125325357,1754.2387325050056
10910.501502553709,0.33033255379751447,4016.634290728295,1754.6353406218554
10911.607855046122,0.25775813418211907,4017.207903664995,1754.8503723860051
10912.40754573799,0.19187082298257513,4017.622521019846,1755.0058008053304
10912.841068074058,0.1484664857193812,4017.8472902844755,1755.0900604082728
10913.161062398058,0.11072455151334817,4018.01319843731,1755.152254613782
10913.345260848171,0.0855687311166925,4018.108700209165,1755.188055471637
10913.475625145891,0.0654849255002867,4018.1762904711386,1755.213393103036
10913.58111367545,0.047318005629331576,4018.23098333956,1755.2338958709333
10913.66176381801,0.032162410678272774,4018.2727981953594,1755.249571043361
10913.708514396536,0.023478397789531872,4018.297037070116,1755.2586574910245
10913.744381499868,0.018338611400705522,4018.3156331657024,1755.2656286247397
10913.780124242548,0.017272878900563185,4018.334164783777,1755.2725755872802
10913.814128179518,0.020855203951406345,4018.351794879471,1755.2791845949982
10913.842482166518,0.02565103958207382,4018.3664956332454,1755.2846954777253
10913.870155153847,0.03084872970073348,4018.3808433076447,1755.2900740010546
10913.923347439973,0.0409777954242746,4018.4084220288746,1755.3004124559752
10914.00570693502,0.05583320526401783,4018.4511231369893,1755.3164198489621
10914.105710294345,0.0722948618406379,4018.5029720983225,1755.335856500699
10914.24898801331,0.09348602014165878,4018.5772576123036,1755.3637039506566
10914.464208675918,0.1215572609506198,4018.688843543267,1755.405534214519
10914.780584606844,0.1573392402459358,4018.8528756707565,1755.4670249769747
10915.239507472761,0.2017084932198671,4019.0908144261216,1755.5562210738417
10915.901900164694,0.2556023171356053,4019.4342466409144,1755.68496337527
10916.854665212628,0.319468462732982,4019.928228874225,1755.8701420415277
10918.21756105413,0.39233411169002996,4020.634852573921,1756.1350328811586
10920.149000541061,0.47027017214789807,4021.636250454373,1756.5104241388055
10922.840811570006,0.5437109627169744,4023.031880050425,1757.0335978314477
10926.458661248203,0.5932150701674137,4024.907635322362,1757.7367502958864
10931.40622797487,0.5826765148311394,4027.4728126515906,1758.698334821349
10934.974804998488,0.5172637295711504,4029.323022048642,1759.3919007045329
10938.543382022106,0.3889275593172462,4031.173231711645,1760.0854623637956
10939.840870480553,0.31908925266801613,4031.8459440848624,1760.337631367803
10941.138358939,0.22826505984374404,4032.5186564931987,1760.5897998139958
10941.627161331126,0.18540315920707595,4032.7720872224513,1760.684799003595
10942.11596372325,0.1345138890303475,4033.025517956687,1760.7797981140552
10942.339498523901,0.10710367711174962,4033.1414146674647,1760.823242243363
10942.53912915972,0.07913397879410754,4033.244917720195,1760.862040569191
10942.659361950318,0.05996762025257146,4033.307255150992,1760.8854078729837
10942.758477470832,0.0423713158009362,4033.3586438520056,1760.9046710210325
10942.824492564605,0.0298243135621095,4033.3928708823437,1760.9175010837644
10942.86896669807,0.021815939388317517,4033.4159295107834,1760.9261446505002
10942.906019230808,0.01743949140626196,4033.435140241156,1760.933345825481
10942.935737093108,0.017565850950846628,4033.4505481444357,1760.9391215039163
10942.965454955409,0.020981285644154326,4033.4659560477335,1760.9448971820595
10942.996217862887,0.02624566072072948,4033.4819057785508,1760.9508759648324
10943.024364315566,0.03155965730154555,4033.496498948736,1760.9563462383458
10943.08231772918,0.04256279049180708,4033.5265462175266,1760.9676095049406
10943.165301196912,0.05739986515842524,4033.569570888753,1760.9837373695398
10943.268563795731,0.07422414307034048,4033.6231097381437,1761.003806486838
10943.41821903604,0.09608906592635615,4033.7007019109524,1761.0328920217682
10943.642462896009,0.12492456373649856,4033.8169662557793,1761.0764738604748
10943.97155360732,0.1615628265550436,4033.987590844433,1761.1404326754132
10944.448508512838,0.20688635337132716,4034.234879002625,1761.2331288486748
10945.136706855263,0.2618179784477158,4034.59169115108,1761.3668800455987
10946.126139570619,0.32670607828067744,4035.1046851573906,1761.55917580217
10947.540410003543,0.4003554968814744,4035.837946024104,1761.8340379956571
10949.542031956009,0.47839771455237584,4036.8757327968246,1762.2230503008066
10952.324724343938,0.550457302425227,4038.3184835751913,1762.7638603044531
10956.040257727831,0.5957937238078123,4040.2448874433126,1763.4859618679327
10961.193634766256,0.5747724349614086,4042.916774948534,1764.487496022774
10964.812962616008,0.4981455197976972,4044.7932995039405,1765.19088982631
10967.684030845958,0.3893455338029105,4046.281871679806,1765.748860967251
10969.154135530498,0.30899244181705693,4047.044081750574,1766.0345640244504
10970.275259284272,0.22928524540032064,4047.6253545462414,1766.252444957884
10970.840079613934,0.17932733409906787,4047.918198848233,1766.3622128622114
10971.285695380919,0.13215865980722508,4048.1492387630815,1766.4488143254705
10971.521160963897,0.10284913331778157,4048.2713214024566,1766.4945749420933
10971.700303007388,0.07735364457897738,4048.3642017860634,1766.5293895735654
10971.81911488872,0.05821892313968486,4048.425802585997,1766.5524795793453
10971.916318668214,0.040799792019607706,4048.4762001601466,1766.571370244107
10971.978670844439,0.02892494297561648,4048.5085281051197,1766.5834878171604
10972.021617680133,0.021309228636921036,4048.5307948972036,1766.5918341396798
10972.058462743465,0.017279039688308767,4048.549898082633,1766.5989946383772
10972.08538939921,0.01758015885253964,4048.5638588375296,1766.604227585631
10972.112316054954,0.020596101584136113,4048.577819592441,1766.6094605326462
10972.141177008833,0.02542576401160784,4048.59278322951,1766.6150693923855
10972.169064372105,0.03065320796758692,4048.607242085758,1766.6204890435251
10972.220779788244,0.040508147263253615,4048.6340551538005,1766.6305394556916
10972.303026031177,0.055380559830291436,4048.676697643768,1766.6465232494736
10972.402088905224,0.0717360557239472,4048.728059109987,1766.6657751964408
10972.543540080105,0.0927318827614791,4048.8013977834808,1766.6932649093026
10972.75616071179,0.12057941449287955,4048.9116359289637,1766.7345857280716
10973.068869284707,0.1561101162649308,4049.07376701306,1766.795357669259
10973.522597948808,0.20019934639796408,4049.3090132700927,1766.88353546863
10974.177555091126,0.2537870580107882,4049.648591154066,1767.0108199667889
10975.119745966935,0.3173482484079693,4050.1370921160687,1767.193925277036
10976.467805057548,0.389972139783094,4050.836025007022,1767.4559064808145
10978.378922812044,0.4678530887979129,4051.8268889484657,1767.827311231193
10981.044257087697,0.5416541387534344,4053.208794307276,1768.3452876771105
10984.632825142146,0.5923083204136125,4055.06937220444,1769.0426800920923
10989.517638086707,0.584670155770674,4057.6020193185204,1769.9919743735343
10993.308835652948,0.5163046454975986,4059.56765594323,1770.7287345890998
10996.473493578496,0.40596590026813123,4061.20844840327,1771.343732976654
10998.048508605032,0.3245031875605742,4062.0250526251257,1771.6498096075086
10999.285136522529,0.24032970025565809,4062.6662119902894,1771.8901260517532
10999.887231505563,0.1889494122381624,4062.978382567782,1772.0071322259444
11000.378599652495,0.13853816480170988,4063.2331441682486,1772.1026205719936
11000.628259045736,0.1082794541801162,4063.36258607026,1772.151137244924
11000.824632741773,0.08097872462124472,4063.4644007250768,1772.1892988165114
11000.947518626484,0.06158402326145435,4063.52811386113,1772.2131793938067
11001.048447141935,0.04382294783844013,4063.580442672369,1772.2327929626586
11001.118483063297,0.030547546839047143,4063.6167544768673,1772.246403131817
11001.163844823508,0.02228809869454191,4063.6402733703176,1772.2552183391829
11001.200699879866,0.01764350855056742,4063.659381758991,1772.2623804276973
11001.235977097156,0.017743060783968943,4063.6776720791495,1772.2692358923855
11001.270021622466,0.022047683062992006,4063.695323280583,1772.275851806151
11001.31073063408,0.02938143943929164,4063.716429844964,1772.2837628371005
11001.347983591957,0.03650343848117809,4063.735744535343,1772.291002248516
11001.429914060447,0.05161903407144818,4063.778223353818,1772.3069238918754
11001.521559298832,0.067129415840786,4063.8257390281515,1772.3247334151824
11001.648178076379,0.0864956025897389,4063.8913875738967,1772.3493393815763
11001.839582098652,0.11246139721509842,4063.9906255860974,1772.3865351259292
11002.122204239407,0.14585832689877315,4064.137157823941,1772.441457361001
11002.533484673304,0.18757873833559094,4064.3503960473386,1772.5213818404802
11003.127675829419,0.2385588179575921,4064.658468735867,1772.6368514198637
11003.983344481116,0.29947711805014315,4065.102110730309,1772.8031338995743
11005.209722970221,0.3699043705693584,4065.73795618307,1773.0414561741202
11006.953466016652,0.4470052682215525,4066.6420417992235,1773.380317117533
11009.398586032668,0.5232573119326803,4067.9097733172007,1773.8554747169562
11012.733265621413,0.582656286501367,4069.638718674378,1774.5034963474832
11017.042806493113,0.59672728293609,4071.873104799609,1775.3409554552857
11022.213913235939,0.5224772122179208,4074.5541911752885,1776.345831880868
11025.061045766042,0.42990545093607335,4076.0303566888906,1776.8990978046484
11027.098752815175,0.3301501216084498,4077.0868558612783,1777.2950713859143
11028.20442563103,0.2575833897304174,4077.660119072771,1777.5099286067127
11029.00296045448,0.1917626178007894,4078.074139068513,1777.665101725918
11029.436262373692,0.14836442021710647,4078.2987950983083,1777.749301862384
11029.755816562583,0.11066171959837467,4078.4644758240556,1777.81139826257
11029.939906043212,0.08551374852149472,4078.559921542231,1777.847170878431
11030.070112681891,0.06544936045442298,4078.6274303763826,1777.8724728719415
11030.175563906869,0.04728540015725769,4078.682104157714,1777.892964343893
11030.256118459813,0.03214646831200187,4078.7238696472086,1777.9086178472633
11030.302851954362,0.02346703559480395,4078.748099777092,1777.9176991817112
11030.338723092364,0.018331647100420248,4078.766698051042,1777.9246697235435
11030.37444916415,0.017275391801704017,4078.7852211118693,1777.9316120754415
11030.40847547738,0.02086651869232759,4078.8028628910806,1777.9382241269388
11030.436867137078,0.025671609080510163,4078.8175832455636,1777.9437412426184
11030.464542403173,0.03087067570028052,4078.831932168173,1777.9491191472205
11030.517884904451,0.041027447924769984,4078.859588900405,1777.9594847517528
11030.600257888254,0.055881172691626,4078.9022972006846,1777.9754916066424
11030.700361809604,0.07235400215423127,4078.9541985419996,1777.9949439637694
11030.843834940022,0.09356576343954125,4079.028585717314,1778.0228238906006
11031.059333748932,0.12166046418975127,4079.140316378969,1778.064699949237
11031.376100811245,0.1574684377127871,4079.304552060883,1778.1262545826096
11031.835576154503,0.20186613898748992,4079.5427783680047,1778.2155404374726
11032.498757360328,0.2557902036575075,4079.886621003779,1778.344410563399
11033.452639500876,0.31968483869985576,4080.3811847172174,1778.5297697750598
11034.817094215456,0.3925695379330619,4081.088619936389,1778.7949112949045
11036.750650008806,0.47050026115914445,4082.091119719138,1779.1706397851924
11039.445169702167,0.5438840449981709,4083.4881601674,1779.6942367299143
11043.065835157198,0.5932357203923274,4085.3653840483266,1780.3977978835778
11048.020087417199,0.5823330236092449,4087.9340395429003,1781.360492329804
11051.570509699779,0.5170375595247463,4089.7748447223016,1782.0503941409816
11055.12093198236,0.38942471602967044,4091.6156501569512,1782.7402918762155
11056.425032595333,0.31932751485945754,4092.2917938750916,1782.9936962196978
11057.729133208306,0.22805319860976722,4092.967937627632,1783.2471000138241
11058.21638275171,0.1853061025904162,4093.2205644134287,1783.3417788276772
11058.703632295115,0.13457641448465055,4093.4731912040256,1783.4364575648685
11058.92747379884,0.1071349493873469,4093.5892474676752,1783.479952769061
11059.127142559253,0.07916481638913425,4093.692770764771,1783.518750893202
11059.24741685434,0.05999531160117091,4093.755130002316,1783.5421216788056
11059.346563172141,0.04239634315483659,4093.806534908123,1783.5613870331588
11059.412643707194,0.029837507237041344,4093.8407960260984,1783.574227295683
11059.457136391318,0.021824134679423405,4093.863864379009,1783.582872771868
11059.49418937497,0.01744254841398482,4093.883075431824,1783.5900726221882
11059.523970912607,0.017566750869112687,4093.8985164202913,1783.5958595408185
11059.553752450245,0.02099289886806938,4093.9139574087762,1783.6016464591623
11059.584605221584,0.026276269774531916,4093.92995380538,1783.6076415310624
11059.612797267186,0.031600145606045044,4093.9445706817087,1783.6131195910473
11059.671022300143,0.04265267744522838,4093.9747589170497,1783.6244334277505
11059.754052172731,0.057490359798025734,4094.0178078465856,1783.6405671465661
11059.857503328272,0.0743352096304931,4094.071444705015,1783.6606689670803
11060.00753081871,0.09623886034633197,4094.149230238321,1783.6898211310581
11060.232298685904,0.1251178054407595,4094.265766804363,1783.7334962446162
11060.562126392719,0.16180434752939302,4094.4367742941477,1783.7975857254414
11061.040125980266,0.20718117942154102,4094.684605234916,1783.8904667182028
11061.729816788093,0.262169730246636,4095.042192835587,1784.0244816974784
11062.721364789057,0.32711181095740144,4095.556285930931,1784.2171507860312
11064.138587548414,0.400798064101388,4096.291080886513,1784.492532785833
11066.14421639436,0.4788323391646367,4097.330949917139,1784.8822474656288
11068.932024950356,0.550788867277981,4098.776359947447,1785.4239456974965
11072.652740202166,0.5958485436991949,4100.705459351938,1786.1469128453862
11077.817458293954,0.574151533572571,4103.383239197951,1787.1504548474495
11081.43858301974,0.49683335154842445,4105.260704006403,1787.854060402594
11084.28567252465,0.38840132196998833,4106.73685062567,1788.407263462702
11085.753508617561,0.30790560159086827,4107.497887981011,1788.692469994427
11086.86485264366,0.22867755991368288,4108.074092888907,1788.9084082054567
11087.429170217622,0.1786542294604789,4108.366677865872,1789.0180570233629
11087.870910069889,0.13180165126976512,4108.595709271199,1789.103888503051
11088.10606938058,0.10248228433521846,4108.717633674968,1789.1495806909193
11088.283882294683,0.07713766749373241,4108.80982536257,1789.1841302832051
11088.402465433524,0.05801673628006029,4108.871307847173,1789.2071713436198
11088.499480153087,0.04061282166278013,4108.921607629122,1789.226021591965
11088.561442232769,0.02881044657459369,4108.95373346653,1789.238061006623
11088.604170332215,0.021249430972394297,4108.975886951134,1789.246363201529
11088.640969572265,0.017263248439800594,4108.99496646578,1789.2535134012148
11088.667718412897,0.017591302678392772,4109.008835091776,1789.2587107787035
11088.694467253528,0.020593787684953752,4109.0227037177865,1789.263908155963
11088.72337463207,0.025431290683487682,4109.03769149344,1789.2695249431365
11088.751267044327,0.03065994550334372,4109.052153033673,1789.274944519174
11088.80302447381,0.04052260642030694,4109.078988007395,1789.2850011361334
11088.885273200078,0.05539419989073585,4109.1216319801715,1789.3009822977224
11088.984365200917,0.07175285735353304,4109.173008783104,1789.3202361526135
11089.125872664014,0.09275449488257492,4109.246376976472,1789.347731445839
11089.33857392143,0.12060861920721345,4109.356657429172,1789.3890598790138
11089.651395233237,0.15614640513092626,4109.518847707922,1789.4498418848661
11090.105281876853,0.2002430203718127,4109.754176950407,1789.5380332009026
11090.760462933262,0.25383801904159464,4110.0938724826965,1789.665336410943
11091.70296839426,0.31740498699616976,4110.582538784959,1789.8484671827096
11093.051461315736,0.39003026517016814,4111.28169980419,1790.11048166748
11094.963156777065,0.4679027880644787,4112.272867803734,1790.4819263720008
11097.629202085365,0.5416759116908313,4113.6551481312845,1790.9999401954951
11101.21841057911,0.5922674125215402,4115.516066576897,1791.697321454951
11106.105289615634,0.5844911498345189,4118.049796462436,1792.646832771153
11109.882764290163,0.5163307498055418,4120.008327050078,1793.3807836969638
11113.052561031725,0.4058182180352755,4121.651791332261,1793.9966612799192
11114.62350964394,0.32456053712384425,4122.466290929257,1794.3018885062659
11115.862390169983,0.24023521112411841,4123.10862113396,1794.5425960581192
11116.462821558933,0.18899451850146823,4123.4199305964075,1794.6592563401086
11116.95512265581,0.13848867393912573,4123.675177067308,1794.7549074575293
11117.20421956644,0.10829658284050614,4123.804327923683,1794.8033054471025
11117.40084156387,0.08096177352514992,4123.906271779602,1794.8415078715223
11117.52369674545,0.06157044935304287,4123.969969286344,1794.8653778587063
11117.624610360423,0.04381084553203359,4124.022290609834,1794.8849847342397
11117.69461136278,0.03054183303685737,4124.058584474659,1794.89858548324
11117.739966943025,0.02228424673477691,4124.082100270815,1794.907397782829
11117.776825601315,0.01764160572214008,4124.101210613834,1794.914559184263
11117.81210686516,0.01774546612870968,4124.1195031151465,1794.9214141076445
11117.846116476576,0.02204702105269649,4124.1371362947575,1794.928021956736
11117.886806417762,0.0293769877368991,4124.158233067477,1794.935927750517
11117.924048942441,0.036496927220634565,4124.177542436254,1794.943163732988
11118.005976327173,0.05161231322651679,4124.220019848886,1794.9590816941623
11118.097610634037,0.06712136497094587,4124.267530071381,1794.9768856450141
11118.224204669532,0.08648455557022078,4124.333166087234,1795.0014820397464
11118.415574188124,0.11244689554809695,4124.432386660964,1795.038663878314
11118.698146265278,0.14583959237831434,4124.578893607717,1795.093565752706
11119.109354840004,0.18755486465468316,4124.792095542498,1795.1734607971837
11119.70344114813,0.23852857099053218,4125.100115269098,1795.288887653038
11120.558957070856,0.29943907344672865,4125.543680091826,1795.45510827514
11121.785114028007,0.36985701444653923,4126.179413572181,1795.69334139154
11123.52853782335,0.4469472170311398,4127.0833377670315,1796.0320747573808
11125.973202012496,0.5231877694613729,4128.350838699455,1796.507051920249
11129.307238696818,0.5825759826626531,4130.079458561644,1797.154823421783
11133.616102690537,0.5966397299765303,4132.313503857887,1797.9919893289211
11138.78587639937,0.522396181350205,4134.993911210202,1798.996412947083
11141.632364024023,0.42983561676874826,4136.4697490233675,1799.5494469561283
11143.669545452274,0.33009678301013395,4137.525980442799,1799.9452421501687
11144.77495292269,0.2575414132716857,4138.099108665596,1800.160006449727
11145.57328556999,0.1917322130088474,4138.51302570542,1800.3151104183312
11146.006490537455,0.14834060210106875,4138.737632481287,1800.3992755121892
11146.325965856331,0.11064469052781893,4138.903273061982,1800.461344638157
11146.510016773724,0.08550048282605664,4138.998699216447,1800.4971028774037
11146.640191648854,0.06543996025486724,4139.066191886367,1800.5223938305933
11146.745632444663,0.04727702552844428,4139.120860506963,1800.5428793330077
11146.826163182355,0.03214232367091641,4139.162613837133,1800.5585251971977
11146.872891705123,0.023464216606634856,4139.186841498521,1800.5676038181828
11146.908764114633,0.018329921820565517,4139.205440515582,1800.574573265718
11146.944486086766,0.01727604853518839,4139.223961534358,1800.5815134852214
11146.978518220758,0.02086938874492822,4139.241606411049,1800.588125395274
11147.006920414758,0.02567697423198477,4139.2563322937,1800.5936434959754
11147.034597157739,0.03087653972211426,4139.27068204674,1800.5990206526797
11147.087980100572,0.041040715005952126,4139.298359871691,1800.6093921198053
11147.170356669882,0.05589389312311742,4139.3410702235415,1800.6253965912827
11147.270487778213,0.07236963896291156,4139.392985894693,1800.644850487485
11147.414013746942,0.09358680499003758,4139.467400800842,1800.6727353155866
11147.629587973237,0.12168759203514938,4139.579171068407,1800.7146179695546
11147.946460338466,0.15750206599511213,4139.743462087855,1800.776181218989
11148.406083237967,0.20190649971765914,4139.9817659733435,1800.865478565191
11149.069473391706,0.25583710729621645,4140.325718493515,1800.99436449771
11150.023648648059,0.31973671015982724,4140.820436409308,1801.1797450085853
11151.388506617926,0.39262200254071405,4141.528083893894,1801.4449138945356
11153.322597103564,0.4705437020034331,4142.530865416401,1801.8206740489754
11156.0177683176,0.5438995183989567,4143.92824995006,1802.3442969832738
11159.63899071076,0.59318978553415,4145.8057710314915,1803.0478312677462
11164.595096715257,0.5821521076970975,4148.3753991873655,1804.0107012055175
11168.139044932293,0.5168868101481718,4150.212855969136,1804.699213040845
11171.68299314933,0.3895020665516501,4152.050312997604,1805.3877209158647
11172.988628087236,0.3193412550798416,4152.727255257082,1805.641374848088
11174.294263025142,0.22795330906464625,4153.404197550007,1805.8950282433195
11174.780941875171,0.1852460710810193,4153.656529575034,1805.9895780748006
11175.2676207252,0.13457071110882035,4153.908861604707,1806.0841278316968
11175.4914951374,0.10712478762333448,4154.024935450074,1806.1276211108043
11175.69111806687,0.07916046098971122,4154.128435448152,1806.1664029113817
11175.811388665643,0.05999130700964962,4154.190793048305,1806.1897685096133
11175.910530568994,0.04239291102422387,4154.242195895354,1806.2090293222595
11175.976603157364,0.02983560946630925,4154.2764530464665,1806.2218655855575
11176.02109241124,0.021823137600333893,4154.299519724097,1806.2305087421162
11176.058145853569,0.01744218456414521,4154.318731100692,1806.237707304781
11176.087917861598,0.017566578637077668,4154.334167217365,1806.2434912654705
11176.117689869627,0.020990995083135934,4154.349603334055,1806.2492752258813
11176.148528284291,0.02627127016604277,4154.365592358626,1806.2552663622737
11176.176713898987,0.031593683240335776,4154.380205966078,1806.2607421253995
11176.234896161031,0.0426383465321466,4154.410372160742,1806.2720454894104
11176.317918651996,0.05747578663111361,4154.453417455693,1806.2881746892072
11176.421340204199,0.07431723494303993,4154.507039205448,1806.3082669149085
11176.571309447314,0.0962145572152302,4154.584794886856,1806.3374021889226
11176.795995541514,0.12508626905215828,4154.701289576823,1806.3810530655878
11177.125706941166,0.1617643671929333,4154.872237528987,1806.445107698025
11177.603539720549,0.20713125570704222,4155.119983092065,1806.5379385284457
11178.292989485182,0.26210817956700105,4155.4774473165635,1806.6718810632374
11179.284190980115,0.3270372666686708,4155.991363055076,1806.8644460140802
11180.700920337782,0.40071018537259906,4156.72590547754,1807.1396795449841
11182.705857754861,0.478733119291751,4157.765420663986,1807.5291854682039
11185.49272642311,0.550684962234376,4159.21034983761,1808.0705977020634
11189.212268797086,0.5957547353378243,4161.138849737608,1808.7931990846198
11194.375169960065,0.5741026969398083,4163.8156994791125,1809.7961968662828
11197.995384325706,0.4968385065382645,4165.692700642688,1810.4994916076694
11200.843317678002,0.38839973204629097,4167.1692913431525,1811.0527533486872
11202.310947885064,0.30792603372883726,4167.930225333909,1811.337865645462
11203.422650425438,0.22868037991487458,4168.506618683874,1811.5538324498918
11203.986870600222,0.1786691859733331,4168.7991544612805,1811.663441503763
11204.428753218657,0.1318043940517592,4169.028260905052,1811.7492844045382
11204.66388304511,0.10248997911827239,4169.15017056341,1811.7949621807486
11204.841739480444,0.07714021738060059,4169.242385225257,1811.829513661823
11204.960323840667,0.05801961011228775,4169.303868616164,1811.8525505808536
11205.057341238202,0.04061564597880927,4169.354170009961,1811.8713977672728
11205.11931003482,0.028812106364036413,4169.386299472617,1811.883436198958
11205.162040740246,0.021250433813942392,4169.408454406743,1811.8917373224726
11205.198841183106,0.017263524777895566,4169.427534629745,1811.8988863971008
11205.2255919868,0.017591096238906624,4169.441404335133,1811.9040831683167
11205.252342790494,0.02059357349433537,4169.455274040534,1811.9092799393088
11205.281249220345,0.025430812029170913,4169.470261390867,1811.9148954748682
11205.309142517213,0.030659573449127096,4169.484723453968,1811.9203141929213
11205.360898021638,0.04052180577084564,4169.511557548752,1811.930368524953
11205.443146391399,0.055393274357089975,4169.554201526044,1811.9463465805943
11205.542237189073,0.07175165796368878,4169.605577933293,1811.9655965432644
11205.683742250072,0.09275281670150724,4169.678945206996,1811.9930861455093
11205.896440429191,0.12060631098291716,4169.789224553311,1812.034406128225
11206.20925641172,0.15614306927319657,4169.951412789023,1812.0951755507763
11206.663133896003,0.20023803822288033,4170.186738327282,1812.1833483333248
11207.318299633022,0.25383045162621354,4170.526427424579,1812.3106243857699
11208.260779461869,0.31739335834900717,4171.015082605683,1812.493715397873
11209.609228813608,0.39001221334662517,4171.7142241366955,1812.7556716688928
11211.520847955864,0.4678745010762523,4172.70535696179,1813.1270310442417
11214.186751653502,0.5416312535639572,4174.087569993357,1813.6449190828716
11217.77565423059,0.592197087356343,4175.948338068434,1814.3421086986634
11222.662554008011,0.5843758203332042,4178.482089915324,1815.291444190013
11226.434993299343,0.5162887486183558,4180.438018418669,1816.024278050415
11229.60601557574,0.4057297581399683,4182.082125369046,1816.6402772442398
11231.17539498768,0.32454769690897023,4182.895814962538,1816.9451419525078
11232.41483710176,0.24018085591312877,4183.5384391712505,1817.1859131170268
11233.014635954525,0.18899116845289138,4183.84942204974,1817.3024284862877
11233.507172921043,0.1384594516722642,4184.104791939198,1817.3981073560988
11233.756052986077,0.10829199647073268,4184.233830935038,1817.4464540809697
11233.952728636386,0.08094893907483243,4184.335803058155,1817.484659712916
11234.075565026906,0.06155948760525382,4184.399491102872,1817.5085215418624
11234.176466282297,0.04380116678930757,4184.451806248776,1817.5281223137126
11234.24643972446,0.03053721451195752,4184.488085984182,1817.5417151405072
11234.291790049827,0.022281186613058036,4184.511599159433,1817.5505247551525
11234.328651619908,0.017640099437681484,4184.530711096373,1817.5576853698483
11234.363936226075,0.017747396555699783,4184.549005411223,1817.5645396480115
11234.397917786127,0.022046465348309566,4184.56662412451,1817.5711408001116
11234.438591752223,0.02937324823294319,4184.587712707459,1817.57904199771
11234.47582564413,0.03649147431062314,4184.607017685421,1817.5862749367916
11234.55775026642,0.05160663308110443,4184.649493852977,1817.6021893554957
11234.649375461473,0.06711455753792786,4184.696999560555,1817.6199881743933
11234.77594875277,0.08647520366773723,4184.762625110214,1817.6445758949915
11234.967289430751,0.11243460393027849,4184.861831167909,1817.6817451104257
11235.249819548048,0.14582366070510988,4185.008317004901,1817.7366284678246
11235.660967664144,0.18753445027302887,4185.221488532482,1817.816496683969
11236.254965452392,0.2385025108110242,4185.529463720289,1817.9318845545058
11237.110351927606,0.29940596408913944,4185.972963380844,1818.0980486571034
11238.336320169567,0.36981523987991455,4186.608601815609,1818.3362001588532
11240.07947003045,0.4468950402180918,4187.5123879598295,1818.6748164112682
11242.523738517175,0.5231235666582312,4188.779689304728,1819.1496271453138
11245.857203817995,0.5824988370671143,4190.508020515216,1819.7971655848962
11250.165561864029,0.596550066359427,4192.741813298781,1820.6340755801857
11255.333754508023,0.5223098069750175,4195.421412658343,1821.6380031430722
11258.179564241505,0.42975844556277104,4196.89690546533,1822.1908015357146
11260.21612768371,0.33003837195154057,4197.952821096709,1822.5864023404072
11261.321253858956,0.25749420167904785,4198.525805982295,1822.8010716710562
11262.119346621732,0.19169875588071922,4198.939600458174,1822.9560999235289
11262.552449939483,0.14831370011477296,4199.164155513438,1823.0402294731891
11262.871832114386,0.1106258631459268,4199.329748525531,1823.1022688558435
11263.055841742496,0.08548557449252789,4199.4251536897855,1823.1380123633278
11263.185979890479,0.06542953171108896,4199.492627612665,1823.163291435688
11263.291409204541,0.047267698214891726,4199.547290519335,1823.183770863135
11263.37191328475,0.03213771966756358,4199.589030210777,1823.1994086128502
11263.418636396651,0.02346105974050828,4199.613255172712,1823.208484478993
11263.45451019997,0.018327989307247192,4199.631854993782,1823.2154528893216
11263.490227597902,0.017276781475669453,4199.650373721935,1823.2223909178397
11263.52426624846,0.02087260551227208,4199.668022054503,1823.2290028528869
11263.552680297058,0.025683000764566255,4199.682754147922,1823.234522220763
11263.580358676712,0.030883126457029196,4199.697104812304,1823.239898686288
11263.633786931734,0.04105560391576041,4199.724806251733,1823.2502770088713
11263.716167594754,0.05590819563865171,4199.767518912881,1823.2662792721453
11263.816329179153,0.07238722658448622,4199.81945061229,1823.28573543761
11263.959914394316,0.09361047865818649,4199.893896561917,1823.313626541566
11264.175573122584,0.12171812709960918,4200.005711130777,1823.355517750796
11264.492563604123,0.15753997129103164,4200.170064109484,1823.4170923926747
11264.952352227261,0.20195210684085313,4200.40845496118,1823.506405176405
11265.615977336347,0.25589031351968317,4200.752530804481,1823.635312569763
11266.570482678457,0.31979592818688607,4201.247422025207,1823.820722427882
11267.935795731573,0.3926826228377289,4201.9553085531015,1824.0859299878205
11269.870491777554,0.47059543186893715,4202.9584084259395,1824.4617373318354
11272.56640647372,0.543921924395578,4204.356184539447,1824.9854065757993
11276.188285670556,0.5931466208115018,4206.234054349002,1825.68893671063
11281.14645773324,0.5819634909030956,4208.804764909056,1826.6520278391388
11284.683959476823,0.516718242670809,4210.638887322527,1827.3391588154066
11288.221461220404,0.389545655887418,4212.473009974538,1828.0262859424492
11289.528318540717,0.3193310833768015,4213.150588955751,1828.2801299653286
11290.83517586103,0.22784663619677661,4213.828167969485,1828.5339734633858
11291.321284260504,0.18517816705421297,4214.080205323225,1828.6283948509904
11291.807392659979,0.13455539670227565,4214.332242681462,1828.7228161660062
11292.031272329978,0.10710736114272282,4214.448319756834,1828.7663023534542
11292.23082851074,0.07915087135168196,4214.551785596387,1828.8050639550675
11292.35108916243,0.05998250859006258,4214.614138309884,1828.8284232630783
11292.45022129492,0.042385180250321036,4214.66553631408,1828.8476785854336
11292.516274858273,0.029831430890133955,4214.699783749816,1828.8605087592337
11292.560757367188,0.02182074999648025,4214.722847030449,1828.869148993637
11292.597811263442,0.017441303513813563,4214.742058725788,1828.876346301891
11292.62756270155,0.01756624599848182,4214.757484244378,1828.8821251883614
11292.657314139657,0.02098705600331598,4214.772909762985,1828.88790407456
11292.68812252193,0.026260912152964232,4214.788883285772,1828.8938882601296
11292.716293910797,0.03158016196236423,4214.803489580854,1828.8993602388066
11292.774386121395,0.04260834392816548,4214.8336092166055,1828.9106440032504
11292.857393164917,0.05744541766876541,4214.87664668921,1828.9267671945033
11292.960752314613,0.0742798599979579,4214.930236317271,1828.946843552148
11293.110598586012,0.09616407938512395,4215.007928577816,1828.9759495068995
11293.335111820385,0.12502093709187345,4215.124334149056,1829.0195586674488
11293.664578620279,0.1616820634819617,4215.29515602307,1829.0835538449326
11294.142062459285,0.207029501540286,4215.542721742663,1829.1762995891015
11294.831010580932,0.2619844958526477,4215.89992742632,1829.3101197147664
11295.821495501697,0.3268905269387559,4216.413473864801,1829.5025095863998
11297.237213506129,0.4005425800202476,4217.1474951062155,1829.7774953855119
11299.24075331268,0.47855368062685943,4218.186290165381,1830.1666572845913
11302.025771997278,0.5505156584149258,4219.63026641856,1830.7076093835876
11305.743187384423,0.5956386918655553,4221.55767186494,1831.4296631898355
11310.90229693133,0.5741400593839211,4224.232567300919,1832.431738081818
11314.521237210021,0.497040689169303,4226.10891598053,1833.1346547551036
11317.3737095381,0.38853945949029894,4227.587866420762,1833.6886954395995
11318.84145238362,0.3081118699627851,4228.3488620935905,1833.9737767284798
11319.955022511349,0.22877467042549135,4228.926226235443,1834.1900662263208
11320.519209753178,0.17878687773999838,4229.218746198552,1834.2996485608837
11320.961833046043,0.131861030799786,4229.448237654715,1834.385619408482
11321.196976209578,0.10255360298452751,4229.57015475339,1834.4312913074405
11321.375080488511,0.07717547355825892,4229.662498314591,1834.465884522347
11321.493700519974,0.05805316677119191,4229.724000465239,1834.4889240995453
11321.590749220864,0.040646874378136445,4229.774318305931,1834.5077738724688
11321.652783404956,0.02883127129327243,4229.80648180913,1834.5198227729356
11321.695550363325,0.02126054440494712,4229.828655635144,1834.5281293991895
11321.732359244857,0.017266175168676994,4229.847740315635,1834.5352787877423
11321.759137341145,0.017589080295118232,4229.861624231449,1834.5404798967552
11321.785915437433,0.020593217906862464,4229.875508147276,1834.5456810055493
11321.81481181753,0.02542850586977489,4229.890490351579,1834.5512935482952
11321.8427057527,0.030657232820654013,4229.904952807932,1834.5567113859613
11321.894446476997,0.0405166504699617,4229.931779355114,1834.5667609836867
11321.976693666149,0.055388189955084315,4229.974422903995,1834.5827358485387
11322.075774603747,0.07174531940680548,4230.025794420315,1834.601980328239
11322.217260503008,0.09274420347113803,4230.099152075085,1834.629461113823
11322.429931694756,0.12059500458238734,4230.209417904019,1834.6707681968944
11322.742708629654,0.15612841894343998,4230.371586592897,1834.7315187733745
11323.196529230823,0.20021916362635056,4230.606883651899,1834.8196641685795
11323.851611345848,0.25380617449679804,4230.946530855631,1834.946900396903
11324.793968415674,0.3173622132905907,4231.435124492442,1835.129933647439
11326.142237916894,0.3899724190474363,4232.134175783675,1835.3918064698366
11328.053594055986,0.46782396090794437,4233.125176510945,1835.7630460073976
11330.719112803301,0.5415676501093342,4234.507195896507,1836.2807634403418
11334.30743952825,0.5921183965937734,4236.367673397938,1836.9777122772684
11339.193776773229,0.5842787305812351,4238.9011444566595,1837.9267631046562
11342.963645403814,0.5162277305326001,4240.855748506849,1838.658962402174
11346.134790589447,0.4056582643438743,4242.49992622502,1839.2748718404712
11347.703309044056,0.3245151722340904,4243.313172911596,1839.5795131243553
11348.942835834658,0.24013796126119774,4243.955843773154,1839.8202563576667
11349.54229402441,0.18897421988204688,4244.2666513547365,1839.9366840916853
11350.034870305457,0.1384360212153814,4244.522042720303,1840.032352967832
11350.283631346705,0.10828132763475075,4244.651020556469,1840.0806676682746
11350.480305813751,0.08093730428781086,4244.75299250218,1840.118866031678
11350.603126851327,0.061549292631576734,4244.816672859047,1840.1427204827748
11350.704016499762,0.043792198290679075,4244.86898221068,1840.162315389411
11350.773964541035,0.03053291662377018,4244.90524893135,1840.17590077876
11350.819309889723,0.022278357227305874,4244.928759626833,1840.1847078039518
11350.856174159335,0.01763871018571541,4244.947873045154,1840.1918676238608
11350.891461907227,0.017749189174644603,4244.9661690671555,1840.198721249562
11350.925417371067,0.022045932482530846,4244.983774325394,1840.2053161172134
11350.966075871982,0.029369632405326352,4245.004854980116,1840.2132128556616
11351.003301438815,0.03648620417297094,4245.024155724233,1840.2204428454638
11351.085223350976,0.051601132049233084,4245.066630668261,1840.2363538062568
11351.17683975169,0.06710796477587111,4245.114132019266,1840.2541476385024
11351.303392989857,0.08646614446111917,4245.179747452353,1840.278726935319
11351.494705794672,0.11242269250638261,4245.278939482498,1840.315883890884
11351.777195339486,0.1458082103643827,4245.425404909692,1840.3707492596243
11352.188284959228,0.18751463027348722,4245.6385470193045,1840.4505914051913
11352.78219704567,0.23847717091276283,4245.946479088734,1840.5659413818803
11353.63745809797,0.29937370499315474,4246.389915615195,1840.7320505301843
11354.863243304488,0.3697744283697795,4247.0254618652425,1840.970122643271
11356.606127081905,0.4468438786669097,4247.929113910072,1841.308624903272
11359.050010292152,0.5230602888289931,4249.196220905828,1841.7832734709468
11362.38291662407,0.5824222421189681,4250.924269673335,1842.4305843106984
11366.690798184605,0.5964600451506973,4253.157824926587,1843.2672480378008
11371.857366669527,0.5222225377291166,4255.8365935943675,1844.2706759432597
11374.702493364552,0.4296800290862806,4257.311738531825,1844.823240327693
11376.738422884833,0.32997911746545866,4258.367329972984,1845.2186455224808
11377.843265363785,0.2574461020570708,4258.940170200894,1845.4332204306186
11378.641111727786,0.1916647936097902,4259.353838680621,1845.5881724355986
11379.07411273623,0.14828627551319945,4259.578341643753,1845.672266709034
11379.39339930852,0.11060673703330971,4259.74388579062,1845.7342761642274
11379.577367225493,0.08547038912545163,4259.839269733399,1845.7700050261267
11379.707467799764,0.0654189317106628,4259.906724461409,1845.795272172672
11379.812885460322,0.047258211500483156,4259.961381557968,1845.8157455872258
11379.893362392635,0.03213304200416166,4260.003107350891,1845.8313752013796
11379.940080047341,0.02345784477639983,4260.027329586189,1845.8404483459958
11379.975955274274,0.018326021156373332,4260.045930224318,1845.8474157569945
11380.011668032506,0.01727752947152038,4260.064446625471,1845.8543516141847
11380.045713348063,0.020875890835715224,4260.08209848862,1845.8609636331266
11380.074139652403,0.025689183346118544,4260.096836998938,1845.8664843707247
11380.10181978946,0.03088989912446842,4260.1111886354065,1845.8718601932337
11380.155294569084,0.04107090144481545,4260.138914314544,1845.8822456514151
11380.237679497895,0.05592290407894544,4260.181629368699,1845.898245813524
11380.33787239884,0.07240531351479186,4260.233577525547,1845.91770449915
11380.481518509983,0.09363482596261766,4260.30805536454,1845.9456023238733
11380.697264060369,0.1217495316891309,4260.41991542355,1845.9875027263474
11381.014375934184,0.1575789661396718,4260.584332039298,1846.049089672745
11381.474334936316,0.20199904926372209,4260.822812240803,1846.1384191985867
11382.13820166887,0.255945122098712,4261.167014821056,1846.2673499260031
11383.093046573806,0.3198570104222231,4261.662084197856,1846.4527918038975
11384.458827985018,0.39274530527301466,4262.370216562322,1846.7180418067833
11386.394147707426,0.4706492421820548,4263.373644051424,1847.093901548105
11389.090829271001,0.5439460369074429,4264.771823692465,1847.6176240029629
11392.713389984327,0.5931040591938436,4266.650054804044,1848.3211579789984
11397.6736793515,0.5817726956483757,4269.221874016762,1849.2844845298077
11401.205124743654,0.5165351683776581,4271.052864068686,1849.970314027883
11404.736570135809,0.38954430782307564,4272.883854351414,1850.6561397827252
11406.044196840054,0.3192913124698772,4273.5618351014145,1850.9100869970205
11407.351823544299,0.2277370156380025,4274.239815883027,1851.1640336985834
11407.837392139898,0.18510396114249944,4274.491574420403,1851.2583330671728
11408.322960735497,0.13452887875931036,4274.743332962135,1851.3526323650856
11408.546811022317,0.1070817806646131,4274.859395291948,1851.3961049321333
11408.746278079343,0.07913524096256601,4274.962815358381,1851.4348421716563
11408.86652147487,0.059968193711580825,4275.025159387565,1851.4581938776168
11408.965637683626,0.042372501028207415,4275.07654935213,1851.4774426035933
11409.031659498052,0.029824621759001083,4275.110780470899,1851.4902642769443
11409.076131419522,0.021816762240344956,4275.133838359296,1851.4989008829923
11409.113185745839,0.0174398298904247,4275.153050358548,1851.5060969651054
11409.142904001623,0.017565734226230877,4275.168458737686,1851.511868355902
11409.172622257407,0.020980802721544144,4275.183867116841,1851.5176397464336
11409.203383006148,0.026244502788233228,4275.199816009792,1851.523613592511
11409.231531864812,0.03155876213826378,4275.214410684901,1851.52908020006
11409.289481188549,0.042560830408636376,4275.244456363275,1851.5403341621945
11409.372463963808,0.05739742968952315,4275.28748143452,1851.5564497067573
11409.475724117488,0.07422083976880758,4275.341019960673,1851.5765031860956
11409.625375265838,0.09608439773506476,4275.418611380697,1851.6055659515364
11409.84961405017,0.12491789199828529,4275.534875144849,1851.6491138787248
11410.178693162965,0.161552524450066,4275.705496729551,1851.7130221235404
11410.655624947241,0.20686989745019235,4275.95277726129,1851.805643785307
11411.343780802184,0.2617914568358818,4276.309573673002,1851.9392857099292
11412.333136429363,0.3266631886106194,4276.822536754971,1852.1314212823606
11413.747265393586,0.4002859470613046,4277.555737196651,1852.4060484913193
11415.748619860728,0.4782846228235709,4278.593403566241,1852.7947152667803
11418.530773040538,0.5502732029754982,4280.035900176759,1853.3350126194628
11422.244994883551,0.5954975686668894,4281.961657923154,1854.0563151725487
11427.398102439243,0.5742731171183934,4284.633452655596,1855.0570427643565
11431.01523777238,0.4974657813981079,4286.50887336592,1855.7594815724417
11433.876476610723,0.3888381060386512,4287.992375280071,1856.3151243708662
11435.344662848607,0.30848544624242963,4288.7536040289615,1856.6002401702297
11436.461827849613,0.2289719771730254,4289.33283446512,1856.817188641843
11437.026043784092,0.1790213073700152,4289.625370528499,1856.9267567241147
11437.470092735812,0.131978397906833,4289.8556021236445,1857.0129888765055
11437.705293658311,0.10268075510007092,4289.977549679218,1857.0586637309227
11437.883879502995,0.0772476764869048,4290.070143310006,1857.093344206583
11438.002574020817,0.05812140560668782,4290.131684337722,1857.1163940815886
11438.099686477854,0.04071020104345268,4290.182035445276,1857.1352528264304
11438.161853368927,0.028870045913415198,4290.214267889219,1857.1473253187648
11438.20469387254,0.021280934846193447,4290.236479939876,1857.155644724816
11438.24151908554,0.017271552255273024,4290.255573167752,1857.1627959918496
11438.268355306098,0.017585176306626073,4290.2694872780385,1857.1680074476524
11438.295191526655,0.02059334077880347,4290.283401388337,1857.1732189032411
11438.324070502234,0.02542545634338816,4290.298374631349,1857.1788270510772
11438.351964263404,0.030653955377313358,4290.312837057962,1857.1842438751296
11438.403684600364,0.040509518675490776,4290.33965314684,1857.194287696271
11438.485930264367,0.055381223051963496,4290.382296083268,1857.2102593759348
11438.584997417061,0.07173665362851327,4290.433660667154,1857.229497698431
11438.72645656695,0.09273244999981214,4290.507004759563,1857.2569683198192
11438.939089937041,0.12057962280152487,4290.617251439647,1857.2982605884552
11439.251812550201,0.15610864407272185,4290.77939264163,1857.3589896308613
11439.705554656763,0.20019399765850082,4291.0146499861585,1857.4471038454321
11440.360522224842,0.2537743316255537,4291.354239218919,1857.5742948266993
11441.302712565965,0.31732223398738985,4291.842748451563,1857.7572626149579
11442.650740530496,0.38992278658076623,4292.54167743061,1858.019041208428
11444.561749180628,0.46776335800141633,4293.532502129221,1858.3901462007707
11447.22677288389,0.5414954925541378,4294.91427061086,1858.9076740178614
11450.814401739553,0.592035959182987,4296.774394037638,1859.6043615717035
11455.699912494045,0.5841899721434406,4299.307447128918,1860.553080800335
11459.46832570312,0.5161582176738642,4301.261304701335,1861.28486558403
11462.639096983397,0.405594521039739,4302.905295391528,1861.9005915548337
11464.207075100874,0.324473822241495,4303.7182653015025,1862.2050731058455
11465.446471569538,0.24010029489606824,4304.360871262661,1862.44574773436
11466.045721137647,0.18895116976053597,4304.671571968096,1862.5621140211783
11466.538248132687,0.1384152355635843,4304.926938840068,1862.6577561257463
11466.786934402358,0.10826793500174935,4305.055878443897,1862.7060476204379
11466.983582990699,0.08092622758277679,4305.157837395253,1862.7442340914804
11467.106390254821,0.06153945758486783,4305.221510875163,1862.768081579696
11467.207268654342,0.04378356229561035,4305.273814611562,1862.7876707794937
11467.27719230761,0.030528768559976088,4305.310068838007,1862.8012489909108
11467.322532814615,0.022275634927408243,4305.3335771207485,1862.8100534927778
11467.359399676989,0.017637376349624194,4305.3526919627075,1862.817212529139
11467.394690477107,0.01775091830328717,4305.37098964318,1862.824065515563
11467.428620719222,0.022045404264764923,4305.388581897457,1862.830654300049
11467.469263704934,0.029366012686715126,4305.409654595309,1862.8385466061986
11467.506480931253,0.036480927108200785,4305.428951095122,1862.8457736767882
11467.58840012322,0.05159562277893584,4305.471424805072,1862.8616812493767
11467.680007721114,0.06710136315146858,4305.518921789118,1862.8794701738693
11467.806540878197,0.08645707324002336,4305.584527082834,1862.9040411532926
11467.997825757011,0.11241076384667315,4305.68370504549,1862.9411860075832
11468.280274657183,0.14579273732566803,4305.830150006954,1862.9960336229199
11468.691305691684,0.18749478292717564,4306.043262625569,1863.0758500433153
11469.285131958672,0.23845179951679316,4306.351151476701,1863.1911626272642
11470.140267428978,0.2993414111704992,4306.794524730542,1863.357217544869
11471.365869385996,0.369733581063711,4307.42997860458,1863.5952113089525
11473.108486799018,0.44679268485313356,4308.333496290217,1863.9336010590187
11475.55198438502,0.5229969912646691,4309.600408596533,1864.408089547458
11478.884331389147,0.5823456562696272,4311.328174516891,1865.0551756558464
11483.19173501647,0.5963700901271284,4313.561491208794,1865.8915966093732
11488.356682054278,0.5221353877934113,4316.239430250607,1866.8945299796767
11491.20112694193,0.42960173983691924,4317.714227770637,1867.4468631076038
11493.236423692186,0.32991997329241607,4318.769495485071,1867.8420747229907
11494.340983151258,0.2573980906384388,4319.342191333739,1868.0565563157495
11495.138583572723,0.191630899920413,4319.755734001515,1868.2114328691862
11495.571482534713,0.14825890316648285,4319.980184980529,1868.2954922990452
11495.890673686461,0.11058764978071621,4320.1456803356405,1868.3574721449063
11496.074599992291,0.08545523350644034,4320.241043096788,1868.3931865426139
11496.204663067438,0.06540835323067355,4320.3084786600775,1868.418441892938
11496.310069101817,0.047248743826246366,4320.363129953872,1868.4389093918533
11496.390518924582,0.03212837742741973,4320.40484186287,1868.4545309493658
11496.437231163607,0.02345463469260517,4320.429061390031,1868.4636014212836
11496.47310782278,0.01832405598657756,4320.447662847394,1868.4705678655375
11496.508815967172,0.017278278678964438,4320.46617693264,1868.4775015876166
11496.542867971755,0.02087918175305834,4320.48383233667,1868.484113724079
11496.571306720527,0.025695406820268645,4320.498577359948,1868.4896358917485
11496.598988725842,0.03089673523815782,4320.51293002421,1868.4950111165697
11496.652510408674,0.04108633096988424,4320.540680136123,1868.5054038268174
11496.734899697514,0.05593775011101369,4320.583397626871,1868.5214019769683
11496.83512419667,0.07242356865024843,4320.635362380899,1868.5408633218467
11496.978831767507,0.09365940022772092,4320.709872392573,1868.5687680966703
11497.194664917026,0.1217812271934411,4320.821778331122,1868.6106780236214
11497.511899283254,0.15761832400077108,4320.986259134474,1868.6722777536672
11497.972030237066,0.20204643584386614,4321.224829472408,1868.7616247124633
11498.636140849494,0.25600046269229376,4321.5691599179545,1868.8905797686289
11499.591328523811,0.3199187095394068,4322.064409053568,1869.076055089782
11500.957582777573,0.3928086655856222,4322.772789494139,1869.3413495526968
11502.893532271024,0.4707037267366614,4323.7765476380955,1869.7172645010423
11505.590988477328,0.5439706812055259,4325.1751346686315,1870.2410439481705
11509.214238377459,0.5930616359371413,4327.053730830348,1870.94458632774
11514.176659520805,0.5815810342401708,4329.626665891357,1871.908155230027
11517.702517744965,0.5163384870928788,4331.4547665944465,1872.5927778097582
11521.228375969125,0.3894959503245135,4333.282867521003,1873.2773967472694
11522.536291570588,0.3192209451235857,4333.961000835252,1873.531354923944
11523.844207172051,0.22762534704924609,4334.639134180219,1873.7853125999127
11524.32927316379,0.18502387382851465,4334.890633155652,1873.8794976263575
11524.81433915553,0.1344909144095457,4335.142132135307,1873.9736825839566
11525.038124203094,0.10704793065680672,4335.258161114403,1874.0171347622559
11525.237479674452,0.07911345087616586,4335.361523748501,1874.0558434553484
11525.357698344236,0.05994825667537401,4335.423855212799,1874.0791862130902
11525.456792367544,0.04235477736504992,4335.4752338847675,1874.0984272128592
11525.522769515792,0.029815121926044016,4335.50944198485,1874.1112379363917
11525.567226887784,0.021811143695210138,4335.532492423887,1874.1198701836067
11525.604281585116,0.017437757041656513,4335.551704694085,1874.1270650598187
11525.633953980403,0.017565050138760023,4335.567089358308,1874.1328265210004
11525.66362637569,0.02097224348098971,4335.582474022548,1874.1385879819247
11525.694322338419,0.02622213519085693,4335.598389390217,1874.1445481876995
11525.722441333015,0.03152976252013256,4335.612968640975,1874.1500080257908
11525.780196680696,0.04249639004931569,4335.642913868742,1874.161222325284
11525.863146989645,0.057332462825779945,4335.6859222826915,1874.17732870411
11525.966272868609,0.07414095076819997,4335.739391408507,1874.1973525504543
11526.115659438146,0.09597655957708043,4335.816845965956,1874.2263587822113
11526.339525886755,0.12477847450475953,4335.932917155424,1874.2698266808688
11526.668079441479,0.16137741863157626,4336.1032669443375,1874.3336215316256
11527.144263499275,0.20665447889166924,4336.350160802865,1874.4260815645582
11527.831347109211,0.2615314904959875,4336.706402731222,1874.5594915696104
11528.819175810675,0.32635805102752424,4337.218576223066,1874.7512965609756
11530.231159088145,0.39994333651526986,4337.950667156019,1875.025458417922
11532.22956897637,0.47792893286722327,4338.986811046012,1875.413484514721
11535.007877212247,0.5499598566731808,4340.42732000145,1875.9529395252446
11538.717873147361,0.5953317237107255,4342.350894534547,1876.6732937714767
11543.862834066456,0.5744974768169435,4345.018476246703,1877.6722624657605
11547.47741182684,0.49811158328623023,4346.892578526028,1878.3740804864606
11550.351692456343,0.3892923223075591,4348.382848437969,1878.9321573243042
11551.820594044912,0.30904607555436353,4349.1444511785285,1879.2173616556877
11552.943102057261,0.22927043480775272,4349.7264542366265,1879.4353092214317
11553.50738665255,0.179372294487032,4350.019027087783,1879.5448712888547
11553.953555712142,0.13215545579690768,4350.250358861181,1879.6314998589082
11554.18885084664,0.10287129685172595,4350.372355759448,1879.6771849421764
11554.36815458235,0.07735636389860807,4350.465321981664,1879.711998681824
11554.48696172703,0.05822393303291237,4350.526921654567,1879.7350663555872
11554.584170223321,0.04080524467662098,4350.577322761445,1879.7539404184452
11554.64653844148,0.02892784162411745,4350.609659721256,1879.7660498695132
11554.689487815942,0.021311459065542774,4350.631928309962,1879.7743889454523
11554.726336547437,0.017279716139214828,4350.651033809339,1879.7815435165185
11554.753266095437,0.017579736038502703,4350.6649963649625,1879.786772172918
11554.780195643436,0.020595301003497206,4350.678958920597,1879.7920008291067
11554.809055750848,0.025424413918724194,4350.693922441552,1879.7976043235626
11554.836947364818,0.030652411704256432,4350.708383813595,1879.803019774565
11554.888660205566,0.040506517305090216,4350.735196124682,1879.8130603673706
11554.970905204063,0.055378214525347524,4350.777838889192,1879.829029098646
11555.06996678939,0.07173287597215688,4350.829200795027,1879.8482629444718
11555.211415134107,0.09272729353348456,4350.902539582892,1879.8757266192724
11555.424033395284,0.12057279720338314,4351.012778876812,1879.9170086664074
11555.73673373596,0.15609962717403048,4351.174909189066,1879.9777226664858
11556.19044273071,0.20018204240462606,4351.410150320563,1880.0658149022627
11556.845360720632,0.2537583814697473,4351.749715226048,1880.1929738141935
11557.787476734844,0.3173008210893694,4352.238187903569,1880.3758948912337
11559.135392831646,0.3898938440941954,4352.9370617161685,1880.6376055913718
11561.04623164365,0.4677239399272117,4353.927802374027,1881.0086121736636
11563.710991901327,0.5414413865150565,4355.309439862916,1881.525997631386
11567.298179829879,0.5919615293528419,4357.169342208162,1882.2224768706596
11572.183418479151,0.5840839397379873,4359.702264463635,1883.170976319146
11575.948049737499,0.5161065224361819,4361.654169046641,1883.9018981601293
11579.119482771646,0.40551472345507633,4363.298509483438,1884.517644438
11580.686252752466,0.32445096664417794,4364.110856272835,1884.821837957942
11581.925967353067,0.2400518180322245,4364.7536297725455,1885.0625321021912
11582.524733651044,0.18894089295670974,4365.064081162526,1885.1787841365829
11583.017396089948,0.13838899251238831,4365.3195192897465,1885.2744357529846
11583.265915620304,0.10826025095121053,4365.448372961554,1885.3226864004694
11583.462589826258,0.08091401887127887,4365.5503456062925,1885.360871144429
11583.585380053359,0.061528902342121286,4365.61401050944,1885.384711140349
11583.686246509968,0.043774257084062004,4365.666308264456,1885.4042945841654
11583.756143761966,0.030524315040931078,4365.702548948377,1885.4178652872463
11583.801479171416,0.022272691912325168,4365.726054682872,1885.4266672545673
11583.838348791145,0.01763593605789384,4365.745171031529,1885.4338255701546
11583.873642859742,0.017752782527976168,4365.763470480413,1885.4406779887493
11583.907545820275,0.022044821867473165,4365.781048660508,1885.4472603204113
11583.948171307451,0.029361953248178745,4365.802112370569,1885.4551478444353
11583.985379081234,0.036474996303331855,4365.821404047162,1885.4623718117766
11584.067295315808,0.051589463694081274,4365.863876394946,1885.4782760191683
11584.158892991865,0.06709398786488309,4365.911368426108,1885.496059896272
11584.28540357949,0.08644694701765893,4365.976962282316,1885.5206221829392
11584.476656988874,0.11239745716266608,4366.07612432826,1885.55775441072
11584.75906017815,0.14577551510501066,4366.22254617949,1885.6125835292562
11585.170025521085,0.18747277764287826,4366.435625596791,1885.692373194283
11585.763755806205,0.2384238186768944,4366.743465923307,1885.8076469173905
11586.61875121785,0.29930604479184464,4367.18676834494,1885.9736455207526
11587.844149535045,0.3696892635101447,4367.822119194012,1886.2115580190507
11589.586472448022,0.4467378456686034,4368.725487823263,1886.5498312779464
11592.029547114558,0.5229303918794505,4369.992185949963,1887.024154522884
11595.361290498678,0.5822671421528393,4371.719645849517,1887.6710101323815
11599.668109659078,0.5962815098740997,4373.952668475433,1888.5071712682413
11604.83159038506,0.522051663073452,4376.629858000882,1889.5096446516868
11607.675375277899,0.42952810786979895,4378.104319234731,1890.0617531795858
11609.710097253539,0.3298640809517096,4379.159293164181,1890.4567842164674
11610.814384381767,0.25735339999459605,4379.731850106523,1890.671175509496
11611.611762520692,0.19159896693591502,4380.145279179593,1890.8259818865697
11612.04456268034,0.14823348749973284,4380.3696798294495,1890.9100074704586
11612.36366737989,0.11056971567301778,4380.535131022726,1890.9719597206652
11612.54755388283,0.08544112280951285,4380.630473528307,1891.007660161351
11612.677582593738,0.06539843307036308,4380.697891544112,1891.0329044350124
11612.782977683442,0.04723988473824004,4380.752537381959,1891.0533662392163
11612.86340219068,0.03212401090076395,4380.794236332144,1891.068980157271
11612.910109338904,0.023451637250183874,4380.81845331672,1891.078048058852
11612.945987364747,0.018322221380699378,4380.837055557119,1891.085013553423
11612.981691219788,0.01727898280296695,4380.8555674924855,1891.0919452334538
11613.015749518954,0.020882267883867645,4380.873226230818,1891.0985574387676
11613.044200140106,0.02570127717251672,4380.887977468757,1891.1040809482868
11613.071884053064,0.030903208633734143,4380.902331179537,1891.1094556059998
11613.125450127593,0.04110093238876327,4380.930104418951,1891.1198551220914
11613.207843590972,0.05595180070636532,4380.97282424507,1891.1358512926083
11613.308098027579,0.07244084081385524,4381.024804729167,1891.155315055637
11613.451863844155,0.09368264822092007,4381.099345238554,1891.1832262720868
11613.66778000289,0.12181120147021668,4381.211294663935,1891.2251450061867
11613.985130395467,0.15765551806273548,4381.375836283342,1891.286756520361
11614.445424152957,0.20209116659095408,4381.614491987034,1891.3761195074944
11615.109765557914,0.25605261056040557,4381.958943472484,1891.5050968878495
11616.065277397307,0.319976682305073,4382.4543626636,1891.6906028120268
11617.431978397355,0.392867878798177,4383.162977567814,1891.9559377731275
11619.368521925262,0.4707539743110517,4384.167047721533,1892.3319025576238
11622.066706206582,0.5439917334012344,4385.56601783469,1892.855732145336
11625.69059360288,0.5930176646085299,4387.444952026612,1893.559275854743
11630.655034149471,0.581392948310348,4390.01894437754,1894.5230692622483
11634.175945794559,0.516133830961645,4391.8444876294325,1895.206612587838
11637.696857439647,0.3894027037028802,4393.670031097856,1895.8901523671648
11639.004582822541,0.31912258134748517,4394.348068483036,1896.1440295533823
11640.312308205435,0.22751503878743096,4395.026105898057,1896.3979062508508
11640.796923636335,0.18494044886920222,4395.277372263497,1896.4919874734576
11641.281539067235,0.13444288874850108,4395.528638633035,1896.5860686289675
11641.505225837167,0.10700701205622756,4395.644617117583,1896.629494193814
11641.704451265212,0.07908628559324882,4395.747912736718,1896.6681709293914
11641.824638630784,0.05992342396612523,4395.810228217866,1896.6915035627367
11641.923705031897,0.04233265893774674,4395.8615927722385,1896.710735864153
11641.98962633533,0.029803265227451217,4395.895772053465,1896.7235335252094
11642.034065645608,0.021804104652242827,4395.91881321933,1896.7321607694346
11642.071120611274,0.01743516904633585,4395.938025704983,1896.7393544503757
11642.100736365275,0.017564231197320125,4395.953381062606,1896.7451039166303
11642.130352119277,0.020961753750874775,4395.968736420245,1896.7508533826344
11642.160969499657,0.02619488381495737,4395.984611107282,1896.7567972995048
11642.189053802309,0.03149475473792149,4395.999172428668,1896.7622494561242
11642.246574593077,0.04241851483478746,4396.0289961608905,1896.773416275692
11642.329486391365,0.05725409373595456,4396.071984778452,1896.7895123860465
11642.432450128694,0.07404457537855982,4396.125370048483,1896.8095012837202
11642.581517397733,0.09584647713498959,4396.202659360729,1896.8384404997228
11642.804934262054,0.12461030533324916,4396.31849790803,1896.881813583334
11643.132853453051,0.1611662778733663,4396.488519464749,1896.9454742240137
11643.608135417311,0.2063949098430804,4396.734946580799,1897.0377431039879
11644.293925899978,0.26121856544680727,4397.090519455147,1897.1708789485274
11645.279913930886,0.32599131988443475,4397.601740618073,1897.3622933690615
11646.689312198028,0.39953259686897424,4398.332494164327,1897.635905896922
11648.684178001702,0.4775044747200651,4399.366804605641,1898.0231767788046
11651.457866991153,0.5495899811884336,4400.804924256131,1898.5616416803307
11655.16281560775,0.595145562139978,4402.725889443203,1899.2808914993782
11660.297916296615,0.5747925659464979,4405.388369314652,1900.2777734196118
11663.908980921587,0.4989403270208331,4407.26065748746,1900.9787882934395
11666.799976814553,0.3898729821131153,4408.759599923758,1901.5400137715005
11668.269739413343,0.30976346437945435,4409.521652092889,1901.8253360668787
11669.39909423453,0.2296515783500568,4410.107207426305,1902.0445752129133
11669.963450708217,0.17982132116335572,4410.399818699808,1902.1541323474069
11670.412338994203,0.1323813906958552,4410.632561268328,1902.2412738619678
11670.647747809247,0.1031151064885943,4410.754617589692,1902.2869731396204
11670.82797249599,0.07749516711610986,4410.84806167942,1902.321959660809
11670.946923478448,0.0583548218767495,4410.909736173267,1902.345051281789
11671.044255009083,0.040926497404072726,4410.960201270612,1902.3639459761655
11671.106884366249,0.029000827808653627,4410.992673755055,1902.3761040344689
11671.149969497405,0.02135032830101931,4411.015012819625,1902.3844680273276
11671.186846726056,0.017290325083836582,4411.034133169755,1902.3916268974708
11671.213906057621,0.017573522656247256,4411.048163071493,1902.3968798472958
11671.240965389186,0.02060088939634049,4411.062192973244,1902.4021327969128
11671.269813777271,0.02542915514211902,4411.077150476903,1902.4077330506582
11671.297699804778,0.03065629304518852,4411.091609009477,1902.4131464839168
11671.349443504214,0.04051606759998685,4411.118437426133,1902.4231913369192
11671.431690354126,0.05538721814344139,4411.161081318763,1902.4391576757264
11671.530771332475,0.07174393530163443,4411.21245348219,1902.45839197177
11671.672257264772,0.09274216024035391,4411.285812047951,1902.4858582107443
11671.884929387155,0.1205919444147991,4411.396079702935,1902.527143600245
11672.197704756067,0.15612326657920197,4411.558249555677,1902.5878617038957
11672.651518395198,0.20021018554652387,4411.793545871459,1902.675959076239
11673.306583994,0.2537906643612542,4412.133188648926,1902.8031247367835
11674.248906106346,0.31733574610186954,4412.621770111028,1902.986054315385
11675.597103824899,0.389927667671844,4413.320792694786,1903.2477746172508
11677.508311827067,0.467748761465117,4414.311728675468,1903.6187889998291
11680.173511203071,0.5414419639333072,4415.693599280768,1904.1361706741902
11683.76103706896,0.5919112277236178,4417.553684158731,1904.832595746647
11688.647684706728,0.5839251624996363,4420.087346910256,1905.7812057439867
11692.401510734182,0.5161076096184073,4422.033656784109,1906.509904586266
11695.576709208497,0.4053858435497884,4423.679956002005,1907.1262761925157
11697.140254774115,0.3244831727355044,4424.490634158062,1907.4297916344296
11698.38163271088,0.2399703791259954,4425.134272594769,1907.6707674092986
11698.979087829533,0.1889686814341912,4425.444045371385,1907.7867449962573
11699.472439730807,0.13834609011144883,4425.69984197652,1907.882514060502
11699.720515338275,0.10826953339918374,4425.828465984703,1907.9306702668907
11699.917369408244,0.0808982675765743,4425.930532285989,1907.9688833836567
11700.04013254834,0.06151606640044309,4425.994183394205,1907.9927140370826
11700.140984836784,0.0437628377194651,4426.046474008019,1908.012291375528
11700.210849325544,0.030518896514877398,4426.082697846543,1908.0258533937342
11700.25617880343,0.022269055490194076,4426.106200597649,1908.034652701706
11700.293051728348,0.01763415727612271,4426.125318734863,1908.041810432567
11700.328349732952,0.017755069647494733,4426.143620296178,1908.048662441302
11700.362219062445,0.022044091604275007,4426.161181107845,1908.0552371169097
11700.402821903344,0.029356743803414482,4426.182233158586,1908.0631188936443
11700.440017331068,0.036467358583593894,4426.201518509451,1908.070339226847
11700.521929975392,0.0515816054468629,4426.243989162049,1908.086240012791
11700.613514802157,0.06708458918355346,4426.291474716985,1908.104018349145
11700.739996309763,0.08643406101348697,4426.357053752419,1908.1285707832951
11700.931209002647,0.11238054811730176,4426.456195075647,1908.1656887466656
11701.213553253174,0.1457537212852388,4426.60258694117,1908.2204970325763
11701.624434330615,0.18744513100773166,4426.815623502083,1908.300256674142
11702.218042056495,0.23838901294939485,4427.123401488224,1908.4154868647736
11703.072859534299,0.2992626372735381,4427.566613388409,1908.581422503659
11704.298000845418,0.36963585625777523,4428.201833469075,1908.8192443828736
11706.039955591103,0.44667344514993107,4429.105014741633,1909.1573882806465
11708.482509634354,0.5228551080538274,4430.37144788367,1909.6315293208975
11711.813533233106,0.582183502058048,4432.09854133197,1910.278134615421
11716.119489935854,0.5961963908616188,4434.331125499592,1911.1139854878347
11721.28190696788,0.5219767044750905,4437.007773949527,1912.1160812989779
11724.125086824344,0.4294664744325954,4438.481927221781,1912.6679782286897
11726.159384308454,0.32981652822795343,4439.536685163734,1913.0628595341182
11727.263425948659,0.2573172727560997,4440.109117051181,1913.2771666440258
11728.060643143966,0.19157205992661758,4440.522464285097,1913.4319154071006
11728.493352546904,0.14821311743029641,4440.746818751444,1913.5159090611814
11728.812394027505,0.11055474033309433,4440.912237809878,1913.5778384877513
11728.996245297578,0.08542970311950421,4441.007562418395,1913.613526008913
11729.126247745726,0.06539020304480501,4441.074967079429,1913.6387608852613
11729.23163363097,0.047232589769798904,4441.129608357355,1913.659217417953
11729.312037469193,0.032120402907063604,4441.171296753044,1913.6748246647908
11729.358740304207,0.0234491890099383,4441.195511595431,1913.683890184836
11729.394619506786,0.018320724154848398,4441.21411451828,1913.6908547215855
11729.430319877223,0.017279566197186274,4441.232624718898,1913.6977845447461
11729.464383389948,0.020884805616813246,4441.250286229052,1913.7043966360109
11729.492844018921,0.025706141820511598,4441.265042713276,1913.7099211475092
11729.52052972645,0.03090860711646861,4441.279397410324,1913.7152952382755
11729.574132861982,0.04111310353092157,4441.30718997339,1913.725700177304
11729.65652983721,0.05596349711835655,4441.349911786448,1913.7416943054563
11729.756809305747,0.07245520700364237,4441.401905451378,1913.7611596129468
11729.900623840886,0.09370197524280102,4441.476471510525,1913.7890755332744
11730.116609451952,0.12183609338654262,4441.588457381283,1913.831000610853
11730.43405676413,0.15768632764968504,4441.753049891914,1913.892620447442
11730.894486265484,0.20212806339487094,4441.991776904745,1913.98199456906
11731.559019739496,0.25609534389632305,4442.336329314283,1914.110987274945
11732.51480069844,0.32002367349188376,4442.831889965556,1914.296513862587
11733.881871255451,0.39291488439384215,4443.54069923311,1914.5618754055267
11735.818903192647,0.4707917791685769,4444.545026519785,1914.9378710369178
11738.517678199667,0.5440023007248108,4445.944308346051,1915.4617262186387
11742.142052327075,0.5929693185616609,4447.82350218823,1916.1652448527793
11747.108188834784,0.5812158446269367,4450.398383845518,1917.129203819425
11750.624987990193,0.5159329644974896,4452.2218018853655,1917.8118329340075
11754.141787145603,0.38927674459665607,4454.0452201352045,1918.494458593126
11755.448934526714,0.31900616311439633,4454.722960453251,1918.7481805735438
11756.756081907824,0.22741206242891254,4455.40070080028,1919.0019020770278
11757.240316336807,0.1848589477860398,4455.651770591108,1919.0958934133646
11757.72455076579,0.13438918626385746,4455.902840385912,1919.1898846842714
11757.948117452897,0.1069625209416807,4456.018757056738,1919.233279587868
11758.147205084952,0.0790561685881669,4456.121981629094,1919.27192302839
11758.267357405944,0.05989592486119859,4456.184279180624,1919.295244909095
11758.366393249664,0.04230814322359219,4456.2356280896465,1919.3144680231371
11758.432252711287,0.02979010588146975,4456.269775438578,1919.3272515138815
11758.476671966622,0.021796290560437446,4456.292806295141,1919.3358734048056
11758.513727071924,0.017432309463377628,4456.312018927362,1919.3430658949762
11758.543280679472,0.017563360496741794,4456.327342122064,1919.348802325082
11758.57283428702,0.020950322492249773,4456.342665316781,1919.3545387549443
11758.603367169047,0.02616540088362278,4456.358496253706,1919.3604652642
11758.631416233471,0.03145731170115473,4456.3730393607,1919.3659096579777
11758.68868572501,0.0423351148921512,4456.402732912381,1919.377025809289
11758.771557187722,0.057170319140961295,4456.445700782367,1919.3931113655135
11758.874347516743,0.07394153135679898,4456.49899634832,1919.4130632203758
11759.023073558865,0.09570739611652261,4456.576109036789,1919.4419313045487
11759.24600970318,0.12443048130164358,4456.691698783576,1919.4852037373307
11759.573250674955,0.1609405083715452,4456.861369347862,1919.5487219586607
11760.047568406259,0.20611740169738882,4457.107297471529,1919.6407880625009
11760.731976843108,0.2608840982655692,4457.462155143455,1919.7736331189033
11761.715997845455,0.32559949033437835,4457.972358397441,1919.9646333489868
11763.122634018331,0.3990940122309146,4458.701682648536,1920.2376634680638
11765.113713691544,0.4770517446913988,4459.734034012793,1920.6241339746543
11767.88246954788,0.5491965127247603,4461.169601431826,1921.1615503513776
11771.582030669402,0.594950093110763,4463.087780659764,1921.8796329898723
11776.706551516849,0.5751143198796901,4465.744785242901,1922.8742931838215
11780.31199711791,0.49989022026582103,4467.614167207042,1923.5740992557112
11783.222627646821,0.3905189412527166,4469.123295729138,1924.139041192583
11784.692901897712,0.3105882529725636,4469.8856161072235,1924.4244147474224
11785.83031880944,0.2300757243281186,4470.475353788061,1924.645181792865
11786.394570495782,0.1803384028159659,4470.767911852458,1924.7547001452774
11786.846665301755,0.1326334670623013,4471.002317857338,1924.8424493598943
11787.082140328252,0.10339507500848372,4471.124408976496,1924.88815379669
11787.2634435066,0.0776515889225922,4471.218412610046,1924.9233437584924
11787.382554976422,0.058502592058336265,4471.280170551178,1924.9464626426277
11787.480026009804,0.04106331311905019,4471.330708172549,1924.9653812336078
11787.542956015286,0.029082155320503345,4471.3633366641925,1924.9775955998286
11787.586188555984,0.02139432543813858,4471.385752244559,1924.9859867963755
11787.623096270032,0.017302623614854965,4471.404888474308,1924.9931503787127
11787.650317640386,0.01756748132667393,4471.419002445091,1924.998433895288
11787.67753901074,0.02061152473353293,4471.433116415887,1925.0037174116576
11787.70639117256,0.025442943159915708,4471.448075933515,1925.0093174553438
11787.734267226006,0.030668847288511148,4471.46252935007,1925.014728041619
11787.786102440734,0.04054555667431317,4471.489405319194,1925.0247889667053
11787.868355214207,0.055415315268958105,4471.532052446568,1925.0407537681845
11787.967495271367,0.07177857777718799,4471.583455438583,1925.0599962941114
11788.109095737602,0.092788852992512,4471.656873670044,1925.0874801412283
11788.321931375287,0.12065237212294416,4471.76722652845,1925.128790320507
11788.63493645409,0.15619880485305832,4471.929516104631,1925.1895427922461
11789.089073734098,0.20030205001181428,4472.164981126159,1925.2776881579923
11789.744600407865,0.2538995877410857,4472.50486426706,1925.4049219156375
11790.687574384647,0.3174601763853733,4472.993785585069,1925.5879472451568
11792.036679172114,0.3900611844957029,4473.693281150781,1925.8497995871055
11793.949113033426,0.4678755696694362,4474.684856519031,1926.2209895230667
11796.615867780349,0.5415292590257618,4476.067538853778,1926.738586136392
11800.204967529628,0.5918989609487165,4477.928446884172,1927.4351997228202
11805.095689610516,0.5836819470562363,4480.464231866184,1928.3844413438635
11808.827799833005,0.5161859313028877,4482.3992897606295,1929.1088032172959
11812.011471223164,0.40517780761280164,4484.049988367449,1929.7267160572378
11813.568659552062,0.32459715162519714,4484.857373454257,1930.0289468157691
11814.813747276101,0.23983620846541973,4485.502937826234,1930.2706022731033
11815.408611789113,0.18905317023745674,4485.8113685815415,1930.386057646419
11815.90349554305,0.13827644287493326,4486.067960409361,1930.4821079958165
11816.150699087568,0.10830387091877319,4486.196132752028,1930.5300868880634
11816.34796664137,0.08087641689750133,4486.298413828675,1930.5683738622151
11816.470686193874,0.06149917022921578,4486.362042579468,1930.5921920683825
11816.571520268386,0.043747670487970125,4486.41432394858,1930.611762596021
11816.641340769414,0.03051175735401175,4486.450525117814,1930.6253138076133
11816.686662778422,0.02226419120082335,4486.474024085839,1930.6341101936976
11816.723539972449,0.01763178017669733,4486.493144509302,1930.641267555529
11816.75884310671,0.017758106999421028,4486.511448799942,1930.6481194134165
11816.79266752484,0.02204309461190941,4486.528986392391,1930.6546842723053
11816.833238439778,0.029349461021743774,4486.55002196999,1930.6625585339248
11816.870416319889,0.0364566461655724,4486.569298296004,1930.6697742533322
11816.952324173697,0.0515706755507494,4486.6117666264045,1930.6856714491532
11817.043890874089,0.06707153490644174,4486.659242963728,1930.7034432929975
11817.170331534266,0.08641618785325168,4486.724801069779,1930.7279836915334
11817.361486814834,0.11235713048761178,4486.8239130026195,1930.7650843022288
11817.64374823735,0.14572366782164625,4486.970262479769,1930.8198673435284
11818.05451149658,0.1874072908953641,4487.183238763798,1930.8995907762214
11818.647948644497,0.23834187297832424,4487.490929478029,1931.0147685866016
11819.502519748845,0.2992046938485521,4487.93401532211,1931.1806286574886
11820.727307610612,0.369566011739054,4488.569054558711,1931.4183421732937
11822.468761037157,0.4465917441223425,4489.47197933606,1931.7563322515132
11824.910617817757,0.5227640902187826,4490.738055766681,1932.2302587443962
11828.240711497174,0.5820905288979991,4492.464673619183,1932.8765755849001
11832.545303934012,0.596117408171597,4494.696558898237,1933.7120222121134
11837.70738172,0.5219174409629895,4497.373041594251,1934.7138851375146
11840.550054545884,0.42942637828375074,4498.846937556503,1935.26559173787
11842.584197835953,0.3297839273059284,4499.901619540616,1935.6603773775473
11843.688041827276,0.2572965245486525,4500.473951113875,1935.8746104612958
11844.48520841798,0.19155416365544772,4500.887273672574,1936.0293236535151
11844.917841350007,0.14820180913627562,4501.111589337643,1936.113288491735
11845.236861395464,0.11054507117723925,4501.276997907427,1936.1752034554393
11845.42068559324,0.08542311453637189,4501.372308839526,1936.2108797856665
11845.550676339197,0.0653850043276973,4501.439707687847,1936.236108193066
11845.656056135493,0.04722810114426378,4501.494346015223,1936.2565601411727
11845.736447664965,0.032118151003629795,4501.536028186503,1936.2721624030014
11845.783147547676,0.023447727386863914,4501.560241589664,1936.2812258421075
11845.819027572008,0.018319833209802208,4501.578845008887,1936.2881893798685
11845.854725883692,0.017279930001832696,4501.597354212014,1936.2951176507793
11845.888792629214,0.020886345995845438,4501.615017465084,1936.301729269628
11845.917259671083,0.025709140582831785,4501.629777330093,1936.3072541068084
11845.944946830008,0.030911986486334017,4501.644132833922,1936.3126275853622
11845.998573316172,0.04112072234988268,4501.671937609075,1936.3230353255556
11846.080972499103,0.05597077323178183,4501.714660728246,1936.339027221856
11846.181267793476,0.0724641184763837,4501.766662795183,1936.3584923631724
11846.325113149895,0.09371394221825396,4501.841245116608,1936.3864096221544
11846.541142770258,0.12185144823640628,4501.953254228873,1936.4283362680817
11846.858651140228,0.15770515908426902,4502.117879019221,1936.4899577067022
11847.31916558272,0.20215026375246536,4502.356650975053,1936.5793334509253
11847.983818420424,0.25612041702277416,4502.701266574961,1936.708327874012
11848.939765149455,0.32005006786649004,4503.196915047905,1936.8938557898734
11850.30706035007,0.392938999916831,4503.905843467082,1937.1592168244556
11852.244382437595,0.4708062663832689,4504.910324984233,1937.535206292306
11854.94349051029,0.5439932481455687,4506.309784779856,1938.059039110907
11858.568069411212,0.5929128495551684,4508.189091878143,1938.762480717546
11863.535299530307,0.5810595408353435,4510.764550257225,1939.726492065269
11867.048985904765,0.5157538099409339,4512.586361210343,1940.408403963715
11870.562672279222,0.389142715252764,4514.408172367305,1941.0903124923059
11871.869062286822,0.3188903742314353,4515.085522540343,1941.343845498654
11873.175452294421,0.22732460726440723,4515.762872741532,1941.597378039594
11873.659391350808,0.18478733994098626,4516.013790327117,1941.6912965046852
11874.143330407194,0.13433765443188495,4516.2647079165645,1941.7852149059313
11874.366776500909,0.10692055638371746,4516.380562495973,1941.8285792287395
11874.565736719089,0.07902740619335681,4516.483721392904,1941.867191550953
11874.68585534387,0.0598697123830618,4516.546001707077,1941.8905030352641
11874.784862110351,0.04228477471504972,4516.597335732541,1941.9097173272407
11874.850662807,0.029777535075262193,4516.631452740562,1941.9224872993982
11874.895062809364,0.02178884601012362,4516.654473701077,1941.93110402808
11874.93211795872,0.01742959959047486,4516.673686428237,1941.9382953373818
11874.961612863113,0.01756256175583897,4516.688979243436,1941.9440194263168
11874.991107767506,0.02093958247800935,4516.70427205865,1941.9497435150142
11875.021562436335,0.02613791549980375,4516.720062502215,1941.9556538653576
11875.049580936124,0.03142283024223527,4516.734589816321,1941.9610914271304
11875.106618646629,0.04225820740741347,4516.76416330326,1941.9721607583972
11875.18945377013,0.05709319360523199,4516.807112492957,1941.988236602332
11875.29208447207,0.07384663557482274,4516.860325493832,1942.0081541791128
11875.440496665884,0.0955793074386889,4516.937275744405,1942.0369565812064
11875.662990440625,0.12426482646543521,4517.052636560645,1942.0801360082462
11875.989607215846,0.16073246317189635,4517.221984121761,1942.1435225897144
11876.463037494412,0.20586158565809629,4517.467453032532,1942.2354012448975
11877.146173749788,0.2605756145084571,4517.821652421945,1942.3679774495424
11878.1283836953,0.32523781424305115,4518.33091857411,1942.558594641238
11879.53247594871,0.3986886531725577,4519.058926562166,1942.8310859505634
11881.520066615967,0.47663229811172386,4520.089472779586,1943.216815516036
11884.284271160908,0.5488298625291013,4521.522685764368,1943.7532599072772
11887.978838836338,0.5947629898179972,4523.438283116785,1944.4702550156112
11893.093586367231,0.5753981236624012,4526.090230260915,1945.462854599799
11896.691960247714,0.5008006138438658,4527.955952585232,1946.161173064504
11899.62199606567,0.39111932372364366,4529.47514819482,1946.7297879007701
11901.092279707942,0.31138437279424974,4530.237476285083,1947.0151163314583
11902.237683551251,0.23047101099733433,4530.831357312815,1947.2373970360509
11902.801645160731,0.18083873700552291,4531.123766065622,1947.3468410849698
11903.256921311384,0.13286917583150692,4531.359822441268,1947.4351932511474
11903.492395170948,0.1036652240128124,4531.481913410397,1947.4808899464517
11903.674761175114,0.07779946075996694,4531.576468459409,1947.516280377094
11903.794022577982,0.05864262305133627,4531.638304369552,1947.539424556498
11903.89164473252,0.041189481598412715,4531.688920534141,1947.5583693639708
11903.954851873013,0.029157294615675622,4531.721692839257,1947.5706355035452
11903.998219538049,0.021435231142065126,4531.744178563845,1947.5790515430717
11904.035153315697,0.017314373389131815,4531.763328378634,1947.5862190056243
11904.062540567442,0.017562814070435417,4531.777528409943,1947.5915338449117
11904.089927819186,0.020625675752121632,4531.791728441265,1947.5968486839959
11904.118801145067,0.025464221993249714,4531.806698988003,1947.6024519141515
11904.14666481514,0.03068881056087767,4531.821146037754,1947.6078592077504
11904.19864274976,0.04059195561100305,4531.848096105939,1947.617946175359
11904.28090515436,0.055459646915347646,4531.890748385872,1947.633910221236
11904.380138046143,0.07183326876730735,4531.942199703293,1947.6531675994254
11904.521918528759,0.09286260101834731,4532.015711545103,1947.6806818627429
11904.73501094558,0.12074788428102805,4532.126197952223,1947.722035082218
11905.048377275865,0.15631844215287438,4532.288675438516,1947.782847672659
11905.503024457077,0.2004480503555187,4532.524405716181,1947.8710775025188
11906.159278807005,0.2540736091776001,4532.864667416314,1947.9984315632926
11907.103283736313,0.3176606078132193,4533.35412509431,1948.1816268851976
11908.45382740209,0.3902793081585331,4534.054369309234,1948.443715437754
11910.36821532907,0.4680888428271863,4535.046961532624,1948.8152236169938
11913.037473681068,0.5416898888997078,4536.430947106524,1949.3332211071088
11916.629194071003,0.591918428267826,4538.293220831934,1950.0302289591139
11921.526242275278,0.5833657934441161,4540.832295267237,1950.9805425984327
11925.22806649727,0.5163116480951364,4542.751657324608,1951.6989086131266
11928.42360343093,0.4048987079963607,4544.408514225404,1952.319022909887
11929.97196103871,0.32476447136045283,4545.211323653558,1952.6194905758946
11931.222248839405,0.23965551847904773,4545.8595866086625,1952.8621156162264
11931.813528029224,0.18917519207298797,4546.166159547904,1952.9768563613015
11932.310556348313,0.1381828678348779,4546.423864263194,1953.073307170906
11932.556555153496,0.10835409376956362,4546.551412433702,1953.1210444340961
11932.754403265064,0.08084787501462518,4546.6539949028565,1953.159437809447
11932.877063726612,0.061477386785363956,4546.717593250986,1953.1832406552548
11932.977874462928,0.04372803965203895,4546.769862712922,1953.2028034549521
11933.047637772861,0.03050253853848936,4546.806034363047,1953.2163413532624
11933.09295032789,0.022257864483477115,4546.829528516224,1953.225134466917
11933.129832896733,0.017628696251793582,4546.848651797234,1953.232291701838
11933.165142616099,0.01776204159857556,4546.866959569923,1953.2391437176204
11933.198908535185,0.022041754661642213,4546.884466896037,1953.2456961514422
11933.239435395946,0.0293394752265244,4546.905479709779,1953.253560577071
11933.276588966044,0.03644192832591305,4546.924743502596,1953.2607703995845
11933.358490320092,0.051555717941395726,4546.96720862007,1953.2766637357017
11933.45003201564,0.067053693462011,4547.014672168273,1953.2944278224845
11933.576416407694,0.0863917814271844,4547.080201342373,1953.3189532909646
11933.767492417117,0.11232518704283313,4547.179272540537,1953.356032455074
11934.049639726101,0.14568279407660562,4547.325563392285,1953.4107843989113
11934.460241225617,0.1873560961657435,4547.538456593224,1953.4904634130878
11935.053444905494,0.23827857199741548,4547.846027394483,1953.6055770976423
11935.907679996244,0.2991277016981482,4548.288940657158,1953.7713448656923
11937.131988081099,0.36947462158281047,4548.923733481653,1954.00892644971
11938.872765761063,0.4464873562280691,4549.826311227618,1954.3467302045374
11941.313693842987,0.5226524201585011,4551.091910813259,1954.8203991229186
11944.642582156774,0.581985260088363,4552.817910068225,1955.466376624001
11948.945153234781,0.5960463406628396,4555.048755521972,1956.3012948198334
11954.107837501584,0.5218786292825939,4557.725562533175,1957.3031122740865
11956.95013121017,0.4294143759613307,4559.199267351039,1957.8546555297273
11958.9844731384,0.3297708341274565,4560.254056206837,1958.2494155034021
11960.08818191412,0.2572958451804894,4560.826319776419,1958.4635875149356
11960.885441927583,0.1915480255890141,4561.239692293462,1958.6182936841892
11961.318017024081,0.14820232715494194,4561.463978795802,1958.7022336512516
11961.637070175573,0.11054232632116223,4561.629405138709,1958.7641449756616
11961.820877948583,0.08542283067065176,4561.724707904981,1958.799812320304
11961.950875999735,0.06538376068832735,4561.7921107886705,1958.825038045054
11962.056253769277,0.04722727466493284,4561.846748265978,1958.8454862760377
11962.136643912685,0.032117666122425295,4561.888429871768,1958.8610857332815
11962.183342602057,0.02344755369566789,4561.912642745169,1958.870147467885
11962.219222977033,0.01831973385990383,4561.93124641456,1958.877109942022
11962.2549210811,0.017280005713588075,4561.949755578053,1958.8840370467183
11962.288988452989,0.02088657790550575,4561.967419220794,1958.8906477126523
11962.317457083627,0.025709671919713042,4561.982179963803,1958.8961719602883
11962.345145168127,0.030912682379237638,4561.996536000285,1958.9015447452089
11962.398776812905,0.04112229730938628,4562.024343552303,1958.911951795078
11962.4811764405,0.05597217545035705,4562.067067059014,1958.9279411788948
11962.581475329629,0.07246578228450126,4562.119071180877,1958.9474038546282
11962.725327719725,0.09371612979218935,4562.193657423239,1958.975317941957
11962.941367544096,0.12185413239239941,4562.3056722377305,1959.0172397551578
11963.258889323017,0.15770807775157097,4562.470304585316,1959.0788537832223
11963.719421200012,0.2021529406025965,4562.7090864579295,1959.1682183895036
11964.384096788472,0.2561220299488492,4563.053715119701,1959.2971962716413
11965.340071954715,0.320049102048705,4563.549380157292,1959.4826995706978
11966.707399240855,0.3929327112209905,4564.258327815256,1959.748023739114
11968.64474805594,0.47078978630374363,4565.262826876763,1960.12395735588
11971.343846918238,0.5439581494575738,4566.66228702992,1960.6477033879696
11974.968256497012,0.5928456178279514,4568.54151322398,1961.350998066396
11979.935782687502,0.58093094318405,4571.117134543413,1962.314910669495
11983.44736572085,0.5156116986793292,4572.937861595011,1962.9963040374548
11986.958948754196,0.38902794926623585,4574.758588844675,1963.677694116248
11988.264651307953,0.318794823681827,4575.43558505245,1963.9310527335172
11989.570353861709,0.22725874830235598,4576.112581287583,1964.1844108964513
11990.054086023387,0.18473239642745862,4576.363392515908,1964.2782740361931
11990.537818185065,0.13429620767478076,4576.614203747988,1964.3721371135964
11990.761165691438,0.10688713122320387,4576.730007633497,1964.4154752989893
11990.960026275552,0.07900431412379308,4576.833115247454,1964.454062048867
11991.080117692934,0.05984874091504135,4576.895381682099,1964.4773644870606
11991.179101263173,0.042266101130508354,4576.946703867833,1964.4965711733596
11991.244855262123,0.029767461251262818,4576.980796787974,1964.509330020963
11991.289239686435,0.02178291613599506,4577.003809755404,1964.5179423346176
11991.326294877324,0.017427452935601717,4577.02302257421,1964.525132490028
11991.35574316233,0.0175619406309035,4577.038291273438,1964.5308466081049
11991.385191447336,0.020931074687866473,4577.053559972681,1964.536560725951
11991.415585051021,0.026116298539087403,4577.0693188120795,1964.5424582723124
11991.443581202439,0.0313960193559298,4577.083834591746,1964.5478906190656
11991.500438508012,0.04219833565371383,4577.1133146480925,1964.558923156244
11991.583245935393,0.057033219363238276,4577.156249634294,1964.5749910286913
11991.685752630938,0.07377280989656781,4577.209398533018,1964.594881325391
11991.83392120873,0.09547964572997679,4577.286222751416,1964.6236318031158
11992.056071481054,0.12413587873013342,4577.401405885316,1964.666737601444
11992.38220333252,0.1605703936640496,4577.570502635197,1964.7300198490034
11992.854943884215,0.20566208048092488,4577.815614823586,1964.8217498290444
11993.537090892947,0.26033464716378646,4578.169302588469,1964.9541126688575
11994.517891608777,0.32495460970636936,4578.67783992346,1965.1444256340772
11995.920002428331,0.3983699886967739,4579.404823207917,1965.4164884774743
11997.904871182654,0.47630015168579953,4580.4339618905315,1965.8016276373426
12000.66551359798,0.5485345301754064,4581.865333158989,1966.3372943106856
12004.356128182742,0.5946004702003037,4583.77888783595,1967.0534067961717
12009.463259850174,0.5755890692759541,4586.426895854285,1968.0443687744405
12013.055760551877,0.5014739124978238,4588.289579755464,1968.7414352793733
12016.000499765265,0.3915602359387627,4589.81640447534,1969.3128116190355
12017.470653509172,0.3119799286169635,4590.578667979142,1969.59806897833
12018.622111905062,0.23076323234872442,4591.175690399644,1969.8214887361212
12019.185806252142,0.18121407153407687,4591.4679616389585,1969.9308633409516
12019.643496532579,0.13304375272609426,4591.705270578241,1970.019669728519
12019.878951372792,0.10386782704420673,4591.827352128501,1970.0653553915006
12020.062122713423,0.07790940248951855,4591.922325081068,1970.1008963968904
12020.181494949336,0.058746917839296614,4591.984218681415,1970.1240583631093
12020.279230932634,0.04128329326183162,4592.034894048795,1970.143022213378
12020.342647354904,0.029212645435214405,4592.067774983697,1970.1553269896092
12020.386113187446,0.021465644942440933,4592.090311688883,1970.1637607246732
12020.423065049014,0.017323309651869703,4592.1094709494455,1970.1709305446273
12020.450585209452,0.01755994708519451,4592.123739944367,1970.1762703185493
12020.47810536989,0.02063890131882857,4592.1380089393015,1970.1816100922706
12020.507006889602,0.02548562386566377,4592.1529941585795,1970.1872178927727
12020.534859906367,0.03070922566764965,4592.167435737026,1970.1926222506372
12020.58698277806,0.04063920466516969,4592.19446105165,1970.2027357201605
12020.669255352239,0.05550485235422951,4592.237118758997,1970.2186991747478
12020.768582908453,0.07188903363499462,4592.288619345658,1970.2379718272962
12020.910547009262,0.09293779740831114,4592.3622266584935,1970.265517298493
12021.12390125263,0.12084526252735661,4592.472849221048,1970.3069146778803
12021.4376359319,0.15644041086128885,4592.635518282211,1970.3677889715836
12021.892803104534,0.20059690070068972,4592.871519025551,1970.4561055251766
12022.54979956737,0.2542510392582819,4593.212166738238,1970.5835831263425
12023.494855933726,0.3178649855673874,4593.702171351181,1970.7669530434064
12024.846867102398,0.3905017623730282,4594.403178990874,1971.029284261237
12026.763248002102,0.46830641848820403,4595.3968081484845,1971.4011195142946
12029.435059735133,0.541853908640153,4596.782122638289,1971.9195293385792
12033.029451229811,0.5919387571669741,4598.645788044091,1972.6169437137041
12037.932925938558,0.5830441165519816,4601.188203745101,1973.5683520329237
12041.605213821591,0.5164086662057489,4603.092258349538,1974.2808722502728
12044.811774293721,0.4046082710714505,4604.75483684762,1974.9030262198526
12046.351478078244,0.3249065013169653,4605.553162222535,1975.201766799248
12047.606624779923,0.23946828161620834,4606.203946817608,1975.4452958111926
12048.194412598074,0.18928071416092143,4606.508710609341,1975.5593408127163
12048.693444289496,0.13808528431506817,4606.767454986645,1975.6561649153402
12048.938269691822,0.10839569397996549,4606.894395215254,1975.7036668842925
12049.136653775477,0.08081608292741738,4606.997255951364,1975.7421581178749
12049.259251671006,0.06145255312372406,4607.060822088371,1975.7659450221402
12049.360035514204,0.04370569005856212,4607.113077794548,1975.7854994790566
12049.429733838195,0.030492007627145802,4607.149215880111,1975.7990226061047
12049.475035507154,0.02225064598963832,4607.172704473496,1975.8078122030697
12049.511924049155,0.017625191912310177,4607.191830920373,1975.8149694537005
12049.547241301556,0.017766530366543794,4607.210142664778,1975.8218218366067
12049.580940155503,0.02204015917038756,4607.227615281104,1975.8283602116003
12049.621413549497,0.029327404486256613,4607.248600448331,1975.8362130072553
12049.658537613832,0.036424123873341284,4607.267849011949,1975.8434159533635
12049.74043088899,0.05153760935929083,4607.310310093405,1975.8593051834503
12049.831942273877,0.06703211847901111,4607.357758096558,1975.8770605519599
12049.958258352768,0.0863622757037038,4607.423252086591,1975.9015688489412
12050.149238043261,0.1122865890647452,4607.5222737005915,1975.9386234029248
12050.431246826145,0.1456334733032977,4607.668493253952,1975.9933397253192
12050.841652285259,0.18729447496800597,4607.881285575342,1976.0729679788612
12051.434573434659,0.23820265205306035,4608.188710993088,1976.1880084648772
12052.288402579163,0.2990358331659244,4608.631415368684,1976.3536710044393
12053.51213232705,0.3693664000645332,4609.265910612354,1976.5911024548122
12055.252098157795,0.44636523562548397,4610.168070664864,1976.9286947879307
12057.691916914584,0.5225245872432684,4611.433099620592,1977.4020729190888
12061.019384738951,0.5818703205468807,4613.158368559063,1978.0476718358573
12065.319421623351,0.5959813122919805,4615.387908053687,1978.8819653488026
12070.483446760216,0.5218557030407444,4618.065419888788,1979.8838835203849
12073.3254615715,0.42942419826617684,4619.538985376138,1980.435284956301
12075.360276187877,0.3297729236598889,4620.5940230915485,1980.8300738929802
12076.46389868273,0.2573107652242678,4621.16624397186,1981.044195132553
12077.261363963451,0.1915510429891282,4621.579724396762,1981.1989165486982
12077.693895869972,0.14821203988432538,4621.8039893072855,1981.2828348021508
12078.013024491385,0.11054497184373324,4621.969455372246,1981.344750934918
12078.19682416267,0.08542745016115993,4622.064754278516,1981.380411042548
12078.326844295329,0.06538559445541117,4622.132168852264,1981.4056370449146
12078.432223199332,0.04722929774763116,4622.186807113088,1981.426082248324
12078.512620458438,0.03211855576665461,4622.22849255731,1981.4416806085978
12078.559319323176,0.0234483818008127,4622.252705608186,1981.4507409380444
12078.595199680343,0.018320250368741343,4622.271309334839,1981.4577023029576
12078.630899015749,0.017279857103682038,4622.289819202933,1981.4646285464103
12078.664964983012,0.020885790906937644,4622.307482180522,1981.471237889944
12078.693431428781,0.025708278755627905,4622.32224184345,1981.4767608363456
12078.721120014123,0.03091128249476557,4622.336598190928,1981.482132865163
12078.774742612035,0.04111915262824995,4622.3644011516,1981.4925365070203
12078.85714130455,0.05596899018467958,4622.40712432618,1981.5085231701278
12078.957434236334,0.07246178574139181,4622.459125545068,1981.527981599211
12079.101275080973,0.09371067961745722,4622.533706067761,1981.5558890136606
12079.317298705704,0.12184692049486046,4622.645712883174,1981.5978010267445
12079.634796679287,0.15769856817267322,4622.81033347619,1981.6594006524788
12080.09529326797,0.20214036895519824,4623.049097905294,1981.7487442231068
12080.759916152869,0.2561053193035923,4623.393700471928,1981.8776914032862
12081.715812500199,0.32002676574965355,4623.889326413037,1982.06314996425
12083.08302148527,0.3929026727281444,4624.598215264474,1982.3284090735924
12085.020191296133,0.4707491130706616,4625.602625099345,1982.704248319596
12087.719013635662,0.5439026944459621,4627.001946870349,1983.2278576484655
12091.342961800698,0.5927699528947589,4628.880940524235,1983.930951349287
12096.31016224815,0.5808239397342408,4631.456402121403,1984.894648122687
12099.820325432202,0.5155011192283254,4633.276399468433,1985.5756582181407
12103.330488616253,0.3889379404950397,4635.096397008056,1986.2566651010673
12104.635658349496,0.3187213504968545,4635.77311935715,1986.5098803080675
12105.94082808274,0.22721003563228706,4636.449841732846,1986.7630950713176
12106.42441410414,0.18469158242627942,4636.700578079035,1986.8569150318779
12106.90800012554,0.13426495803284266,4636.951314428874,1986.9507349315386
12107.131273556284,0.10686204339318524,4637.067080317794,1986.994051901024
12107.330060696126,0.07898689736339046,4637.170150217419,1987.0326183081556
12107.450131487662,0.059833000190871975,4637.232406178749,1987.0559130647673
12107.54909771424,0.042252115720275665,4637.283719554103,1987.0751133531357
12107.614816993246,0.029759893066299208,4637.317794593201,1987.0878634499359
12107.659189568121,0.0217784984181999,4637.340801498467,1987.096472104682
12107.696244846766,0.01742586209311469,4637.3600144309785,1987.103661141691
12107.72565832262,0.01756148212392088,4637.375265136081,1987.109367604165
12107.755071798476,0.020924720212586366,4637.390515841197,1987.1150740664136
12107.7854203627,0.026100247174148654,4637.406251383856,1987.120961943452
12107.813400987441,0.0313763018995485,4637.420759164567,1987.1263904200769
12107.870125563422,0.04215426159347327,4637.450170506089,1987.137395464464
12107.952912954746,0.0569890930516551,4637.49309525613,1987.1534569125256
12108.055328571163,0.07371846317036126,4637.546197119552,1987.173326398362
12108.20331834996,0.09540626458120668,4637.62292890447,1987.2020376479024
12108.425216457652,0.12404087866055083,4637.7379817014025,1987.245087718071
12108.750992056073,0.16045085512120258,4637.906894336438,1987.3082908583065
12109.223225515454,0.2055146757138653,4638.151744470458,1987.3999079767289
12109.904644622062,0.2601561611064847,4638.505056077583,1987.5321087037992
12110.884407305355,0.32474404835976883,4639.0130570031915,1987.7221902461745
12112.285056384184,0.39813162458129686,4639.739284962371,1987.9939265725675
12114.267912177858,0.47604895531419206,4640.767383585637,1988.3786144542528
12117.025907365507,0.5483055168774251,4642.197387354133,1988.9136830959726
12120.713535050936,0.5944612547029422,4644.109400116464,1989.6291032782945
12125.815060565621,0.5756952031981183,4646.754510742943,1990.618821644592
12129.403073774354,0.5019219925568817,4648.614874486056,1991.3149079286577
12132.357951603399,0.391850476560916,4650.146961409141,1991.888161374615
12133.827889011922,0.3123833077085352,4650.90911543403,1992.1733319446032
12134.983526581214,0.2309574740294403,4651.508306837852,1992.3975273727704
12135.546990000386,0.18146930640653083,4651.800459373202,1992.5068399989095
12136.006348041936,0.13316020833304454,4652.0386338739045,1992.59595598741
12136.241772696429,0.10400547902867081,4652.160700203538,1992.6416286200347
12136.42549875654,0.07798318074095424,4652.255961109854,1992.6772716605572
12136.544944701434,0.05881710385448769,4652.317893146122,1992.7004442893624
12136.642757593892,0.04134643976952813,4652.368608569137,1992.7194200823265
12136.706316693078,0.02924962316419999,4652.401563597135,1992.7317506059105
12136.749847282445,0.021486134770245257,4652.424133957822,1992.7401955796015
12136.786810763704,0.017329430941792918,4652.44329931068,1992.7473665279977
12136.814424978806,0.0175583052249921,4652.4576171227145,1992.7527237101733
12136.842039193907,0.02064909374080584,4652.471934934761,1992.7580808921518
12136.87096640446,0.02550282152556324,4652.486933527426,1992.763692796189
12136.898811922152,0.03072582010482511,4652.501371268562,1992.7690948506647
12136.951052300905,0.04067753168490882,4652.528457605205,1992.7792295287086
12137.033333391062,0.05554154155628386,4652.571119878433,1992.7951921289598
12137.132737913465,0.07193427662729528,4652.622660553189,1992.8144766870385
12137.274851349059,0.0929987939361183,4652.696345554753,1992.8420468045201
12137.48841851045,0.1209242150751717,4652.807078904059,1992.8834789907733
12137.80245254099,0.15653920622900816,4652.969903750566,1992.944401802028
12138.258042044152,0.20071729191288434,4653.2061243017215,1993.0327864239541
12138.915640830284,0.25439422949256396,4653.547085516159,1993.1603608665882
12139.861549822055,0.31802935626633083,4654.0375339371585,1993.3438674148138
12141.214749479475,0.3906796179239342,4654.739160271025,1993.606388037497
12143.132741016763,0.4684782945036582,4655.733628034184,1993.9784774272573
12145.806607404724,0.5419789120811026,4657.120012726888,1994.4972045692505
12149.403115071962,0.5919416026384975,4658.984781911218,1995.194920192337
12154.311815214392,0.5827591243799378,4661.529915904407,1996.1471932611728
12157.960335632835,0.5164479147257709,4663.421653891081,1996.8549912248802
12161.175072663713,0.4043465431284182,4665.0884777215015,1997.4786341503457
12162.707736790479,0.32499066358131506,4665.8831558697475,1997.7759623973836
12163.966520900647,0.23930051180298617,4666.535828722026,1998.0201590042743
12164.551487387209,0.18934692582763,4666.839130735965,1998.1336388736104
12165.052019567716,0.13799699287012265,4667.098654015203,1998.230738941439
12165.295895364285,0.10841887231472795,4667.225102322858,1998.2780492755442
12165.494671648948,0.08078458084279468,4667.328166773356,1998.3166105834298
12165.617212241541,0.06142716600526072,4667.391703421708,1998.340382657246
12165.71796821392,0.0436829101748181,4667.443944860012,1998.359928654268
12165.787600586646,0.030481220432475038,4667.480048876748,1998.3734368758053
12165.832890906957,0.022243285308941832,4667.503531668174,1998.382222898881
12165.869785418958,0.017621635057714483,4667.522661277441,1998.3893801901943
12165.905110443107,0.01777111857109697,4667.540977115582,1998.3962330109164
12165.938740464515,0.02203845832021834,4667.558414103785,1998.4027570120343
12165.979156070922,0.029314391211617778,4667.57936938194,1998.4105973712544
12166.01624829813,0.036404926138751376,4667.59860150558,1998.417793016613
12166.098132429423,0.05151801502249134,4667.641057994674,1998.4336779921746
12166.18961110183,0.06700879843280075,4667.688489202726,1998.451424242706
12166.315853213711,0.0863303813833038,4667.753945070583,1998.4759143644192
12166.506728614744,0.11224487367352139,4667.852912957763,1998.512942902284
12166.788587441326,0.14558019311364823,4667.999055271517,1998.5676215926912
12167.198780821922,0.18722796541940573,4668.211738376281,1998.6471962749533
12167.791396490311,0.23812081433419574,4668.519006479871,1998.7621595444227
12168.64478697504,0.2989369854072,4668.9614849620975,1998.9277111344388
12169.867892275513,0.3692502765296225,4669.5956586531765,1999.1649844015603
12171.606982566516,0.44623477849018484,4670.497367898484,1999.502354229568
12174.045607424567,0.5223891317827785,4671.761782246555,1999.9754269478008
12177.371553854662,0.5817507637317834,4673.486268377506,2000.6206301267594
12181.668816323192,0.5959189467607412,4675.714377133942,2001.4542555242342
12186.83452176117,0.5218401364481557,4678.392769532495,2002.4563437905576
12189.676305313798,0.4294441287009735,4679.866220246563,2003.0076146513145
12191.711719392892,0.3297820856924288,4680.92157245362,2003.4024585358293
12192.815278906679,0.25733292118549367,4681.493762670057,2003.6165342989086
12193.613001160607,0.19155833105193273,4681.907377773035,2003.7712815361704
12194.045496913173,0.14822602053799824,4682.131624718135,2003.8551797453106
12194.364720604028,0.11055012997763654,4682.297140651753,2003.917104706498
12194.548516105198,0.08543434809770697,4682.3924377273415,2003.952758468498
12194.678565173966,0.06538886068840093,4682.459867538816,2003.9779861675238
12194.783946685839,0.04723264711648529,4682.514507341858,2003.9984287026116
12194.864355016965,0.03212008549911656,4682.556198671861,2004.014026789028
12194.911054701199,0.02344967534028791,4682.58041223186,2004.0230858708298
12194.946934869096,0.018321053164479944,4682.599015925084,2004.0300461182844
12194.982636107266,0.017279604477268166,4682.617526844132,2004.0369716555638
12195.016699729036,0.020884531363808013,4682.635188667026,2004.043579518027
12195.045162255592,0.025705995876135434,4682.649946349197,2004.0491008467434
12195.072851151175,0.030908914720556253,4682.664302907467,2004.0544721017636
12195.126458133089,0.04111382653035537,4682.692097868016,2004.0648710992393
12195.208855261733,0.05596368598050041,4682.734820380328,2004.0808549771841
12195.309137823418,0.07245517439303599,4682.786816403225,2004.100308373912
12195.452958541302,0.09370170101995189,4682.861386749669,2004.1282075518454
12195.66895376532,0.12183513595149918,4682.97337922897,2004.1701075496057
12195.986410740166,0.15768331525748683,4683.137979136797,2004.231689660573
12196.446847685933,0.20212075012887934,4683.376713471549,2004.3210077943174
12197.111383013787,0.25608013934368956,4683.721271838347,2004.4499179779896
12198.06715099884,0.31999454981998504,4684.216832947033,2004.6353228611877
12199.434172213598,0.3928616505048615,4684.9256269039015,2004.9005043952368
12201.37106797426,0.47069724246476297,4685.929898134108,2005.2762321929795
12204.0694902644,0.5438377990016604,4687.329017339657,2005.7996827515415
12207.69284192178,0.592690329002981,4689.207708225947,2006.502551816761
12212.659429753337,0.5807268002710816,4691.782861110798,2007.465980581889
12216.16846835053,0.5154054620754632,4693.602281666304,2008.146667201132
12219.677506947723,0.38886102687596663,4695.421702409184,2008.8273506813425
12220.982232805578,0.3186591278120617,4696.09819695075,2009.080440667471
12222.286958663433,0.22716923648531995,4696.774691518197,2009.3335302200142
12222.770424932793,0.18465744789408703,4697.02536664,2009.4273124635572
12223.253891202152,0.1342387997497437,4697.276041765356,2009.5210946475847
12223.477103112373,0.10684107742213969,4697.391776156153,2009.5643929954938
12223.675829627093,0.07897230618865048,4697.494814978032,2009.6029416884473
12223.79588308207,0.05981986182113447,4697.557062165522,2009.626229485812
12223.89483487695,0.04224046282007419,4697.608368235385,2009.6454240105954
12223.96052539184,0.029753572209777746,4697.642428478136,2009.6581665594433
12224.004887980831,0.021774832274697987,4697.665430285248,2009.6667719481723
12224.041943368486,0.017424547541110898,4697.6846433406545,2009.6739598965196
12224.071327917227,0.01756110507683075,4697.699879099862,2009.6796598668268
12224.100712465968,0.020919439242935458,4697.715114859083,2009.6853598369146
12224.131023976346,0.02608696972754965,4697.730831243846,2009.6912396173805
12224.158992440623,0.031360113452590134,4697.745332769528,2009.696664897137
12224.215608005557,0.042118047453810765,4697.774687690906,2009.7076470968827
12224.298379162943,0.056952850181326876,4697.817604172004,2009.7237029165417
12224.400720080392,0.07367380645783256,4697.870667487776,2009.7435548452404
12224.548563298617,0.09534595675958052,4697.947323546738,2009.7722332333005
12224.770254671534,0.12396276581169864,4698.062269550009,2009.815236556395
12225.095738019547,0.160352473802666,4698.231031237905,2009.878373251196
12225.567555233638,0.20539318886284977,4698.475666396183,2009.9698954874314
12226.24837644015,0.260008757467629,4698.828669214758,2010.1019598342275
12227.227285741084,0.32456962513588655,4699.3362294191875,2010.2918465114376
12228.626731603417,0.397933208344828,4700.0618360224,2010.5633075242877
12230.607927121451,0.475838030557708,4701.08907734695,2010.9476140306167
12233.363730262387,0.5481094967118597,4702.517949479484,2011.4821749966206
12237.048852045396,0.594333628457986,4704.428669529909,2012.196998897352
12242.145773057222,0.575759141579709,4707.071401845151,2013.185671792077
12245.73001878328,0.5022571787537949,4708.929818560581,2013.8809202515336
12248.692737035137,0.39206530296282976,4710.465975975169,2014.45560643265
12250.162419836597,0.3126902079122553,4711.228000604722,2014.7406838108575
12251.321292473227,0.23110262100232493,4711.8288714351875,2014.965472320072
12251.884544866734,0.18166421547527947,4712.120915557412,2015.074727228259
12252.345194733918,0.13324754162687066,4712.359760682032,2015.1640801114283
12252.580584278498,0.10411050168646288,4712.481809226239,2015.2097389217745
12252.764738816866,0.0780388268415524,4712.577292623748,2015.2454596028035
12252.884239872803,0.05887018414217089,4712.639253447403,2015.2686393641804
12252.982111118414,0.04139421156211725,4712.689999300332,2015.2876235629337
12253.045779163365,0.029277446190676848,4712.723010929363,2015.2999733259785
12253.089358007104,0.021501651865339973,4712.745606387201,2015.3084263632388
12253.126329999304,0.017334122582740818,4712.764776218713,2015.3155978617092
12253.154017833998,0.017557216556349717,4712.779132251345,2015.3209685015904
12253.181705668692,0.020657493696102647,4712.793488283989,2015.3263391412772
12253.210656245752,0.02551738223206516,4712.808499043562,2015.3319547162794
12253.23849607603,0.030739986807611,4712.822933885338,2015.3373548383167
12253.290836637747,0.04071020976926088,4712.8500722593935,2015.3475073932416
12253.373125186436,0.05557283698700076,4712.892738546227,2015.363468989935
12253.472595462968,0.07197285529093643,4712.944313491086,2015.3827633422359
12253.61483651665,0.09305079660188964,4713.018064914946,2015.410353982015
12253.828585613486,0.12099149691102161,4713.128892976988,2015.4518150989816
12254.142875289144,0.15662332356796957,4713.291850933097,2015.5127781472816
12254.598825259895,0.20081965654532616,4713.528259195629,2015.6012191247455
12255.25693782006,0.2545157305427508,4713.869487969403,2015.7288736472547
12256.2035734992,0.3181683826305373,4714.360314856924,2015.912492995136
12257.5577848981,0.39082921659989733,4715.062468180376,2016.1751695943371
12259.47714486205,0.46862120847452365,4716.057648875812,2016.5474673555616
12262.152749922858,0.5420791727443844,4717.444939812846,2017.0664522307525
12265.751022010592,0.5919333209202685,4719.310630225883,2017.7644032052312
12270.664186811637,0.5824972726609065,4721.858087831997,2018.7173964977915
12274.292734890081,0.5164468128102728,4723.739476696451,2019.4212122481301
12277.513736398849,0.40410132150925043,4725.409554325589,2020.045974950309
12279.040408670553,0.3250345208826293,4726.201128429561,2020.3420955667732
12280.302010750353,0.2391437973339637,4726.855264614964,2020.586801464796
12280.884589653004,0.18938588008243923,4727.157329709295,2020.6998009003146
12281.38628527156,0.1379137984104612,4727.417457111833,2020.7971118079722
12281.629356055408,0.10842912275612923,4727.5434884543,2020.8442587757606
12281.828427448756,0.08075270775757974,4727.646706268938,2020.8828714371753
12281.950913648634,0.061400879756241936,4727.710214931437,2020.9066293317542
12282.051640485783,0.043659370470735946,4727.762441441298,2020.9261666937914
12282.12120493758,0.03047002932631187,4727.798510364333,2020.9396596790568
12282.16648332761,0.022235675237872468,4727.821987049992,2020.9484420468928
12282.203383887836,0.017617974440090365,4727.841119860445,2020.9555994187817
12282.23871703724,0.01777587364530252,4727.8594399739295,2020.9624527694323
12282.272275457362,0.02203662772546611,4727.876839896551,2020.9689618866205
12282.312628104703,0.02930024561382091,4727.897762602075,2020.976788837259
12282.34968568768,0.03638405323648444,4727.916976828354,2020.983976664509
12282.431559343357,0.05149662510965146,4727.959428030583,2020.9998571834374
12282.523002413116,0.06698337136605768,4728.006840940443,2021.0175938195368
12282.649163727403,0.08629560224578728,4728.072255138114,2021.0420645313277
12282.839925217377,0.11219939358921797,4728.171164300095,2021.079065322802
12283.121620286583,0.1455221313172615,4728.317222204253,2021.1337039048412
12283.531582222833,0.18715555221910884,4728.5297860306655,2021.2132215509896
12284.123864696028,0.23803182931914996,4728.8368824206245,2021.3281026492975
12284.976777015612,0.2988297077171819,4729.27911448323,2021.4935362331282
12286.19920218228,0.3691246074187746,4729.912937687132,2021.7306413838598
12287.937340011515,0.44609424910072104,4730.814156154237,2022.0677750196335
12290.374668817187,0.5222444633294288,4732.077902806277,2022.5405242367642
12293.69897193699,0.5816256188607596,4733.80154275073,2023.1853103763144
12297.993169597516,0.5958597717494309,4736.028069984608,2024.0182144092298
12303.16096498622,0.5218334594348265,4738.7075551060525,2025.0205556181277
12306.002575139926,0.42947626030065233,4740.180920909561,2025.5717090590113
12308.038741674798,0.32979979353590205,4741.236666839109,2025.9666389033266
12309.142266479868,0.25736381209462716,4741.808840997622,2026.1806754216373
12309.94030809401,0.1915707795517882,4742.222623088799,2026.335461102999
12310.372776235794,0.14824515376562192,4742.446856477218,2026.4193412185637
12310.692118649145,0.11055832348559677,4742.6124345285625,2026.4812798053624
12310.875914738863,0.0854439972357531,4742.707732231992,2026.51692826884
12311.006001020052,0.06539385694271507,4742.775181566307,2026.5421593557014
12311.111386918888,0.04723759838336315,4742.829823828978,2026.5625996384051
12311.191811095703,0.03212238937282113,4742.871523516079,2026.5781984303812
12311.238512380092,0.02345153158693632,4742.895737987733,2026.5872564473768
12311.27439215518,0.0183222019200436,4742.914341540273,2026.5942155620878
12311.310096109317,0.01727922657781628,4742.932853930213,2026.601140574867
12311.344156253668,0.02088270239375756,4742.950514009875,2026.6077467598116
12311.372612806334,0.0257026472182598,4742.965268644565,2026.61326609174
12311.400301805994,0.030905391649212213,4742.979625305405,2026.6186365516178
12311.453885326444,0.041105895650546204,4743.00740819536,2026.62902942009
12311.53628014313,0.05595585201437581,4743.050129653565,2026.6450104233963
12311.636547067437,0.07244544134449522,4743.10211774456,2026.6644578343435
12311.78033741454,0.09368850993780638,4743.176672596294,2026.6923468869818
12311.996289674526,0.12181789245128447,4743.288643177995,2026.7342321920062
12312.313685127203,0.157661205834537,4743.453211743938,2026.7957930238977
12312.774033357313,0.20209271821174155,4743.691900887939,2026.8850803956764
12313.438439521715,0.25604484845763187,4744.036393449956,2027.013945965881
12314.394020001386,0.31995053926568134,4744.531859014471,2027.1992863514838
12315.760770515748,0.3928075156464237,4745.240515011663,2027.4643751570236
12317.697278765174,0.47063200456123916,4746.244588714345,2027.83997081991
12320.395153552225,0.5437616346302703,4747.643428769693,2028.3632358474224
12324.01774748816,0.5926059814520803,4749.521733124324,2029.065851479196
12328.983380441305,0.5806414438690488,4752.096399595657,2030.028949223148
12332.491626609299,0.5153281470307635,4753.915415411341,2030.7093792076867
12335.999872777293,0.3888016626598786,4755.734431409419,2031.389806123632
12337.304280544835,0.31861157632310144,4756.410763299102,2031.6427961841403
12338.608688312377,0.22713794935660098,4757.087095213977,2031.8957858208037
12339.0920647235,0.18463151422815344,4757.337724587872,2031.9895364755384
12339.575441134622,0.13421918077891162,4757.588353965226,2032.0832870720876
12339.798607958623,0.10682536427073935,4757.704065368228,2032.1265701386774
12339.997290045068,0.07896133594478873,4757.807081500736,2032.1651043952263
12340.117330389587,0.059810056261972534,4757.869322099848,2032.1883861342512
12340.216271474561,0.042231798106502724,4757.92062278921,2032.2075756842703
12340.281940817129,0.029748855775469117,4757.954672168721,2032.2203122031906
12340.32629583553,0.021772129310989877,4757.977670127861,2032.2289148245825
12340.363351386884,0.017423583558172164,4757.996883332763,2032.236101719631
12340.392714399748,0.017560823948746217,4758.012107976914,2032.2417966526452
12340.422077412612,0.020915490702044886,4758.027332621079,2032.2474915854445
12340.45236149089,0.026077081775586403,4758.043034835227,2032.2533651579174
12340.48032141845,0.03134814580792221,4758.057531983413,2032.2587879630373
12340.53685643264,0.042091257536848864,4758.086845238166,2032.269752882281
12340.619615736112,0.056926030983422984,4758.1297557173675,2032.2858039793066
12340.721901540752,0.07364073769327857,4758.182790635741,2032.3056422223892
12340.869636698113,0.09530128312979572,4758.25939092321,2032.3342953234098
12341.091175635924,0.12390485420829829,4758.374258275805,2032.3772625911488
12341.416443232285,0.16027940713798208,4758.54290866449,2032.440347912102
12341.8879527636,0.2053027165920542,4758.787385112554,2032.5317966615014
12342.568331422652,0.2598985541559847,4759.140159658114,2032.663755248489
12343.546608010905,0.3244384634048822,4759.647393508595,2032.8534905630663
12344.94515964558,0.3977826341470199,4760.372538895196,2033.1247371951715
12346.925116508313,0.47567537504562046,4761.399141430426,2033.508745517766
12349.679272043613,0.5479531063381523,4762.8271640802295,2034.0429063664267
12353.362464862656,0.5942201232063684,4764.736890376985,2034.7572484809345
12358.455985170649,0.5757730899689598,4767.377868291316,2035.7451130331076
12362.037432616913,0.5024552085300754,4769.234840326524,2036.4397142384917
12365.005161413112,0.39218863287994077,4770.7736008354195,2037.015285819713
12366.474558204192,0.3128791856807218,4771.535479717095,2037.3002649047407
12367.63550389328,0.23118793114674932,4772.137427429012,2037.525421708167
12368.198573708629,0.18178525932548292,4772.4293778608635,2037.6346248012599
12368.6600520091,0.13329938469963623,4772.668653324397,2037.7241249368863
12368.895402249324,0.10417553906854492,4772.790681897185,2037.7697692695176
12369.079829517104,0.07807235101243036,4772.886307023308,2037.8055374815788
12369.19936304471,0.05890238197254861,4772.948284890464,2037.8287200607367
12369.297269862696,0.04142322628995035,4772.999049357129,2037.8477083085402
12369.361004704544,0.02929426861037004,4773.032095730489,2037.8600691723773
12369.404612409977,0.021511108864719877,4773.05470622854,2037.8685265381844
12369.441589568489,0.017337010052946734,4773.073878802817,2037.8756979620614
12369.469323030959,0.017556613981707082,4773.088258541309,2037.8810766448678
12369.497056493428,0.020662836524309454,4773.102638279814,2037.886455327484
12369.526022969327,0.025526815363164968,4773.117657333046,2037.8920731429625
12369.553859601416,0.030749242473141165,4773.132090564791,2037.8974718341078
12369.606265692268,0.04073154534639836,4773.159263006219,2037.9076355738607
12369.688559207056,0.0555932418034988,4773.201932010496,2037.923595737692
12369.788072592062,0.07199798428242485,4773.253529479293,2037.9428955543044
12369.930397337555,0.09308464890795178,4773.327324543539,2037.9704982839596
12370.144265788604,0.12103523893840692,4773.438214860681,2038.0119763254168
12370.45872284892,0.15667785012283605,4773.601260149672,2038.07296268653
12370.914908321138,0.20088569278620402,4773.837791308771,2038.161436064207
12371.573355789164,0.25459354229234327,4774.179194871056,2038.2891363826786
12372.520463813464,0.31825639336556977,4774.670268307317,2038.47281978691
12373.875330120802,0.39092200543397826,4775.372763543172,2038.7355839951965
12375.79556982788,0.46870602919281906,4776.368403704249,2039.1079965423003
12378.472276993578,0.5421300852137149,4777.75627070708,2039.6271173627745
12382.071609676941,0.5919035010720938,4779.622517254641,2040.325169465041
12386.987724740833,0.5822838807067571,4782.171513048132,2041.2785922662797
12390.602267200578,0.516408080563398,4784.045646284448,2041.9795865369115
12393.82707187939,0.40390209754209366,4785.717701400557,2042.604993431302
12395.349464430856,0.32503735710790643,4786.507059106927,2042.9002398168577
12396.612808867249,0.2390173110046393,4787.162100873162,2043.1452470708425
12397.19369228911,0.18939622302118617,4787.463287866634,2043.2579008185319
12397.696108925647,0.1378460316066,4787.7237899791835,2043.3553370268019
12397.938606204114,0.10842694002892922,4787.849524378478,2043.4023657325322
12398.137850819043,0.0807247413323328,4787.952832350778,2043.4410062228296
12398.260292479443,0.061377314417567747,4788.016318130421,2043.4647519327254
12398.360992980883,0.043638327207952576,4788.068531158597,2043.4842812705913
12398.43049701773,0.03045998071766068,4788.104568876295,2043.49776052494
12398.475764496568,0.022228882320541758,4788.128039982434,2043.50653946562
12398.512670405411,0.0176147219975093,4788.147175629631,2043.513696806296
12398.54801095265,0.017780139533017165,4788.165499639679,2043.5205505685415
12398.581504981592,0.022034929679029477,4788.182866233335,2043.5270462263313
12398.621798840188,0.02928704747774048,4788.203758526434,2043.5348606073562
12398.658824158509,0.03636458424151802,4788.222956087311,2043.5420411043556
12398.740687411628,0.051476552138053785,4788.26540203671,2043.5579172352209
12398.832097279772,0.06695953294455702,4788.3127978889315,2043.5756447846907
12398.958182878809,0.086262983539571,4788.378173045454,2043.6000971598128
12399.148837703688,0.11215673171514624,4788.477027229984,2043.6370717421207
12399.430379363432,0.14546764236502566,4788.623006076246,2043.69167241723
12399.840124412482,0.18708754713318165,4788.835458152287,2043.7711361332026
12400.432094533111,0.2379481768151634,4789.142393606778,2043.8859395108966
12401.284558397878,0.2987287115026744,4789.584394613198,2044.051261438342
12402.506345295618,0.36900603503798435,4790.217888977612,2044.2882074338095
12404.243588447413,0.44596117539284935,4791.118646543541,2044.6251172796474
12406.67969780489,0.522106545402439,4792.381765101057,2045.097559525462
12410.002448534937,0.581504406279555,4794.10460584131,2045.7419485315668
12414.293799077115,0.5957977310228822,4796.32966421489,2046.5741764052316
12419.463364330823,0.5218198713803631,4799.010075863633,2047.5767117368184
12422.304759355422,0.4294989110338384,4800.48333498775,2048.127741529841
12424.34155911884,0.3298109717068466,4801.5394127293175,2048.522735496557
12425.445028971637,0.2573879484057996,4802.1115602826485,2048.7367295657714
12426.243341242616,0.1915793019464735,4802.525484073713,2048.8915447478275
12426.675775825559,0.1482603107025633,4802.749700801363,2048.975405899762
12426.995218535283,0.11056420306098519,4802.9153314022105,2049.0373547400054
12427.17901172732,0.08545152980810239,4803.0106279174115,2049.0729973486063
12427.30912882338,0.06539752890983166,4803.07809345158,2049.0982306652304
12427.414517752835,0.04724132311979686,4803.132737465777,2049.118668500923
12427.494954119808,0.0321241011798785,4803.1744436109375,2049.134267341024
12427.541656427464,0.023452954230212274,4803.198658692986,2049.1433242116714
12427.577535964929,0.018323084624722725,4803.2172621836535,2049.1502822471316
12427.613242017564,0.017278945769346712,4803.235775722694,2049.157206638769
12427.647299564807,0.020881314617839222,4803.253434513979,2049.1638113393033
12427.675751777375,0.025700131791504693,4803.268186946978,2049.1693290101675
12427.7034410571,0.030902774355496092,4803.28254380036,2049.1746987270644
12427.757007240134,0.04110000148469681,4803.310317792481,2049.185086690429
12427.839400359002,0.05595000068863228,4803.353038511209,2049.2010649920057
12427.939655771439,0.07243815377349354,4803.405020804698,2049.2205072834477
12428.083423777489,0.09367861836201762,4803.479564318397,2049.24838786341
12428.299344469457,0.12180492164012018,4803.59151890122,2049.2902608288646
12428.616694469998,0.15764446074752608,4803.756064442738,2049.3518037084054
12429.076976760869,0.202071266505711,4803.994720184023,2049.4410650401474
12429.741286362634,0.25601746234414974,4804.3391638137045,2049.5698927591966
12430.69672567738,0.31991574291571606,4804.83455781688,2049.755178266825
12432.063270457009,0.3927636105374052,4805.543109475187,2050.020187847564
12433.999480038692,0.4705771658878931,4806.547031625198,2050.3956698867228
12436.696922662764,0.5436941731851745,4807.945652208203,2050.9187735358787
12440.318884497585,0.5925251214346524,4809.823634996295,2051.621162491342
12445.283831238427,0.5805464780036459,4812.397954126337,2052.583984590342
12448.791025245951,0.51523589053831,4814.21643036856,2053.264109890451
12452.298219253476,0.388727629476541,4816.034906788363,2053.944232190512
12453.602202563034,0.3185518679291201,4816.711020813962,2054.1971025603643
12454.90618587259,0.22709898280169938,4817.387134864086,2054.4499725158557
12455.389448870816,0.1845989116894976,4817.637706254634,2054.5436873316457
12455.87271186904,0.13419416347028457,4817.888277648549,2054.6374020905414
12456.095819976901,0.1068053260265268,4818.003958986319,2054.680667379497
12456.294444355663,0.07894737848389415,4818.106945534876,2054.719184755432
12456.41446810126,0.059797502530936464,4818.169177731325,2054.742459837946
12456.51339542033,0.04222066810154888,4818.220471451103,2054.7616438851214
12456.57903737577,0.029742807825479296,4818.254506741933,2054.774373212587
12456.62338281126,0.021768629264377583,4818.277499807667,2054.782972705505
12456.660438435212,0.017422334899204788,4818.296713113136,2054.7901585535174
12456.689774048333,0.01756047789735845,4818.3119236004095,2054.7958473323306
12456.719109661453,0.020910513251395122,4818.327134087695,2054.8015361109337
12456.749359316473,0.026064657240115092,4818.342818504843,2054.807402140837
12456.777308686347,0.03133314815416008,4818.357310226359,2054.8128220979693
12456.833742569599,0.04205766530364887,4818.386571140818,2054.8237657869754
12456.91648712675,0.05689245298915627,4818.429474114598,2054.8398116546186
12457.01870376358,0.07359935086408984,4818.482473343212,2054.859633555799
12457.166303298152,0.09524538588813834,4818.559003561246,2054.8882561266473
12457.387650852386,0.12383242979589608,4818.673772057792,2054.931179938053
12457.712647835186,0.16018814540357854,4818.8422826858405,2054.9942034688975
12458.183771867052,0.2051899462870793,4819.086560053259,2055.085563963562
12458.863596628884,0.259761595954573,4819.439048558513,2055.2173956627535
12459.841082323506,0.32427616929096953,4819.9458739916,2055.406949608478
12461.238518191465,0.3975975954718975,4820.670443226984,2055.6779398534927
12463.21693397001,0.47547787483293064,4821.696250069353,2056.0615926946607
12465.969050947668,0.547767950946091,4823.123220397132,2056.595279484276
12469.649898349557,0.5940959822316533,4825.031736835488,2057.3090615393917
12474.739148282502,0.5758220304158483,4827.670509182073,2058.2959525797964
12478.316991235175,0.502753218744173,4829.525618343735,2058.9897526578397
12481.29183388631,0.3923786386193296,4831.068072394898,2059.566619119656
12482.760953019637,0.3131549525465589,4831.829809792064,2059.8515024904655
12483.924834866293,0.2313171653371201,4832.433281859528,2060.0771955813825
12484.487697597651,0.1819608106100338,4832.725125868668,2060.186342478821
12484.950349199884,0.13337727714542494,4832.965010467207,2060.2760569896845
12485.18566158993,0.10427012159383853,4833.087019811796,2060.3216872796625
12485.370477672528,0.07812213157466519,4833.182846849352,2060.3575256357585
12485.490060255925,0.05894993891397781,4833.244850353577,2060.380714323299
12485.58801952142,0.04146602592890121,4833.295642179425,2060.399709953148
12485.651853031606,0.029319025310312514,4833.328739819791,2060.412088135067
12485.69550319495,0.02152501321902064,4833.351372405814,2060.420552492186
12485.7324875477,0.01734127979084852,4833.37054877268,2060.4277242581034
12485.760290070057,0.017555828560705804,4833.384964365473,2060.433115542777
12485.788092592413,0.020671239415151792,4833.399379958279,2060.438506827264
12485.817085232664,0.025541882724449096,4833.414412626579,2060.444128891481
12485.84491676725,0.03076404767761455,4833.4288432622325,2060.4495258014476
12485.897427273174,0.040765636345172,4833.456069931227,2060.459708296333
12485.97972891039,0.05562595151236895,4833.498743285804,2060.4756676917855
12486.07931099239,0.0720383024877796,4833.550376541826,2060.494977995928
12486.221769132624,0.09313899824918412,4833.624241011257,2060.522602539866
12486.435827655445,0.12110555024838753,4833.7352302412655,2060.564111348999
12486.75055182092,0.15676575971286993,4833.898414554537,2060.625140551799
12487.207114027573,0.2009926980522898,4834.135141819631,2060.713673995168
12487.866098544338,0.25472060031957783,4834.476824951793,2060.8414597095993
12488.813966297806,0.3184018650404764,4834.968293904133,2061.0252634765716
12490.169890563006,0.3910786990800381,4835.671339974451,2061.288194279299
12492.091561630472,0.468856036027025,4836.6677255309205,2061.6608297545527
12494.770088351808,0.5422360283845141,4838.056540480687,2062.180227288645
12498.37126945571,0.5918968930395265,4839.923751491434,2062.8785355218624
12503.292023408278,0.5820136562006513,4842.475160813605,2063.8327182347466
12506.887914662911,0.5163573058316812,4844.339629476686,2064.5299933096544
12510.117594408717,0.40363349847243246,4846.01421772652,2065.15625407922
12511.634248846065,0.3250358347272015,4846.800602775601,2065.450344653741
12512.89984200723,0.2388452003920291,4847.456812623849,2065.6957521553063
12513.478458685799,0.1894057938444425,4847.756825285187,2065.8079499097416
12513.981805500092,0.13775349260204564,4848.017810537026,2065.905552254074
12514.223536379106,0.1084215768868427,4848.1431479648,2065.9524254812345
12514.423000712599,0.08068614665636745,4848.246570195116,2065.9911029331583
12514.545381514397,0.061344600812763335,4848.31002462481,2066.014833374328
12514.646045366626,0.043609065767667765,4848.362218819156,2066.034352753652
12514.71546526685,0.030445997022746626,4848.398213028519,2066.0478137249133
12514.760717635296,0.022219399675796503,4848.42167637579,2066.056588453569
12514.797630724326,0.01761020049808109,4848.4408158077695,2066.063746141325
12514.832981548589,0.017786082469787252,4848.459145205684,2066.0706008954858
12514.866385507565,0.02203249499767232,4848.476465154208,2066.077078139561
12514.90659376025,0.02926790012581038,4848.497313128187,2066.0848747799155
12514.94357198869,0.03633630521815446,4848.516486335018,2066.0920450973263
12515.025419434081,0.05144732406596289,4848.558924225309,2066.1079158446323
12515.116780924667,0.06692488403876072,4848.606295146967,2066.1256314247294
12515.242755863337,0.08621558615992579,4848.671613137404,2066.1500587715313
12515.433254681686,0.11209478754117644,4848.770386752065,2066.186997704272
12515.714572223027,0.14538867427717708,4848.916249864743,2066.24154694916
12516.124001095617,0.1869893239131371,4849.128538689882,2066.3209377548196
12516.71551674836,0.2378279473962704,4849.4352394945945,2066.435636248707
12517.567329573634,0.2985845879586685,4849.876904365061,2066.6008078043783
12518.788192660857,0.36883865583171344,4850.509921779923,2066.837540088639
12520.52414677568,0.44577666000144545,4851.410013888633,2067.1741508298887
12522.95851318825,0.5219216985240328,4852.672232805684,2067.646186211038
12526.279087563942,0.5813550234355639,4854.39395066258,2068.2900592897286
12530.56610093437,0.5957528626264657,4856.616767382155,2069.121324959375
12535.739560281108,0.5218524204310354,4859.29920674667,2070.1244694751736
12538.58103656019,0.4295847836679707,4860.772512739393,2070.675434896362
12540.619262327122,0.32986628890282516,4861.829333258728,2071.0706479541773
12541.722821604446,0.25745728280195324,4862.401529017162,2071.284628268019
12542.521727880941,0.1916144471972814,4862.815762130011,2071.439536135912
12542.954172285377,0.14830211667747523,4863.039984670329,2071.5233870101188
12543.273837845174,0.1105857456950067,4863.205731350989,2071.5853700625275
12543.457652507788,0.08547328373010149,4863.301039304755,2071.621011657227
12543.587843238578,0.06541013548948707,4863.368543235224,2071.646255586596
12543.693244378133,0.047253321181885015,4863.4231937558525,2071.666692821404
12543.773717554704,0.0321298175113308,4863.464919120738,2071.6822965333126
12543.820424906373,0.023457290730622055,4863.489136895874,2071.691353066598
12543.85630317994,0.01832575684928934,4863.507739790953,2071.698309846432
12543.892015538813,0.017278018609792015,4863.526256659232,2071.705234455181
12543.926064654417,0.02087698755477484,4863.543911135419,2071.7118365615975
12543.954502097866,0.025692147052771536,4863.558655958,2071.717350567388
12543.982190729637,0.0308942529484087,4863.573012521521,2071.7227193787894
12544.035699490762,0.041080796999974786,4863.600756829556,2071.7330946994184
12544.118087066347,0.055931219004671066,4863.643474811275,2071.7490696056357
12544.218304052773,0.07241491222810753,4863.695437347789,2071.7685016227515
12544.361997363076,0.09364719893850516,4863.769942371086,2071.796363670335
12544.577812096297,0.12176405913563479,4863.881842373746,2071.838210009722
12544.89501178474,0.1575926874618759,4864.0463105067065,2071.8997148071344
12545.355079571968,0.20200683822091933,4864.284855793981,2071.988921585999
12546.019079986532,0.2559384333167527,4864.629140215681,2072.1176706500846
12546.9740758939,0.3198207178440971,4865.124305901931,2072.302843284985
12548.339991161178,0.3926527751185389,4865.832533431336,2072.5676923431515
12550.275322363603,0.4704541569049761,4866.836003361372,2072.942949589291
12552.97157968965,0.5435693740089796,4868.234013850482,2073.46574755075
12556.592087050945,0.5924205568518708,4870.11124850942,2074.1677526878966
12561.554597470678,0.5805125118624119,4872.684312644428,2075.129962961752
12565.062449534407,0.5152381961590825,4874.503135903374,2075.810117440441
12568.570301598136,0.3887438684753361,4876.321959335436,2076.4902689825067
12569.874505777887,0.3185676573166846,4876.998190041295,2076.7431456267473
12571.178709957638,0.22710905937092365,4877.674420771063,2076.9960218653982
12571.662013681764,0.18460857470921266,4877.925014077737,2077.089731037224
12572.14531740589,0.13420282378250747,4878.175607387694,2077.1834401533683
12572.368451350896,0.10681234296486287,4878.29130249118,2077.2267042017197
12572.567101401804,0.07895206957575929,4878.394302679378,2077.2652209911716
12572.687130305825,0.05980211231736692,4878.456537749039,2077.2884937117055
12572.7860629836,0.04222493138372716,4878.50783441097,2077.3076760267527
12572.851716462956,0.02974505759262373,4878.541875785551,2077.3204057498924
12572.896064872339,0.021770096472476592,4878.564870466611,2077.3290045772583
12572.93312101111,0.01742287445357312,4878.5840841003155,2077.3361894871264
12572.962466466437,0.017560576167388167,4878.59929973931,2077.341879352556
12572.991811921764,0.02091215049508364,4878.6145153783145,2077.347569217781
12573.022073272965,0.026068756142281622,4878.630205909983,2077.353436668179
12573.050027119489,0.031338236023608634,4878.644699998878,2077.358856710429
12573.106495845848,0.042069054901678664,4878.673979072868,2077.369805574533
12573.189245569989,0.056903694783212264,4878.716884862611,2077.3858501263617
12573.291486220152,0.07361310294315583,4878.769896711238,2077.405673820532
12573.439133044842,0.0952638835869389,4878.846451693379,2077.4343014265155
12573.66054745926,0.12385616844639921,4878.961255223099,2077.4772320021707
12573.985637629414,0.160217418285989,4879.129814706388,2077.540264499376
12574.456892310867,0.20522487111770996,4879.374160594862,2077.631637132523
12575.13690176941,0.25980182176513644,4879.726745989655,2077.7634856070113
12576.11464575708,0.32431998752921554,4880.233706963955,2077.9530622670395
12577.512435135379,0.3976406075929951,4880.958461804498,2078.2240819393683
12579.491315149051,0.47551069381304606,4881.984512621992,2078.6077694314304
12582.243984523197,0.547772391423276,4883.4117739126405,2079.1414863492337
12585.925239932145,0.594040613568309,4885.320507977245,2079.85524462138
12591.015971364292,0.5756359304125965,4887.960056872859,2080.8422807624493
12594.595273895353,0.5023910804790708,4889.815928720328,2081.536263983384
12597.563449246016,0.39212838632487984,4891.354930665541,2082.111754771598
12599.03219829129,0.312859909916055,4892.116478588349,2082.396525430814
12600.193359823446,0.23115722631118452,4892.718542083829,2082.621658651608
12600.756167707537,0.18177824331846337,4893.010358580036,2082.7307792300544
12601.217734121694,0.1332836745009182,4893.249681267958,2082.8202704471855
12601.45299504004,0.10417068752996045,4893.3716643112275,2082.8658842013733
12601.637440134877,0.07806493665953536,4893.467299295014,2082.9016454791813
12601.75696250359,0.05889646131900158,4893.529271774417,2082.9248191604406
12601.854863506795,0.041418119614833916,4893.5800335522135,2082.943800765023
12601.918588107865,0.029291215870157875,4893.613074828,2082.9561560527172
12601.96218973077,0.02150963495379323,4893.635682317496,2082.9646097825257
12601.999166870282,0.01733659075125059,4893.6548550050775,2082.9717791195894
12602.026891258334,0.017556672036378448,4893.669230130843,2082.977154480626
12602.054615646386,0.020661496033277035,4893.68360525662,2082.98252984148
12602.08357880322,0.025524478529506393,4893.698622685387,2082.9881453816233
12602.111417654392,0.03074713797312285,4893.71305716044,2082.9935429348584
12602.163809862937,0.04072672171586656,4893.740222578415,2083.0037010307915
12602.246102228812,0.055588343349072616,4893.782891261054,2083.019656336008
12602.345606776951,0.07199180539260897,4893.834484479343,2083.038948833467
12602.487914409176,0.09307619278972884,4893.908271144322,2083.0665402278173
12602.701758868301,0.12102396946194606,4894.01914973384,2083.1080015705766
12603.01618024482,0.15666279127965058,4894.182177567871,2083.168963300924
12603.472312139951,0.20086541821048318,4894.418682466138,2083.2574005974184
12604.130678603162,0.25456598783592854,4894.760046219477,2083.385048128925
12605.077663767815,0.3182185872745174,4895.251059105472,2083.568654382931
12606.432342389942,0.3908695965888851,4895.953461535062,2083.8313059288585
12608.352291339717,0.46863255629102635,4896.948957325987,2084.2035540348174
12611.028533836063,0.5420259148701068,4898.3365922969415,2084.722434187929
12614.627045986226,0.5917551679936153,4900.202425355997,2085.42012484529
12619.542747464726,0.5820636721840842,4902.751223023499,2086.3731912926423
12623.150612053027,0.5162683292518218,4904.621905760902,2087.0726879652643
12626.375713311087,0.40372622269615427,4906.294125339648,2087.697971469651
12627.895878795607,0.3249596855978282,4907.082333350571,2087.99270071389
12629.159445985559,0.23891045886600257,4907.737494797601,2088.2376803401485
12629.73946316753,0.18935486869211104,4908.038234567231,2088.3501335870005
12630.241978959864,0.137787634233843,4908.29878975509,2088.44756086501
12630.48417668879,0.10840054754384329,4908.424369640042,2088.494517906247
12630.683417072083,0.08069589673248474,4908.527676077598,2088.5331464120736
12630.80581994213,0.061352054180844606,4908.591142149569,2088.556877740913
12630.906491848476,0.04361600317194105,4908.643340684377,2088.5763958926477
12630.975932885876,0.03044920969831496,4908.679345966761,2088.5898590385596
12631.021187992108,0.022221763949208367,4908.7028108074755,2088.598633044231
12631.058099771539,0.01761133595340177,4908.7219496207035,2088.60578945536
12631.093448626887,0.017784699885485998,4908.7402780554585,2088.6126428483585
12631.12687394762,0.02203304779041932,4908.757609134633,2088.6191233085383
12631.167103437754,0.029272521047743562,4908.778468185918,2088.626922952386
12631.204093833287,0.03634321999321424,4908.7976477617885,2088.6340946042365
12631.28594436984,0.05145418289728264,4908.840087388501,2088.649963683253
12631.37731804848,0.0669329617663285,4908.887464778865,2088.6676790952065
12631.50332026369,0.0862265602007257,4908.952797117925,2088.6921082403132
12631.693858067578,0.11210899936070498,4909.05159125769,2088.729049454054
12631.97523080399,0.1454063690958145,4909.197483448402,2088.783601606972
12632.384735807944,0.1870104163143328,4909.40981241619,2088.862995831512
12632.97635853818,0.237852128043859,4909.716569706333,2088.977698701685
12633.828320800456,0.29861071165505454,4910.158313450389,2089.1428756396695
12635.049388295236,0.36886389492364174,4910.791438843047,2089.3796137496975
12636.78561140832,0.44579506259535234,4911.691673259529,2089.7162285901345
12639.220302698484,0.5219217594884658,4912.954064595343,2090.1882595969882
12642.541163884725,0.5813161447775885,4914.675936574727,2090.832096447701
12646.829725955055,0.595638742759932,4916.899563277554,2091.663543893566
12651.998650148229,0.521701922850969,4919.57965957105,2092.665666308841
12654.839040629131,0.42941988251970464,4921.052407192625,2093.216342823575
12656.875547348884,0.3297468259572906,4922.108339692961,2093.6111663942306
12657.978628044379,0.25734743385686965,4922.6802890973995,2093.8250234992483
12658.776845332783,0.19154421931544283,4923.094166265336,2093.9797757696865
12659.209129334642,0.14823829837022745,4923.31830633842,2094.063583627442
12659.528531582151,0.11054528135499848,4923.483917009895,2094.125506821081
12659.712271621145,0.0854386882058602,4923.57918656944,2094.1611288827294
12659.842366254314,0.06538735712570279,4923.646640884355,2094.186350593732
12659.947743263829,0.047232552962333016,4923.701279064531,2094.2067802458787
12660.028155712265,0.03211968284033965,4923.742973072333,2094.222369966756
12660.074852274613,0.02345008049928058,4923.767185328968,2094.231423121226
12660.110733371012,0.018321338526408167,4923.785789745902,2094.238379459673
12660.146435409177,0.017279658190439473,4923.804301320817,2094.2453010834497
12660.180499288204,0.020884331291544406,4923.821963507111,2094.251905113841
12660.208963773397,0.025705950957794387,4923.8367223970245,2094.2574235786647
12660.236655679959,0.030909293772315116,4923.851080703455,2094.2627922619918
12660.290266854716,0.041114683159539624,4923.878878199967,2094.2731859633163
12660.372664365112,0.05596403458111428,4923.92160146657,2094.2891605254554
12660.472950317691,0.07245532914131021,4923.973599924756,2094.3086031517737
12660.616777865269,0.09370167688785315,4924.048174783453,2094.3364872649227
12660.832783447418,0.12183447542832386,4924.160174091756,2094.378364658261
12661.15025122143,0.15768065635938777,4924.324781742152,2094.439912690602
12661.610697322847,0.2021138529052716,4924.563523932307,2094.52918013924
12662.275236996862,0.25606540449106396,4924.908089037978,2094.65801545935
12663.230995532067,0.3199659126242316,4925.40365169683,2094.843309642731
12664.597972217123,0.3928088319893595,4926.112431787801,2095.1083268658485
12666.534737982227,0.47060286994369555,4927.11664867781,2095.4838089540895
12669.232814321158,0.5436728704773998,4928.515606696131,2096.0068853736298
12672.855145256677,0.5924097591035946,4930.393792742538,2096.7091444754933
12677.82219977009,0.580233676191695,4932.969221025162,2097.672099332116
12681.324378919464,0.5148484053606838,4934.7851085333095,2098.351057695333
12684.826558068838,0.38835021925389124,4936.6009962096705,2099.0300131936924
12686.127904950516,0.3182498395101905,4937.2757475043245,2099.28230013488
12687.429251832193,0.22692115436861002,4937.950498822183,2099.5345866808407
12687.912019757468,0.18444330918544102,4938.20081509532,2099.6281787302114
12688.394787682744,0.13406502894522954,4938.4511313716475,2099.7217707252066
12688.617572514648,0.10670267299712245,4938.566645818951,2099.764960976524
12688.81589193129,0.07887585150189536,4938.669474892792,2099.8034082226973
12688.935831305409,0.059732310600211294,4938.731663734502,2099.826660296739
12689.034686539706,0.042162445186967434,4938.782920401304,2099.845824886696
12689.100183353432,0.02971123620535884,4938.816880650237,2099.8585224384583
12689.144479905011,0.021750019462647128,4938.839848514399,2099.867109996958
12689.181534256693,0.017415707381146683,4938.85906128123,2099.8742935447917
12689.210730127048,0.017558868656134066,4938.874199407378,2099.879953606657
12689.239925997403,0.020885714016779727,4938.8893375335365,2099.8856136683235
12689.270007428433,0.026003484505031874,4938.904934824962,2099.8914454091314
12689.297908785127,0.03126014488405714,4938.919401742823,2099.8968545093367
12689.353847962095,0.04189384305395601,4938.948406335257,2099.90769916473
12689.436522556372,0.056729378899298945,4938.991273303383,2099.9237268837373
12689.538401383688,0.07339851584231033,4939.044097710835,2099.9434776312314
12689.685338701718,0.09497429478914308,4939.120285050122,2099.971963642584
12689.905750900563,0.12348159221992012,4939.234569285625,2100.01469385636
12690.22942818977,0.15974735104263238,4939.402396710814,2100.077443537677
12690.698677037688,0.20464787897674747,4939.64570332938,2100.168414398484
12691.375813938665,0.2591078638348191,4939.996800392074,2100.2996873564684
12692.34947313398,0.3235095870916362,4940.501644967072,2100.488445339648
12693.741533450995,0.39673816024132774,4941.223431526921,2100.758316076201
12695.712574613213,0.4745880155975633,4942.245421066827,2101.1404297307186
12698.455064110183,0.5469889252922049,4943.667408495146,2101.672097834176
12702.125298907198,0.5936962071484099,4945.57043426317,2102.3836189765084
12707.193611898905,0.5764155338396177,4948.198367315551,2103.3661699955433
12710.752215135437,0.5047808413214477,4950.043512266529,2104.0560427708174
12713.771615566864,0.39371620627873594,4951.609079308517,2104.641383087387
12715.240269729602,0.3149540057117553,4952.37058038829,2104.926095301385
12716.42245942749,0.23220858548656312,4952.983548904373,2105.1552733615345
12716.98456075853,0.1830962666509655,4953.274999952612,2105.2642416247286
12717.454533064853,0.13390818553795794,4953.518681857657,2105.355349813778
12717.689788350348,0.10488490228905636,4953.640662357148,2105.4009560626796
12717.877059386106,0.07845564982317733,4953.737762894382,2105.4372601452474
12717.996978730933,0.059266134805169714,4953.799941398427,2105.4605075255913
12718.09528703182,0.041749924934075075,4953.8509145179905,2105.4795654195996
12718.15978619837,0.029481007434621086,4953.8843575101455,2105.4920691262946
12718.203709160474,0.021616784262250593,4953.907131684724,2105.5005839618975
12718.240732228809,0.0173703570432228,4953.926328245752,2105.5077611947163
12718.269041677817,0.017553516231110993,4953.9410067716135,2105.513249219013
12718.297351126825,0.020741122349512073,4953.955685297486,2105.5187372431233
12718.326614801841,0.025677065779675563,4953.970858592135,2105.524410251753
12718.35441733129,0.030900168352635683,4953.985274278867,2105.5298000048856
12718.407879654977,0.04107779294047419,4954.012994638357,2105.5401641234853
12718.490264539432,0.05592781454112218,4954.055711423939,2105.556135121097
12718.590475883735,0.07241070495449316,4954.107671277328,2105.575561924645
12718.734157264196,0.09364140934479936,4954.182170462419,2105.6034157526105
12718.949955562413,0.12175635570578938,4954.294062465304,2105.645250034558
12719.267130763235,0.15758240240915608,4954.45851866828,2105.7067370465334
12719.727161813995,0.20199300534627138,4954.6970460198345,2105.7959177942753
12720.391106713108,0.25591965474160866,4955.04130326168,2105.9246288076997
12721.346018479873,0.31979498505606774,4955.536427628856,2106.1097458895306
12722.711805320043,0.3926171525199424,4956.244591868788,2106.374513936351
12724.646937767397,0.47040429316429877,4957.247963418239,2106.749653169079
12727.34287776956,0.5434987957260965,4958.645815883075,2107.2722789284585
12730.962824167189,0.5923202733941272,4960.522768414976,2107.9740267774746
12735.92502267345,0.5803637690228572,4963.095682782388,2108.9359731454365
12739.430842579815,0.5150820071011888,4964.913460808313,2109.6155899901137
12742.936662486181,0.3886152756752561,4966.7312390006855,2110.2952039944157
12744.240095468836,0.3184626293816761,4967.407072974791,2110.5478777752214
12745.543528451492,0.22703968042394776,4968.082906971884,2110.8005511637352
12746.026624098147,0.18455030740467399,4968.33339355141,2110.8942002318395
12746.509719744803,0.13415802935580676,4968.583880134093,2110.9878492460716
12746.732747130587,0.10677638558888067,4968.699520522515,2111.031083512804
12746.931291779638,0.07892709516602223,4968.802466536885,2111.0695717465737
12747.051291054466,0.059779532195630904,4968.864686532141,2111.0928338152726
12747.15019885472,0.04220485846413056,4968.915970532724,2111.112007262344
12747.215802702704,0.029734155419698354,4968.94998633104,2111.124724679783
12747.260133954176,0.02176374824332769,4968.97297222223,2111.1333183676684
12747.297190028805,0.01742061220022315,4968.992185911715,2111.1405017499014
12747.326486453527,0.017559978180718774,4969.007376198698,2111.146180910758
12747.355782878249,0.020903316999647988,4969.0225664856935,2111.151860071417
12747.385983506845,0.026046790071462912,4969.038225605211,2111.1577145132933
12747.413919185865,0.031311826951866975,4969.052710341366,2111.163129890755
12747.47020948341,0.042009859880772646,4969.081897035139,2111.174041857246
12747.55293346648,0.056844616399438205,4969.124789676877,2111.1900780356978
12747.655052181026,0.07354031562063375,4969.177738547153,2111.209873912163
12747.802459804849,0.09516559042801476,4969.254169857631,2111.238449112025
12748.023536637273,0.12372887696237266,4969.368798881973,2111.2813051945136
12748.348149911728,0.1600572148412184,4969.5371118743205,2111.3442319543924
12748.818725937615,0.20502730080250342,4969.781107009759,2111.4354537647832
12749.497761237113,0.25956255830465447,4970.133188933267,2111.5670856022703
12750.474115951405,0.3240376610743075,4970.639431912837,2111.7563529917497
12751.869948787129,0.3973208744421029,4971.363175635518,2112.026936274959
12753.846133941937,0.4751734934532527,4972.387833908958,2112.41002053938
12756.59525774365,0.5474644394088768,4973.813263411131,2112.9429377655265
12760.272504379105,0.5938522502789131,4975.719927736652,2113.655768738447
12765.355701153794,0.575774660259523,4978.355582076528,2114.641136763595
12768.928502165261,0.5029988601865165,4980.208091425927,2115.333713886364
12771.910591599413,0.39252203534522323,4981.754314965857,2115.911781035029
12773.378987838967,0.31341029038536194,4982.51568346695,2116.1964235339474
12774.54588171484,0.23142193523371138,4983.120721976061,2116.4226207015035
12775.108361415165,0.1821270348243985,4983.41236965196,2116.531654768201
12775.572218350684,0.13344231430500292,4983.652881085379,2116.6215712172266
12775.80743170094,0.10435895776780432,4983.774840026185,2116.6671661816285
12775.992639587346,0.07816548650383216,4983.870870960457,2116.7030678210385
12776.112262120458,0.05899217983707753,4983.932895660824,2116.7262560575496
12776.2102684957,0.04150419412986322,4983.983712308137,2116.7452541063017
12776.274191543775,0.029340953066861124,4984.016856631532,2116.7576452702865
12776.317878474625,0.0215375447434421,4984.039508457594,2116.766113763358
12776.354869623898,0.017345183700591023,4984.058688497566,2116.773284312312
12776.382734560842,0.01755519295920238,4984.073136564615,2116.7786857905235
12776.410599497787,0.020678901461780377,4984.087584631675,2116.7840872685565
12776.439617844086,0.02555589397544355,4984.10263074552,2116.789712329008
12776.467446031591,0.030778023542376784,4984.117059757888,2116.7951066829837
12776.52005558613,0.04079779787358183,4984.144337995601,2116.805304779648
12776.602365083783,0.05565666440086515,4984.1870157575895,2116.821260059135
12776.702012648748,0.072076067355378,4984.238683368153,2116.840576233128
12776.844597901474,0.093189812714686,4984.31261432006,2116.868215655692
12777.05883782435,0.12117106669490076,4984.423698469402,2116.9097449611018
12777.373815621737,0.15684703461268826,4984.5870155601415,2116.9708017654116
12777.830733463428,0.2010903504169769,4984.82392906318,2117.0593728670237
12778.490221919024,0.2548342664549376,4985.165876144761,2117.187211123887
12779.43879713245,0.31852789074367094,4985.657715736332,2117.371087104348
12780.795695651837,0.39120676286972195,4986.361272422249,2117.6341139067836
12782.718660581071,0.4689633110609578,4987.358336587958,2118.0068686322916
12785.398769344923,0.5422774075893543,4988.747982611736,2118.5263895408525
12789.001326414584,0.5917925065173867,4990.615921548193,2119.224718204627
12793.926599583807,0.5815883948478938,4993.169693871873,2120.1794406530526
12797.50071905468,0.5161639105514806,4995.0228882174315,2120.872249936237
12801.074838525554,0.38733766902724764,4996.876082733827,2121.5650562984147
12802.359413962065,0.3179907523336894,4997.542140016839,2121.81405734418
12803.643989398577,0.22794758750210173,4998.208197321899,2122.06305801294
12804.132901428293,0.18505322126497228,4998.4617000957405,2122.1578280760186
12804.621813458009,0.1340993462558675,4998.715202872775,2122.252598084502
12804.84421449083,0.10679214317041855,4998.830518668921,2122.2957079645084
12805.043015173153,0.07890675837679983,4998.933597592567,2122.334243178689
12805.162971179987,0.05976419893934657,4998.9957952468985,2122.3574952595854
12805.26186328953,0.042190907664327953,4999.047071189014,2122.3766643457807
12805.327431746244,0.029726695548283673,4999.081068688044,2122.389374027903
12805.371751770865,0.021759294425496824,4999.10404879268,2122.3979649482385
12805.408807544793,0.017419023917975063,4999.123262355182,2122.405147777879
12805.438070425424,0.017559589923993396,4999.138435272298,2122.410820045811
12805.467333306055,0.02089736030890994,4999.1536081894255,2122.416492313547
12805.497493321323,0.02603206221650497,4999.169246274355,2122.422338480154
12805.525417170009,0.03129420417505496,4999.183724898246,2122.427751191808
12805.581588033057,0.04197032403034335,4999.212849708718,2122.438639256465
12805.66429502047,0.05680525993277894,4999.255733602727,2122.454671037072
12805.766332158419,0.07349186459418681,4999.308640254946,2122.4744497387574
12805.91357969672,0.09510018902508167,4999.384988675539,2122.5029919417725
12806.13443051814,0.12364426803373176,4999.499500684882,2122.545801266038
12806.45872506134,0.159950987210889,4999.667648667231,2122.6086619142848
12806.928848401381,0.20489680678077096,4999.911409450596,2122.69978970137
12807.607235145166,0.2594054256654745,5000.263155625375,2122.8312867696413
12808.582667155199,0.32385383220020963,5000.7689209410055,2123.020362287261
12809.977204969913,0.39711556066957954,5001.491994279047,2123.2906759417347
12811.951616230885,0.47496240901815284,5002.515734322477,2123.6733900278373
12814.698431342891,0.5472827486242461,5003.939968902338,2124.205823131569
12818.373160216493,0.593766355043727,5005.845330621917,2124.918117127639
12823.451304533406,0.5759363973975007,5008.4783691964285,2125.9024382111793
12827.019510798922,0.5035149654703148,5010.328498927772,2126.594077244853
12830.012756872758,0.3928635203504558,5011.880509548239,2127.1742673174817
12831.481093898115,0.31386432969418887,5012.641848486568,2127.458878844698
12832.652570561795,0.23164836597749006,5013.249264096302,2127.6859488161017
12833.214879178371,0.18241302450997854,5013.540823501083,2127.794942256335
12833.680567688874,0.13357697275353395,5013.782284973876,2127.88520756752
12833.915774162484,0.10451379959189219,5013.9042405316295,2127.9307980777717
12834.10159676512,0.07824988380931308,5014.000590342593,2127.966816411155
12834.221304707624,0.05907211705743883,5014.062659420911,2127.99001961544
12834.31939903889,0.041575976131907715,5014.113521749839,2128.009033412432
12834.383488826996,0.029382162459317906,5014.146752578248,2128.021456047754
12834.427245880288,0.021560747723569394,5014.169440796991,2128.0299375531163
12834.464247554357,0.01735243251479291,5014.188626322816,2128.037109651294
12834.49223569605,0.01755431554724267,5014.203138293672,2128.0425346407687
12834.520223837744,0.020695160402025556,5014.217650264538,2128.047959630066
12834.549299255805,0.02558626921998922,5014.23272599285,2128.0535953678104
12834.577118502111,0.030808168238480347,5014.247150390758,2128.0589876194663
12834.629939290262,0.0408670472328338,5014.274538194818,2128.069225961863
12834.712266258755,0.05572347877379383,5014.317225079371,2128.0851835356657
12834.81205305586,0.07215852291901931,5014.368964959703,2128.104525375145
12834.954908676506,0.09330105191440423,5014.443036209148,2128.132215311795
12835.169533409493,0.12131520890948842,5014.554320050381,2128.173816363181
12835.48505347938,0.15702798688895012,5014.7179185560735,2128.2349740982722
12835.942738823567,0.20131211684335504,5014.955230366868,2128.3236879045485
12836.603325014567,0.2551002949344582,5015.2977471404665,2128.4517301889136
12837.553459547353,0.318837331289207,5015.790395981442,2128.635895832887
12838.912542335425,0.3915491416617052,5016.495086272133,2128.8993280204268
12840.838490878143,0.4693091520926597,5017.4936989448315,2129.27263556759
12843.522465398364,0.542562209224947,5018.8853514565735,2129.7928702569548
12847.129213532382,0.5918949223630591,5020.755466267751,2130.491963552022
12852.063684429224,0.5812384928252204,5023.314011464741,2131.448403582937
12855.613300637653,0.5160191330831863,5025.15450352017,2132.13641619534
12859.162916846082,0.388261206323651,5026.994995742013,2132.824425956879
12860.45857055546,0.318491104235957,5027.666798151449,2133.075557298273
12861.754224264838,0.22771842573475884,5028.338600583039,2133.326688260152
12862.241067036155,0.18498382331048654,5028.591030813912,2133.4210507935104
12862.727909807472,0.13425443736900267,5028.843461047912,2133.5154132733014
12862.950920811149,0.10688804441060273,5028.959093288272,2133.5586384454905
12863.149924670422,0.07898699599138535,5029.062277713401,2133.5972104164935
12863.269982955235,0.05983666303223709,5029.124528491833,2133.620480738165
12863.368955224421,0.04225606496591252,5029.175846073346,2133.6396640560843
12863.434688935215,0.02976174693111447,5029.209929307938,2133.6524049032073
12863.47906158821,0.021780363007776363,5029.232936734804,2133.6610054392972
12863.516119434209,0.017426611423364286,5029.252151400255,2133.668188181488
12863.545539516575,0.017561449022496973,5029.267405849763,2133.673890532852
12863.574959598942,0.02092521079697871,5029.282660299284,2133.6795928840206
12863.60531345119,0.02610155203923391,5029.298398912842,2133.6854762230487
12863.633300369827,0.03137863329880101,5029.312910260326,2133.690900790704
12863.690043038549,0.04215942484826137,5029.342331598006,2133.701898944312
12863.772833618727,0.0569936159256904,5029.3852588990185,2133.7179458357355
12863.875262599127,0.07372356650375018,5029.438368802042,2133.7377991396515
12864.023279265712,0.0954127821914001,5029.515116132752,2133.7664884756764
12864.245216122974,0.1240482768123987,5029.6301914270025,2133.8095053861925
12864.571040231094,0.16045722522202208,5029.799132745897,2133.8726582225513
12865.043333079666,0.20551679079244178,5030.044018791968,2133.964200310333
12865.724823507993,0.2601486165075476,5030.397374764603,2134.096289997609
12866.70466291363,0.32471733203083114,5030.9054260873,2134.2862069062217
12868.105369931181,0.3980690801951982,5031.631699260651,2134.5576979038647
12870.088194676377,0.4759217462498749,5032.659803256522,2134.9420166805917
12872.845863412078,0.5480646782429162,5034.089667607355,2135.4765172475595
12876.5320600742,0.5940304125753831,5036.0009782590105,2136.1909855205095
12881.634355757802,0.5749048167441413,5038.6465433409585,2137.1799207542886
12885.223461476146,0.5006846737608106,5040.507512284743,2137.875563539337
12888.158081467425,0.39097249064834577,5042.029127290007,2138.4443513242772
12889.62585794657,0.3114256940288512,5042.7901767090325,2138.7288349037203
12890.773272984798,0.23040882477802396,5043.385117144114,2138.951225878484
12891.33617166175,0.18088442297203156,5043.676982929255,2139.0603262973373
12891.792256806348,0.13284216846575186,5043.913465365589,2139.148724179476
12892.027382427601,0.10368562578358217,5044.03537918125,2139.1942959304306
12892.209973225425,0.07779199485677907,5044.13005342758,2139.229685439685
12892.329212615752,0.058639907936115725,5044.191879650969,2139.252796258079
12892.426834395581,0.041187893988324134,5044.242497034765,2139.2717171778772
12892.490043927537,0.029155954087725738,5044.275271495042,2139.283968361734
12892.53340575342,0.02143544510257852,5044.2977548199115,2139.292372690195
12892.570342631772,0.017314567465848953,5044.316906777183,2139.2995317439754
12892.597723916826,0.017562711273533985,5044.331104111262,2139.3048387459135
12892.62510520188,0.02062404143035549,5044.345301445351,2139.3101457476823
12892.653977531498,0.02546168852071914,5044.36027189356,2139.315741741408
12892.681847824191,0.030687108120143115,5044.3747227805925,2139.3211435215894
12892.733817498287,0.040588139951115175,5044.401669318199,2139.331216208864
12892.816078720285,0.055454911432278535,5044.444322175938,2139.3471599590207
12892.91530734872,0.07182692838279368,5044.495772719453,2139.3663923051404
12893.057079183947,0.09285354066406172,5044.569282130142,2139.393870308889
12893.270161235252,0.12073494989365703,5044.679766247562,2139.4351695429045
12893.583505552619,0.15629863989792336,5044.842236856282,2139.4959014359088
12894.038109312733,0.20041661988774276,5045.077951200714,2139.584011968306
12894.694284218223,0.254023162025748,5045.418181206318,2139.7111905975084
12895.638145566787,0.317579245546508,5045.907578096864,2139.8941279212954
12896.988426798038,0.39014759930459875,5046.60770577567,2140.1558363881068
12898.902321213736,0.4678748951142976,5047.60006979507,2140.526782391346
12901.570595526462,0.5413416553552164,5048.98358371999,2141.043938958194
12905.160013802495,0.5913561849269185,5050.844715664132,2141.739626241918
12910.05752960278,0.5824221099446246,5053.384103212933,2142.6888393109134
12913.720561452781,0.5159040604886472,5055.283404583785,2143.3987870968713
12916.923861845531,0.4041609601868602,5056.944332908152,2144.0196299109116
12918.460039267486,0.3246017809820634,5057.740849135353,2144.3173609966143
12919.714013671504,0.23920463943438042,5058.391041607945,2144.560397090094
12920.300457983036,0.18910912235188115,5058.695116144514,2144.674057291366
12920.79903433756,0.13793965316371942,5058.953630675276,2144.770687529249
12921.04337761227,0.10829669095370417,5059.080323983177,2144.818044244877
12921.241546337702,0.08073755584104358,5059.183075538409,2144.856451758209
12921.364046751974,0.06138280733980001,5059.246592665577,2144.8801938265588
12921.464751067955,0.04364441558877926,5059.298808398074,2144.89971154378
12921.534277546125,0.030462382187402853,5059.334858253116,2144.9131866167577
12921.579544359734,0.022231277201873012,5059.358329340883,2144.9219598725376
12921.61645006241,0.01761591226394001,5059.377465147414,2144.929112643589
12921.651790266638,0.017779021462125698,5059.395789234545,2144.9359620018427
12921.685302754808,0.022035320104618245,5059.413165641025,2144.942457126399
12921.72561612713,0.029290976237377083,5059.434068342763,2144.950270344029
12921.762653960854,0.03637071050709708,5059.453272660027,2144.9574487224636
12921.844517258454,0.05148176538910369,5059.495719223007,2144.973314814799
12921.935938876404,0.0669655730428216,5059.543121826936,2144.9910334228857
12922.06204850043,0.08627093974951525,5059.608510350019,2145.0154749802964
12922.252739355803,0.1121666923314733,5059.70738459173,2145.0524331480306
12922.53433001372,0.14547890690026993,5059.853390874438,2145.1070087694593
12922.94413829998,0.18709844399974493,5060.065878694391,2145.186434461834
12923.536191284358,0.23795594588074806,5060.372861382999,2145.30118126568
12924.388760383132,0.2987282832218295,5060.814923100139,2145.4664190066123
12925.610670608343,0.36898817918882065,5061.44849021768,2145.703239041556
12927.348030674451,0.44590942435247644,5062.349320923062,2146.0399585167675
12929.784166013456,0.5219921505247229,5063.612470498982,2146.512107184354
12933.106544777564,0.5812794377179827,5065.335142290928,2147.1560170194166
12937.400459906099,0.5953811510229262,5067.561561281609,2147.9882165541317
12942.557014670667,0.5213285031973007,5070.2352640606505,2148.987598009711
12945.394782359312,0.4289912773540115,5071.706662787181,2149.537577502325
12947.42661905383,0.32943922942705506,5072.760181762228,2149.931360754257
12948.528523033709,0.257057221834841,5073.331525315604,2150.144916574418
12949.324859264336,0.1913623152557294,5073.744430242698,2150.299251302885
12949.756756200026,0.14806907856573104,5073.968371297518,2150.382955455399
12950.075441331956,0.11043989496159703,5074.133611379982,2150.444718471506
12950.25899439899,0.08534726446744449,5074.228784706517,2150.48029210401
12950.38883046644,0.06532776828076164,5074.2961054584475,2150.5054550707378
12950.49414462035,0.04717806845423256,5074.350711456536,2150.525865548698
12950.574396692247,0.03209324190030786,5074.392322620203,2150.5414188519294
12950.621065721556,0.02343114375558545,5074.416520781993,2150.5504635718266
12950.656954527658,0.018309719026992913,5074.43512933568,2150.557419023613
12950.692629757224,0.017284023194953865,5074.453627148715,2150.564333082785
12950.726733136595,0.020903883879573273,5074.471309948339,2150.570942508327
12950.75527381388,0.02574347866273378,5074.486108454742,2150.5764738509133
12950.782977278783,0.03095069897573335,5074.500472861687,2150.581842936893
12950.83686906493,0.04120773945722662,5074.528416064848,2150.592287465073
12950.919294779635,0.05605438905272089,5074.571154275255,2150.608262026211
12951.019770249932,0.0725666589164364,5074.623251388583,2150.6277347281516
12951.163966477563,0.09385175064212906,5074.698017968059,2150.655680750789
12951.380496158177,0.12202855033805987,5074.8102898625,2150.6976453860843
12951.698700774057,0.15792341835050733,5074.975280801304,2150.7593151605006
12952.160187875526,0.20240982145322262,5075.214564542199,2150.848753815039
12952.826212966964,0.25641772313856026,5075.559902423029,2150.977832936311
12953.784074939435,0.3203708750688351,5076.056559432887,2151.1634713876697
12955.153984661996,0.39324796803208106,5076.7668656209335,2151.4289664038765
12957.094726749427,0.4710290846063803,5077.773151763961,2151.805090731957
12959.797876224202,0.5439869438802225,5079.174750685355,2152.3289715610654
12963.425405124044,0.5924294444900388,5081.05564593059,2153.031998150479
12968.404830553129,0.579551995828253,5083.63750781933,2153.997021814012
12971.899090818279,0.5137049159112089,5085.449302872199,2154.674213900706
12975.393351083429,0.3867420545484023,5087.261098082391,2155.3514032820035
12976.681166018487,0.31705054277489647,5087.92883800228,2155.600981776448
12977.968980953545,0.22642824032544712,5088.596577943519,2155.850559903718
12978.450911981863,0.18395475363819033,5088.846462142591,2155.9439578902457
12978.932843010181,0.13356982565998307,5089.096346344652,2156.0373558253686
12979.15428290078,0.10631971503654213,5089.211164290787,2156.0802707219286
12979.351480750098,0.07860428794277705,5089.31341258985,2156.1184875186386
12979.471097943244,0.059483834776180244,5089.37543484125,2156.14166923762
12979.569678562506,0.041939662347108206,5089.42654949966,2156.160774082567
12979.634625151697,0.02958912422837018,5089.4602247063385,2156.1733606782873
12979.67872979203,0.02167835984094421,5089.483093234142,2156.1819081208796
12979.71577156763,0.017390871477040378,5089.502299623077,2156.1890867858324
12979.744466835009,0.017554675080883965,5089.517178296073,2156.194647904304
12979.773162102389,0.02080108273290912,5089.532056969079,2156.2002090225933
12979.80272749669,0.02580554033537305,5089.547386808269,2156.2059387705453
12979.830539246748,0.031036293071005944,5089.561807372119,2156.211328663577
12979.884945566084,0.04138800680556729,5089.59001738411,2156.2218725605667
12979.96742863939,0.05623033715141799,5089.632785366201,2156.2378577066115
12980.068270739584,0.07278365400424991,5089.685072617052,2156.257400813649
12980.213180918394,0.0941445189432192,5089.760209438665,2156.2854842701863
12980.430723747912,0.12240763090460109,5089.873006738223,2156.327643857484
12980.750356061462,0.1583991860100527,5090.038738066349,2156.3895882678053
12981.213866320133,0.20299319642131178,5090.279070999721,2156.4794160342744
12981.882786453758,0.2571181550370125,5090.625910227453,2156.609051919544
12982.844762299444,0.32118671203323335,5091.124700665042,2156.795481461781
12984.220436976475,0.39415263808909956,5091.83799653115,2157.062084889927
12986.169057703723,0.47194671849154446,5092.8483685252195,2157.4397235785377
12988.882420905933,0.5447507458226922,5094.255264340932,2157.9655663879525
12992.521001609717,0.5927258707407574,5096.141891374737,2158.6707114168244
12997.523960748578,0.578675281768188,5098.735957505926,2159.6402637483416
13001.023693192665,0.5116027940805112,5100.550591226379,2160.3184938193044
13004.523425636751,0.3826716024967387,5102.365225103681,2160.996721190491
13005.77394809236,0.3141910450978327,5103.013629112152,2161.2390643641643
13007.024470547967,0.2256567809018804,5103.662033140632,2161.481407193417
13007.506590529601,0.18304177219560977,5103.912015492874,2161.5748387066596
13007.988710511236,0.13243459451496278,5104.16199784809,2161.668270168723
13008.206896813823,0.10546337368496345,5104.275128870129,2161.7105531230086
13008.401648714454,0.07798704887301998,5104.376109002307,2161.7482946479445
13008.520529016212,0.05891912116701142,5104.437749215278,2161.7713327957595
13008.618492493482,0.04143192278439525,5104.488543918262,2161.7903174110274
13008.68223797614,0.02930152176858131,5104.52159636755,2161.8026708246252
13008.725863303696,0.02151460858265184,5104.544216384978,2161.8111250971365
13008.762843262799,0.017338200333002263,5104.563390735454,2161.8182915450448
13008.790590150653,0.017556326939446396,5104.577777678157,2161.823668690502
13008.818337038507,0.02066384496428233,5104.59216462087,2161.8290458357897
13008.847308160508,0.02552869162822468,5104.607186337,2161.834660228581
13008.875147374767,0.03075151424062899,5104.6216211515775,2161.8400552657076
13008.92757164795,0.040736821388385476,5104.648803479946,2161.8502147078757
13009.009866385635,0.05559768198935532,5104.691473839508,2161.866162827201
13009.109392483751,0.07200315057232115,5104.743078772233,2161.8854502563795
13009.251741663047,0.09309129402633226,5104.816887752811,2161.913036481391
13009.465646052351,0.12104309027237599,5104.927798578315,2161.9544895719505
13009.780149195733,0.15668547586631557,5105.09087051712,2162.0154379396495
13010.236392321553,0.20089057055836168,5105.327435566998,2162.103854421989
13010.89491148189,0.2545914435663117,5105.668882070707,2162.2314703959346
13011.842102193084,0.31823979546969017,5106.160006676585,2162.4150285400447
13013.197046046736,0.390877614105625,5106.862553985299,2162.6776057076822
13015.117307239681,0.4686106620390181,5107.858222096508,2163.0497361149337
13017.79382636418,0.5419440954517403,5109.246015018595,2163.568421572072
13021.39217828713,0.59156373404787,5111.111784506171,2164.2657474962366
13026.309553740019,0.5816554887198991,5113.661476764168,2165.218682870749
13029.900457999185,0.5160571190177933,5115.5233849778915,2165.9145587995686
13033.127950652424,0.40337205373742824,5117.1968619491545,2166.540007327596
13034.64264647357,0.32485121601220124,5117.98224211728,2166.833536030145
13035.907439919096,0.23869069995391728,5118.638046212653,2167.0786364592127
13036.485316256027,0.1893008795962641,5118.937679072296,2167.1906212193367
13036.988348521749,0.13766798471277295,5119.198504769138,2167.2881021328094
13037.229813352154,0.10836126753345755,5119.323705949102,2167.334894762109
13037.429136510138,0.08063965108516076,5119.42705638182,2167.373520893722
13037.551459736525,0.06130325440945971,5119.490481818966,2167.3972254759224
13037.652076455197,0.04357272365465565,5119.542652282188,2167.4167236288777
13037.721394998645,0.030428320923002537,5119.5785944255695,2167.4301566194467
13037.766626206267,0.02220790861930085,5119.602047119049,2167.4389218114984
13037.80354893252,0.017604780915904204,5119.621191807586,2167.4460769326784
13037.838913949417,0.017793578408202868,5119.639528813083,2167.4529301907337
13037.87220496599,0.02202926987625569,5119.656790435102,2167.4593815355556
13037.912302629275,0.029242917880870977,5119.677581350471,2167.4671519153244
13037.949221261411,0.03629961320014169,5119.6967239162495,2167.4743062419434
13038.031044180772,0.05140835071597579,5119.739149665193,2167.490162404992
13038.122343680376,0.0668786749246494,5119.7864890865585,2167.5078549979935
13038.248173833314,0.08615213986279814,5119.851732890436,2167.5322391558443
13038.438470159808,0.1120115889831826,5119.950402851196,2167.5691159673765
13038.719494991425,0.14528169025093102,5120.096116169886,2167.623574701198
13039.12850725546,0.18685427054193235,5120.308191859209,2167.702835602114
13039.719418988749,0.23765908886329615,5120.614583685861,2167.817346031276
13040.570358122157,0.29837596220164464,5121.055801528347,2167.98224599943
13041.789964925809,0.36858529788266453,5121.6881761308405,2168.2185882711933
13043.524130985948,0.44547690962916214,5122.587353315911,2168.554644171775
13045.955995661812,0.5215815029673095,5123.848292158777,2169.025902703994
13049.273189035748,0.5809955308830778,5125.568280244525,2169.6687224405596
13053.555576653402,0.5954222693660653,5127.788728537643,2170.4985780367865
13058.726357025098,0.5215854462704591,5130.469815071823,2171.5005840572835
13061.56562614965,0.4293846469251317,5131.941996524824,2172.050781846079
13063.602744024733,0.3297085526054208,5132.998256851002,2172.445536490984
13064.705428706928,0.25734619461260133,5133.570006841963,2172.659215403097
13065.503931889156,0.19152645914610233,5133.9840365325645,2172.8139496726726
13065.936045654067,0.14824032436261178,5134.20809065665,2172.8976847948466
13066.255549442296,0.11053736561435573,5134.373755691838,2172.9595982991336
13066.439241382106,0.08543804648820556,5134.469001297618,2172.9951941477725
13066.569359003854,0.06538370080890006,5134.536468230387,2173.020408353451
13066.674729799606,0.04723019157977346,5134.591103754136,2173.0408271140245
13066.755138711302,0.03211824251434647,5134.6327963595995,2173.056408757237
13066.80183158923,0.02344959682347627,5134.657006956402,2173.065456904975
13066.837713715755,0.018321071793499708,5134.675612099994,2173.072410144554
13066.873415240065,0.017279890961100604,5134.694123600041,2173.079328386752
13066.907480979886,0.020885013115662012,5134.711786933946,2173.085929646335
13066.935950007435,0.02570748099242424,5134.726548331837,2173.0914463747345
13066.963644583315,0.030911289894367974,5134.740908170913,2173.096813029714
13067.017270429642,0.04111916129204709,5134.768713562397,2173.1072046458667
13067.099669405972,0.055968028714552476,5134.811438031204,2173.1231719177435
13067.199965772954,0.07246006029230627,5134.863442427408,2173.142607343603
13067.343813420632,0.0937078539085766,5134.938028479828,2173.170482131015
13067.55984824284,0.12184200065738596,5135.0500441081995,2173.2123453357435
13067.87735442738,0.15768873033477016,5135.214673377875,2173.273871631756
13068.337850367687,0.20212102292146406,5135.453443879837,2173.3631064200094
13069.002454786616,0.2560691605858263,5135.798046120593,2173.491893216822
13069.958293596419,0.3199616517883608,5136.2936555279,2173.677115136796
13071.325359286404,0.3927882464969057,5137.002489097506,2173.9420240302097
13073.262194773646,0.47055125850584123,5138.006752519093,2174.317341761688
13075.960228241704,0.5435648322302588,5139.405702761784,2174.8401621934054
13079.582027222446,0.5922046385447894,5141.283632376922,2175.5419858785626
13084.549928569793,0.5798433874731473,5143.859526314747,2176.5046494759818
13088.04725444553,0.5143790079335675,5145.672916077837,2177.182346576193
13091.544580321266,0.38786073133777904,5147.486305994725,2177.860041021766
13092.84239790475,0.31786869706952475,5148.159234266278,2178.111524995005
13094.140215488233,0.2267169401849795,5148.8321625589915,2178.3630086029775
13094.622475795159,0.1842601756078678,5149.08221820326,2178.4564581314216
13095.104736102085,0.13390544462224174,5149.332273850449,2178.5499076094443
13095.327115849788,0.10657690269547869,5149.447579446639,2178.5929989915385
13095.52506805276,0.07878754481210493,5149.550219174998,2178.6313569449817
13095.644902476059,0.05965209777049077,5149.612354238503,2178.654577714156
13095.74366924592,0.04209087709883244,5149.66356556297,2178.6737161221486
13095.808989558398,0.029672149161866297,5149.697434643916,2178.6863734832973
13095.853224447294,0.02172721759642166,5149.720370771712,2178.694945042566
13095.89027668563,0.017407710159738972,5149.739582640344,2178.702124792542
13095.919305038033,0.01755714818920115,5149.754634062835,2178.7077497241016
13095.948333390435,0.020856453165191198,5149.769685485336,2178.713374655478
13095.978226128453,0.025933069457760888,5149.785185098394,2178.7191670818665
13096.006085599804,0.0311785767932729,5149.79963044716,2178.7245655144798
13096.061469655251,0.04171013412914966,5149.828347503119,2178.735297486867
13096.14407052399,0.05654717205743452,5149.871176684817,2178.7513033601617
13096.245572421896,0.07317396019886062,5149.923806194702,2178.770971753177
13096.39177173119,0.09467110473829828,5149.999611654259,2178.79930132272
13096.61114072275,0.12308893916083177,5150.113356153954,2178.8418092378497
13096.933345336538,0.15925351645915847,5150.280421711279,2178.9042439608793
13097.400500949087,0.20403976767341203,5150.522645472747,2178.9947663095963
13098.074635666631,0.2583730576428921,5150.872189489537,2179.1253956275464
13099.044017410457,0.32264540226283994,5151.374821361863,2179.3132357674885
13100.430061485278,0.3957646578739657,5152.0934958703765,2179.5818135201425
13102.392832831532,0.4735711280770715,5153.111207944151,2179.962144665654
13105.124482913801,0.5460801762965654,5154.527589650111,2180.491461991709
13108.78259536001,0.5931862068514882,5156.424349407431,2181.2002992631765
13113.827381403084,0.5769679897164399,5159.040110485506,2182.177829359222
13117.363214125511,0.5069074491815672,5160.873467637248,2182.8629657230263
13120.430822174805,0.3951271014645327,5162.464046729923,2183.457372262275
13121.89871653113,0.3168753761138252,5163.225161632306,2183.741803580242
13123.10068738894,0.23316075977884893,5163.848393105047,2183.974707021561
13123.661926858436,0.18431399002482204,5164.1394002507595,2184.083457142007
13124.139825614897,0.13447539393024582,5164.387194574493,2184.1760584647814
13124.374991366414,0.10554553083977282,5164.5091298967245,2184.221625963599
13124.564927448953,0.07881203107038742,5164.607613274499,2184.2584294101603
13124.685204983647,0.059604612506185047,5164.669978138367,2184.281735287576
13124.783890640581,0.04205360752938064,5164.721147441033,2184.30085735845
13124.849129946248,0.029649601383437203,5164.754974543042,2184.313498613032
13124.893322732607,0.021715034303367034,5164.777888856414,2184.3220617364946
13124.930372982428,0.017403463834831205,5164.7970997074535,2184.3292408685506
13124.959315516213,0.017556394097207148,5164.812106642855,2184.3348489890213
13124.988258049998,0.020841868764359277,5164.827113578267,2184.340457109311
13125.018060505548,0.025898718666389462,5164.842566390008,2184.3462318542397
13125.045903358361,0.031139538251882953,5164.857003132054,2184.351626891828
13125.101020207596,0.041621966330690326,5164.885581659584,2184.3623067406793
13125.183587317557,0.05646014993918321,5164.928393367107,2184.378305554095
13125.284908319212,0.07306676319164919,5164.980929117727,2184.397938258151
13125.430753811826,0.09452644995785106,5165.056551173636,2184.426198351853
13125.649622047316,0.12290175805560552,5165.170036107019,2184.4686078598693
13125.971120941294,0.15901864458901596,5165.336735860052,2184.5309038152045
13126.43727559977,0.2037516775262188,5165.578440788545,2184.6212292800906
13127.109977524784,0.25802695664020114,5165.92724213581,2184.7515767399063
13128.07732277463,0.3222419152923938,5166.428818421722,2184.9390161932156
13129.460512305164,0.3953165883226712,5167.146013329289,2185.2070321374545
13131.419381364,0.4731154008456867,5168.161702747853,2185.5865948462533
13134.145971433243,0.5456982217928802,5169.575461786783,2186.1149145994423
13137.798621591272,0.593030928487477,5171.469390628815,2186.8226705667994
13142.83202695293,0.577386481558127,5174.079252556224,2187.797963942974
13146.356578824376,0.5081622783122423,5175.906761771806,2188.480892403798
13149.45128233944,0.39598706205211404,5177.5113911964845,2189.0805298699347
13150.91942724686,0.31798566491702734,5178.27263654208,2189.365000567123
13152.132464257615,0.23373648807662353,5178.901606341616,2189.6000406983444
13152.69351247645,0.18501458296977982,5179.192514525038,2189.7087502564596
13153.175850330244,0.13481566507545933,5179.44261073047,2189.8022087202653
13153.411061455734,0.10592754084914431,5179.564569664446,2189.8477835420454
13153.602507257803,0.07902294978975201,5179.663835913036,2189.884878327552
13153.72300069248,0.0598039418246814,5179.726312766304,2189.908225286817
13153.821909769887,0.04223210301422478,5179.777597950007,2189.9273900315757
13153.887595768665,0.029746602396312136,5179.811656689698,2189.9401174305062
13153.93193768448,0.021772667612579264,5179.834648343905,2189.9487091734663
13153.968995681322,0.017423868193278316,5179.853863225225,2189.9558895751984
13153.998355208169,0.017560672329395,5179.869086385473,2189.96157831198
13154.027714735015,0.020914163890533938,5179.884309545731,2189.967267048576
13154.057991345437,0.026073815279983443,5179.900008221506,2189.973133480175
13154.085953344558,0.031344895255675756,5179.914506751969,2189.978551429796
13154.142468736882,0.04208390983936849,5179.943810455704,2189.989501917732
13154.225225734544,0.056918051444463255,5179.986720651419,2190.005537008305
13154.327499154515,0.0736304391485239,5180.039750275512,2190.0253536211694
13154.47521053951,0.09528698648952356,5180.11633986493,2190.0539743412724
13154.69671675914,0.1238852818265148,5180.231192694253,2190.096893620769
13155.02193196017,0.16025181414952544,5180.399819499785,2190.1599076431694
13155.493357283776,0.20526291041637273,5180.644257480765,2190.251251444779
13156.173601098712,0.2598401731880086,5180.99696960432,2190.3830560241295
13157.151660275267,0.3243516326965217,5181.504101500843,2190.572565369484
13158.549855344776,0.3976517675111918,5182.229077406643,2190.8434801467283
13160.52920961517,0.4754756367649144,5183.255389288502,2191.2269998223233
13163.282285206806,0.5476450428362415,5184.682882281199,2191.7604343422763
13166.963191289717,0.5937458342878633,5186.591463382136,2192.473642288247
13172.055916949837,0.5750057612293943,5189.232085214163,2193.4603979203284
13175.63747005107,0.5013268444986245,5191.089151335606,2194.1543486673686
13178.587395440534,0.39138058232062933,5192.61871316891,2194.725915106831
13180.05458303561,0.3120197309906894,5193.379462669122,2195.010191160317
13181.208321992055,0.23068581404724542,5193.9776863487705,2195.2337344104576
13181.770767054863,0.18126237501502648,5194.269319009749,2195.3427111228857
13182.229375757395,0.1330094009676833,5194.507111616947,2195.4315689400914
13182.464419851665,0.10388894189525458,5194.628984028299,2195.4771099362993
13182.647844822928,0.07789899093718121,5194.72409147497,2195.512649455048
13182.767189411134,0.058742187302971885,5194.785972684605,2195.5357730706246
13182.864923257388,0.041280041703020576,5194.836648536231,2195.5547094937456
13182.928339189468,0.02921029046030304,5194.869530250131,2195.5669966477035
13182.971796993343,0.021465433414306515,5194.892063500511,2195.575416814024
13183.00875217813,0.01732340071241993,5194.91122508619,2195.5825770651354
13183.036263249172,0.017559862756341242,5194.925489816522,2195.5879074719824
13183.063774320215,0.020636751776279015,5194.939754546862,2195.5932378786683
13183.092673575122,0.025482168980544256,5194.954739062656,2195.5988372527
13183.120534366806,0.030706724941975114,5194.9691851262205,2195.6042354191604
13183.172643825917,0.04063353518405823,5194.996204335432,2195.6143318846616
13183.254914959261,0.05549819170009604,5195.0388626359645,2195.630272322583
13183.354235145434,0.07188022400785031,5195.090361019271,2195.6495160966665
13183.496184556649,0.09292531491447102,5195.163963028001,2195.677019488907
13183.709520010652,0.12082766640717264,5195.274579323482,2195.7183542677685
13184.023219627652,0.15641413696783849,5195.43723531475,2195.7791350723223
13184.478322952917,0.2005563183976305,5195.673210365933,2195.8673134858564
13185.135207881416,0.2541874436871969,5196.013810946213,2195.994587957801
13186.080069890273,0.31776445941345893,5196.503730170519,2196.177659150286
13187.431737040179,0.39034172515194693,5197.204581441352,2196.439550306706
13189.347489812717,0.46805001156454,5198.19791609289,2196.810734741339
13192.018083560812,0.5414412543996018,5199.5826425005125,2197.3281711995496
13195.609703270393,0.5912785725710755,5201.444929129121,2198.0240571177414
13200.513532050541,0.5819444897590824,5203.987608038494,2198.9741826150707
13204.143355969903,0.5158716425521495,5205.869704268041,2199.677464122269
13207.356886583491,0.40373566823492424,5207.535948823051,2200.3000861051646
13208.88308225606,0.32466011473342454,5208.327295064203,2200.595785950542
13210.141664818162,0.23893530641923819,5208.979881511934,2200.839635482698
13210.724126714336,0.18916634423387593,5209.281893282542,2200.9524869727825
13211.2246071633,0.13779664222662397,5209.541396933295,2201.049454570606
13211.467606096974,0.10830964377992439,5209.667394084837,2201.0965353573156
13211.666254301514,0.08068182264896077,5209.77039498152,2201.135023227788
13211.788661111696,0.0613367428443112,5209.83386402362,2201.1587394080434
13211.88931440441,0.04360326885287402,5209.886053669605,2201.178240866647
13211.95872307142,0.030442718045992863,5209.922042693601,2201.191688714042
13212.003968419463,0.022218029329950373,5209.94550281737,2201.2004549463268
13212.040884558486,0.01760960175248723,5209.964644170654,2201.2076074039637
13212.076239587177,0.017787409158682224,5209.982976074072,2201.2144573980763
13212.109625287427,0.022031871397154547,5210.000286862824,2201.220925836938
13212.149818305521,0.02926397371695073,5210.021127307715,2201.2287131850476
13212.186790253292,0.03633088179907693,5210.040297598408,2201.2358764544174
13212.268630754335,0.051440391518873245,5210.082732641522,2201.2517329497205
13212.359984548002,0.06691649059746241,5210.130100413364,2201.2694326319584
13212.485938442247,0.0862037303616227,5210.195408651818,2201.293836037114
13212.676410144837,0.11207874898421075,5210.294169960412,2201.3307396783302
13212.957685415047,0.1453664772308414,5210.440013744754,2201.38523637695
13213.367047556721,0.18695792315257345,5210.652271737968,2201.464549701589
13213.95845755949,0.23778273217924195,5210.958923206336,2201.579134473971
13214.810102674817,0.2985185245261277,5211.400508956278,2201.74413926606
13216.030696170048,0.3687407880365794,5212.033397817448,2201.9806269106025
13217.76620697887,0.44562970257147844,5212.9332760340485,2202.3168782510247
13220.19981320979,0.5216982544985141,5214.195123169557,2202.7883829431794
13223.518946330838,0.581012940786303,5215.91612423052,2203.4314540754012
13227.807124875993,0.59522495501124,5218.139584458973,2204.262271117035
13232.966489261284,0.5212676310582463,5220.814762899046,2205.2618716888855
13235.803566101451,0.4290046540104699,5222.285813777227,2205.811538476616
13237.836388315602,0.3294377125237696,5223.339851169603,2206.205384660439
13238.938073368201,0.25708538760329713,5223.911085227736,2206.4188286639046
13239.734840512994,0.1913655638334958,5224.324216492966,2206.5731967318957
13240.166631864347,0.1480878333883485,5224.548104376699,2206.6568532336187
13240.485474910336,0.11044381641749992,5224.713427501432,2206.718626779623
13240.66900600418,0.08535594735008856,5224.808590104102,2206.754184598761
13240.798887393066,0.06533071798661642,5224.875934829137,2206.7793481721337
13240.904202774524,0.04718157348510892,5224.930541847791,2206.799752257827
13240.984468025914,0.03209469541549489,5224.972160137815,2206.815303062269
13241.03113684322,0.02343262436296812,5224.996358359873,2206.8243448031053
13241.067025686698,0.018310655233105527,5225.0149670638175,2206.831298002817
13241.102703172779,0.017283775593498963,5225.033466176974,2206.8382102533164
13241.136804137794,0.020902489253077985,5225.051147849096,2206.844817064204
13241.165340721383,0.025740945527349828,5225.065944336959,2206.8503458169716
13241.19304507921,0.030948130721314797,5225.0803093079185,2206.8557133319664
13241.246920395912,0.041201955726518184,5225.10824416804,2206.866151276755
13241.32934453528,0.05604848981965621,5225.150981862191,2206.8821203439393
13241.429809289732,0.07255921953360246,5225.203073785638,2206.9015846448815
13241.57398471936,0.09384156461369916,5225.277830106952,2206.929517561174
13241.790485223526,0.12201497385162365,5225.390087662657,2206.9714629140435
13242.108646555065,0.1579052937939632,5225.555057318317,2207.0331042736443
13242.570068801486,0.20238545685029924,5225.794309113736,2207.122501317571
13243.235995986433,0.2563846703533365,5226.139598657016,2207.2515195556016
13244.193709662739,0.32032561467810255,5226.6361822650515,2207.4370690038054
13245.563393146504,0.3931853572095919,5227.346376137863,2207.7024340065136
13247.50378523487,0.4709415031275171,5228.352487872347,2208.0783684682765
13250.206375977228,0.5438630627656638,5229.753806927292,2208.601971111899
13253.832915811916,0.5922535755553219,5231.634202531143,2209.304578159696
13258.81177315748,0.5792912297765574,5234.215787963899,2210.2691791417183
13262.304080908967,0.5133897396949914,5236.026583310318,2210.9457737377456
13265.796388660454,0.3863649646607078,5237.837378804655,2211.622365766634
13267.08131193856,0.31676873569051256,5238.503624043639,2211.8713033329936
13268.366235216667,0.22630205606187287,5239.169869302631,2212.1202405521094
13268.847929705595,0.18383514970695505,5239.419632601051,2212.213562522078
13269.329624194523,0.13345519230435005,5239.6693959022805,2212.3068844432605
13269.55076439569,0.1062307044798189,5239.784059259245,2212.3497274091396
13269.747707840112,0.07854113635901633,5239.886176361701,2212.387882567319
13269.867249673187,0.05942658324060644,5239.948159971752,2212.411042194593
13269.965767718748,0.041888541454857035,5239.999242542409,2212.430128742677
13270.030591501261,0.0295606649075699,5240.03285430803,2212.442687478747
13270.074649603806,0.021662077272401235,5240.055698865397,2212.4512231430886
13270.111687973915,0.017385415448564458,5240.07490362281,2212.458398828441
13270.140274793157,0.017554096223879673,5240.089726168392,2212.463937139447
13270.1688616124,0.020783432690039735,5240.104548713984,2212.4694754502816
13270.198333032917,0.025766665157635975,5240.119829934006,2212.475185140507
13270.22614000634,0.03099463967930828,5240.134248121925,2212.4805723663903
13270.280259418925,0.041293276700695346,5240.162309567149,2212.4910572718436
13270.362711172409,0.056137369758948744,5240.205061608555,2212.5070311846125
13270.463361392933,0.07266887451283399,5240.2572497334,2212.526530802452
13270.607897472197,0.09398949448819063,5240.332193105919,2212.554532707664
13270.824910022005,0.1222065238061055,5240.444716238643,2212.5965759378996
13271.143792832667,0.1581456804598677,5240.610060100476,2212.658355127819
13271.60623727538,0.20268015047362792,5240.849842077375,2212.747947385509
13272.273626991104,0.25673837977100183,5241.195890191977,2212.877244895066
13273.233418648708,0.32073739619290975,5241.693551591318,2213.063191065037
13274.606013556788,0.3936415991016944,5242.4052555490125,2213.3291117378167
13276.55038335905,0.47140355500438674,5243.413430451086,2213.7058049582865
13279.258127877281,0.5442461154780861,5244.817422741762,2214.2303895462865
13282.890235162518,0.5923983393949975,5246.700706400839,2214.934053037728
13287.881008595596,0.5788394717681001,5249.288472195808,2215.9009321504636
13291.374667025097,0.5123521537764042,5251.099969110434,2216.5777670953566
13294.868325454598,0.38442557535504,5252.911466172212,2217.254599484109
13296.135579530861,0.3153965204892595,5253.568550202893,2217.5001061398916
13297.402833607124,0.22591081842129168,5254.225634252918,2217.7456124596215
13297.884505119355,0.18338368046502126,5254.47538580661,2217.838927044931
13298.366176631585,0.1329076622921971,5254.725137363094,2217.9322415817055
13298.585755188082,0.10581651233341786,5254.838991069011,2217.974780662816
13298.781511265126,0.07824313164345889,5254.940492578497,2218.0127045926615
13298.900697639578,0.05915386689219485,5255.002291921555,2218.035794629012
13298.998916869496,0.04164342860415571,5255.053219587808,2218.0548226876585
13299.063154740481,0.02942285635853367,5255.086527575086,2218.067267520206
13299.106986151715,0.021583046953390816,5255.109254606153,2218.075758999343
13299.143997819661,0.017359579711057907,5255.128445531208,2218.0829292862136
13299.172106805683,0.01755370753606361,5255.14302032544,2218.088374852369
13299.200215791705,0.02071147162484326,5255.157595119683,2218.09382041836
13299.229354799027,0.025617747758301758,5255.172703990423,2218.0994655306463
13299.257168899218,0.030840054298594755,5255.187125883391,2218.1048539679455
13299.31021401866,0.040940191687578634,5255.214630315695,2218.1151304207406
13299.392560485147,0.055793804483026975,5255.257327793622,2218.1310834343776
13299.492496057286,0.07224507202889696,5255.3091454013065,2218.1504439905298
13299.635640797827,0.09341760620108717,5255.383367401238,2218.178175471564
13299.850677360377,0.1214656803944295,5255.494866040563,2218.219834572559
13300.166774727257,0.15721534768430015,5255.658765733253,2218.281072197456
13300.625272286225,0.20153872133964157,5255.896501372847,2218.3698970113783
13301.287013019595,0.2553667733042581,5256.239620666423,2218.498096084248
13302.238774691628,0.31913775805046546,5256.733118772565,2218.6824807708304
13303.600110868532,0.39186400237561225,5257.438985443701,2218.9462119531886
13305.529080116039,0.4695931212307574,5258.439175680705,2219.3199098290183
13308.216821113916,0.5427235856736297,5259.832796886959,2219.840602734289
13311.827115959137,0.5917690680937803,5261.704771838488,2220.5400185385997
13316.771606579208,0.5804617991637655,5264.268541254074,2221.497901232381
13320.291427201757,0.5153655944395671,5266.093604751462,2222.1797833837527
13323.811247824306,0.38865267889784166,5267.918668397335,2222.8616629535686
13325.114161008729,0.3185789214337597,5268.594242488769,2223.1140700145343
13326.417074193152,0.22726880879511718,5269.269816600533,2223.3664767220525
13326.90130438747,0.18471649779900126,5269.520895025463,2223.4602840709463
13327.385534581786,0.13423634223164807,5269.771973453199,2223.554091371034
13327.608715581739,0.1068475191416315,5269.88769514029,2223.597327004263
13327.807523771844,0.07897146433650025,5269.990779270584,2223.6358410177504
13327.927570589902,0.05982212504387749,5270.053024804197,2223.659097021315
13328.026526844971,0.042243619152530845,5270.104334659938,2223.6782672649515
13328.09223199852,0.02975483099718244,5270.138403470991,2223.6909959569316
13328.136592568408,0.021776672258541636,5270.16140489164,2223.6995896815683
13328.173651518287,0.01742532366019826,5270.180620345769,2223.70676890396
13328.203039576007,0.01756099789213705,5270.195858361883,2223.7124620872582
13328.232427633726,0.020919106682146825,5270.211096378009,2223.7181552703764
13328.262739279866,0.026086209998108713,5270.226813284427,2223.724027374896
13328.29071395099,0.03136017617293446,5270.2413184448005,2223.729446750236
13328.347333186046,0.042118092056767795,5270.270676112022,2223.7404152749755
13328.430105703832,0.0569520035579886,5270.313594530714,2223.7564503263175
13328.532450575472,0.07367210050688748,5270.366661420292,2223.776277017012
13328.680302386274,0.0953431102724584,5270.44332413543,2223.804919504716
13328.902006962338,0.12395758508410196,5270.5582802846975,2223.8478690587267
13329.227500291287,0.1603417885436922,5270.727051992565,2223.910924993122
13329.699318190662,0.20537189199039993,5270.971694528466,2224.002327498568
13330.380120768776,0.25996866971839155,5271.324697819764,2224.1342152945253
13331.358968226144,0.32449711093908706,5271.832240522822,2224.323841366537
13332.758256173915,0.397805373804282,5272.55778606263,2224.594916431851
13334.739077431603,0.47561647888651387,5273.584862789022,2224.9786475135816
13337.493984209981,0.5477305968817913,5275.013311105028,2225.5123355828473
13341.176591304838,0.5937002294125624,5276.922781993269,2226.2257378301147
13346.273695340333,0.574656564847579,5279.5656848342815,2227.2131546991336
13349.858917217018,0.5005731346858562,5281.424660826017,2227.907684784886
13352.794450001446,0.39086619740069123,5282.94676617004,2228.476354951704
13354.261057355836,0.3113948327975857,5283.7072179069055,2228.760464837857
13355.408906577493,0.2303549792576142,5284.302390130646,2228.9828248681824
13355.971328733614,0.180874212765008,5284.594012101193,2229.0917765414392
13356.427590370362,0.13281475395496736,5284.830588697084,2229.180162891722
13356.662554080292,0.10367810769027308,5284.952419924208,2229.225679708005
13356.84518262842,0.07777919380012939,5285.047114803852,2229.261058227608
13356.964402207343,0.05862983376523426,5285.108931446607,2229.284153256139
13357.062014225252,0.04117923161700238,5285.159544335104,2229.303062499886
13357.125207203158,0.029150658350727394,5285.192310578637,2229.315304141287
13357.16855820232,0.02143295245252417,5285.214788541295,2229.3237020262013
13357.205494851187,0.017313906957178597,5285.233940593861,2229.330857333323
13357.232862800109,0.01756294956237517,5285.248131171859,2229.3361590073805
13357.26023074903,0.020622360384133072,5285.262321749868,2229.341460681284
13357.289100931828,0.025459070452653547,5285.277291252423,2229.3470533652862
13357.316974927522,0.03068492436782025,5285.291744221183,2229.352453069409
13357.368930662498,0.04058310205178446,5285.318683832692,2229.3625178476145
13357.451190871128,0.05544962564411352,5285.361336642194,2229.3784531567007
13357.550411030401,0.07182016744899399,5285.412783369982,2229.397673917
13357.692166270626,0.0928441768326054,5285.48628499838,2229.4251344972145
13357.905225414175,0.12072223467662163,5285.596758473892,2229.4664079385584
13358.218534166692,0.15628102067734237,5285.75921245935,2229.527101540189
13358.673082123665,0.20039172754419357,5285.994900505884,2229.6151557074663
13359.32916933959,0.25398743174011873,5286.335088848774,2229.7422516019546
13360.272892046916,0.31752722608905204,5286.824419325046,2229.9250675084686
13361.622950869029,0.3900708048066625,5287.5244395096415,2230.186597641336
13363.536479214277,0.46775996295348876,5288.516624808263,2230.5572810827384
13366.2041200057,0.5411675339983255,5289.899825700338,2231.0740478468015
13369.792279296616,0.5910916919280604,5291.760325623536,2231.76913216359
13374.68956787553,0.5820022504866752,5294.299623678796,2232.7178116421646
13378.337028226628,0.5156929172165016,5296.190872220011,2233.424377116991
13381.542749039325,0.40383223759185577,5297.853074054035,2234.045369030474
13383.073959680292,0.32450335988033885,5298.647023815114,2234.341984701081
13384.329138766036,0.23900450946729765,5299.297848163028,2234.585129063028
13384.913625073725,0.1890626714760354,5299.6009108354165,2234.698351481158
13385.412710695722,0.1378312174102197,5299.859692302551,2234.7950306465473
13385.656381701017,0.10826267643931699,5299.986038440374,2234.8422327679405
13385.854639489136,0.08068677074830913,5300.088837318386,2234.8806377721435
13385.977068012837,0.061338971261711034,5300.15231787589,2234.9043536988165
13386.077722923772,0.04360567200467565,5300.204508572017,2234.923851803765
13386.147140153973,0.030443694385471728,5300.240502181678,2234.937298781212
13386.192385523766,0.022218936400664444,5300.263962411604,2234.9460633693175
13386.229301471967,0.01761004923087428,5300.283103743358,2234.953214445059
13386.26465619605,0.017786952839726436,5300.301435562972,2234.960063092117
13386.298049311552,0.02203204375667739,5300.318750266625,2234.9665317511094
13386.338250226201,0.02926559886231296,5300.339594890251,2234.9743191645916
13386.375227044422,0.036333375942682475,5300.358767783854,2234.981482030497
13386.457068074666,0.05144264296644638,5300.401203272976,2234.9973356468004
13386.548426578058,0.06691910278084238,5300.448573678421,2235.015032913332
13386.674390427801,0.08620720508408185,5300.513887343016,2235.0394336585487
13386.864876793621,0.11208313402379887,5300.612656654032,2235.076333201608
13387.14617223483,0.14537158168599734,5300.758511487002,2235.130823561571
13387.555560911786,0.18696322769921847,5300.970784097288,2235.2101271154593
13388.147006404726,0.23778735910869736,5301.277455207479,2235.324697222561
13388.998697875588,0.29852080463217673,5301.719066778324,2235.489679979797
13390.219348457447,0.3687376109608295,5302.351987797359,2235.72613424017
13391.954920437043,0.44561543272694476,5303.2519013674355,2236.06233425533
13394.388565056024,0.5216629473999266,5304.513773503602,2236.533757829474
13397.707610291018,0.5809398825763673,5306.234735940895,2237.176691220841
13401.996722740447,0.5950857306888134,5308.458689376596,2238.0075333108666
13407.1516476841,0.5211020937976315,5311.131576694173,2239.0060865585415
13409.987507482985,0.4288327111558207,5312.60200244461,2239.5554146384948
13412.01863784299,0.32931202677141685,5313.655166832355,2239.9488593586
13413.119797385492,0.2569731438395985,5314.2261307052,2240.1621616153384
13413.915890402055,0.19129216295694476,5314.638914088643,2240.316370210842
13414.34750180414,0.1480229034704315,5314.862709566884,2240.3999762009535
13414.666086536166,0.11040173211984224,5315.027899417584,2240.4616881512216
13414.849536837479,0.0853205669245197,5315.123020511004,2240.4972236672884
13414.97932260648,0.06530708460329551,5315.190315926782,2240.5223640103795
13415.08461267311,0.04716013636989294,5315.244910038947,2240.5427593749114
13415.164815270124,0.032084274281261864,5315.286496009272,2240.558295133358
13415.211473067971,0.02342522152791532,5315.310688614895,2240.567333048031
13415.247365153415,0.01830611626979556,5315.329299074647,2240.5742855748636
13415.283032332223,0.01728551628073518,5315.3477929177325,2240.581194535579
13415.317149144063,0.020910239598633817,5315.3654828777,2240.58780318005
13415.345717807619,0.025756141656822582,5315.380296058876,2240.5933371125607
13415.37342827435,0.030965146293739042,5315.394664255123,2240.5987048067077
13415.427418704998,0.04124010976470875,5315.4226589154505,2240.6091630970304
13415.50985487448,0.05608554952872864,5315.465403019161,2240.625131507006
13415.6103976629,0.072604834072495,5315.517535613523,2240.6446072822655
13415.754725073779,0.09390302462614254,5315.592371039374,2240.6725644127378
13415.971441525166,0.12209434942813849,5315.70474101744,2240.7145437492522
13416.28990599971,0.1580043273971133,5315.869868519333,2240.7762322988474
13416.751755838555,0.20250571452959595,5316.109342987943,2240.865695448447
13417.418292075663,0.2565269695076409,5316.454949719412,2240.9948075331235
13418.376866183777,0.32048764064537033,5316.9519814665755,2241.1804889531986
13419.747745322462,0.39335819280672385,5317.662798153222,2241.4460359458717
13421.689749071858,0.47110357303909,5318.669749592956,2241.8222123261658
13424.394371654927,0.5439699159721004,5320.072127805702,2242.3461107147464
13428.022900369668,0.5922247120877765,5321.953562210026,2243.048971808567
13433.006847895203,0.5789469397061919,5324.537797307518,2244.01437877059
13436.498355963058,0.5127608256563765,5326.348185259989,2244.690692296912
13439.989864030913,0.3853204049241087,5328.158573355158,2245.36700333352
13441.265590273406,0.31601908072465706,5328.820052487224,2245.614113050396
13442.541316515899,0.22605822127376976,5329.481531638325,2245.861222435149
13443.022844073332,0.18357057577836405,5329.731209379226,2245.954494694014
13443.504371630765,0.13315414975308199,5329.980887122838,2246.0477669055745
13443.72466990819,0.10600143170545287,5330.095114390656,2246.090438814227
13443.920955397747,0.07837679751912346,5330.196890743843,2246.1284594231065
13444.040301242438,0.05927646561629757,5330.258772979312,2246.1515767759915
13444.138654733304,0.041753815399227075,5330.3097704305565,2246.1706278967163
13444.203155096926,0.02948524633066724,5330.343214633972,2246.1831216485693
13444.247089817958,0.021618745017031656,5330.365995307855,2246.191631824949
13444.284115212962,0.017371105062704482,5330.38519341427,2246.1988036612825
13444.31243123584,0.017553412618072115,5330.39987560796,2246.2042884879716
13444.340747258717,0.020741481152756317,5330.414557801659,2246.209773314497
13444.370014349428,0.025677893206021193,5330.429733135319,2246.2154423631237
13444.397820575756,0.030901530102815187,5330.4441509934795,2246.2208284414996
13444.451294562232,0.041080895947023195,5330.471877889747,2246.231186375962
13444.53368072911,0.05593019114756225,5330.514596094559,2246.2471446112145
13444.633900802484,0.07241326951532247,5330.566561391547,2246.2665572798064
13444.777598995172,0.09364449843938567,5330.641070609398,2246.294391674052
13444.99342226604,0.12175947061854242,5330.752977536485,2246.336196715295
13445.31062760938,0.15758379289470706,5330.917452272223,2246.397639481343
13445.770693067572,0.20198971152983672,5331.1560016753465,2246.4867542561788
13446.434675236562,0.25590681772159324,5331.500284318789,2246.6153676641684
13447.389618538982,0.31976422212325606,5331.99543377588,2246.8003401132078
13448.755406600423,0.39255399379959777,5332.703611144198,2247.0648928394803
13450.690445660219,0.4702839407356439,5333.706951968869,2247.439708657726
13453.386020499394,0.5432794044997261,5335.104639736137,2247.961838494625
13457.004682190442,0.5919361738689972,5336.980959200607,2248.6627668978426
13461.967775569225,0.5796734409400915,5339.55438285937,2249.6241050201156
13465.464195503784,0.5142900465453951,5341.367318854861,2250.301349349814
13468.960615438344,0.38786556236993425,5343.180254992621,2250.9785911951717
13470.258975681732,0.3178660666599815,5343.8534705604625,2251.2300774848504
13471.557335925121,0.22668832870491828,5344.526686147907,2251.481563432223
13472.039468510928,0.18424433919989772,5344.776677766266,2251.57495003858
13472.521601096734,0.13390546084713023,5345.026669387328,2251.6683365977487
13472.744002950907,0.10657571501701668,5345.1419874598405,2251.711414657307
13472.941958890286,0.07878693173386697,5345.244630028016,2251.749757664383
13473.061791879254,0.05965233645848041,5345.306764894099,2251.772968669788
13473.160559455771,0.04209147694764752,5345.357977087069,2251.7920994159167
13473.225883435136,0.029672332074634447,5345.391848367108,2251.804752316818
13473.270117401767,0.021727668959360784,5345.414784218345,2251.813320196019
13473.307170795635,0.01740791005872164,5345.433996855036,2251.8204972369517
13473.336199226631,0.017557107676012443,5345.449048450602,2251.826119886013
13473.365227657627,0.020856168205056685,5345.464100046178,2251.8317425349032
13473.39511939032,0.025932413220885627,5345.479599274226,2251.8375324004487
13473.422980585641,0.031178112181330448,5345.494045643884,2251.8429289618202
13473.47836246962,0.04170904853215493,5345.522761826371,2251.853656129814
13473.560963343232,0.056545807142263343,5345.565591387112,2251.8696554660582
13473.662464307614,0.07317207262267932,5345.618220875617,2251.8893156443423
13473.808661861416,0.09466836655910343,5345.694026091316,2251.917633302376
13474.028028782044,0.12308490976435367,5345.807770517067,2251.9601234541674
13474.350227799594,0.15924711721880078,5345.974834641168,2252.022531593188
13474.81737118229,0.2040292839269566,5346.2170541902615,2252.1130146037735
13475.491482120658,0.2583557912592995,5346.566588949112,2252.243585972164
13476.460818744972,0.3226169613256707,5347.069201842891,2252.4313406774104
13477.846776774551,0.3957178130132066,5347.787838049141,2252.6997921254347
13479.809379845667,0.4734939429786448,5348.805471807285,2253.079935464261
13482.54068071945,0.5459531055534491,5350.221684876398,2253.608969224864
13486.197928597718,0.5929795967117832,5352.118012982144,2254.317350037923
13491.242706244242,0.5766170993322722,5354.733792630379,2255.294480261467
13494.779347302108,0.5063645514478307,5356.567584967086,2255.9794942739877
13497.837957856247,0.39473568382429364,5358.153512664038,2256.5719162476053
13499.304860878883,0.31645237743793975,5358.914120204149,2256.8560398770887
13500.503198751949,0.2329138877183129,5359.535473378061,2257.0881449496565
13501.064151159666,0.18405489791933383,5359.826334222584,2257.1967952583636
13501.540596342002,0.13433282488569132,5360.073377015873,2257.2890773975037
13501.775623305857,0.10540304497742471,5360.195241440706,2257.3345994926754
13501.965049629482,0.07872672043587092,5360.293461362826,2257.371289245554
13502.085234474524,0.0595256079346459,5360.35577871099,2257.394567697398
13502.183832804785,0.0419831598149992,5360.4069031808685,2257.4136650821006
13502.248900498595,0.02961075595595977,5360.440641595602,2257.426267959563
13502.293030994337,0.02169256199490455,5360.4635238107585,2257.434815537724
13502.330077775167,0.017395758296097522,5360.482733030966,2257.4419910800784
13502.3588633567,0.01755516898082968,5360.4976587158035,2257.447566521393
13502.387648938233,0.020815410324035586,5360.51258440065,2257.45314196254
13502.417295906022,0.025837808348742552,5360.527956725076,2257.458884244275
13502.445118507861,0.031071939281636395,5360.5423830929,2257.464273166835
13502.499772001334,0.04146888139588795,5360.570721614399,2257.474858928477
13502.582283617116,0.056309237998851756,5360.613504921608,2257.490840491216
13502.683292571206,0.07288061815545806,5360.665879330734,2257.510404776406
13502.828528453045,0.09427509000289155,5360.741185956613,2257.538535310703
13503.046533607552,0.1225759820366849,5360.854224363297,2257.5807604153874
13503.366813704253,0.15860858220404475,5361.020293611168,2257.642794989053
13503.831236163607,0.20324628751991985,5361.261102484363,2257.7327482449064
13504.501452965535,0.25741553595768774,5361.608618311079,2257.8625614065986
13505.465255687339,0.3215215292196001,5362.108362132469,2258.049238570867
13506.843458781519,0.39450266367890835,5362.822977772488,2258.3161798500832
13508.795464567118,0.4722605703427447,5363.835117363083,2258.6942591184934
13511.513033955931,0.5449247583162504,5365.244211399473,2259.220617265459
13515.155488796334,0.5925750360511863,5367.132870352387,2259.9261114625565
13520.169225393354,0.5777856342382002,5369.732556508285,2260.897200001725
13523.676414535175,0.5097845514226981,5371.551078830712,2261.576488997211
13526.808463312203,0.3971110104030721,5373.175086206727,2262.1831169389607
13528.276653868288,0.31947932811697316,5373.936361839332,2262.4674813761976
13529.504933702738,0.23450615485904533,5374.573240704991,2262.705378707443
13530.065634627883,0.18596483325336624,5374.863971340018,2262.8139770301864
13530.554095815964,0.13527234592606818,5375.117244745998,2262.9085836814224
13530.789331226391,0.10644646575860796,5375.239217331615,2262.9541447753627
13530.98286028259,0.07930666035398669,5375.339564636663,2262.9916280502316
13531.103641442665,0.060073210240692274,5375.402191222018,2263.015021295529
13531.202854962317,0.042473362559284154,5375.4536347084695,2263.0342372554996
13531.26916123563,0.029875136357659673,5375.488015364363,2263.047079644206
13531.313691635176,0.02185088129631753,5375.51110494954,2263.0557044188886
13531.350751701255,0.01745284869521488,5375.530321070704,2263.062882317793
13531.38072417687,0.017569294460035162,5375.545862185018,2263.0686874718353
13531.410696652485,0.021026197672791656,5375.561403299344,2263.074492625697
13531.441818011557,0.02636528757990431,5375.577540124537,2263.0805202983656
13531.470172531559,0.03172287702932534,5375.592242308075,2263.0860120816637
13531.529225261238,0.042924251373043384,5375.622861908439,2263.0974495801593
13531.612405370022,0.05776316977542271,5375.665991865464,2263.113560135997
13531.716435503353,0.074668372716462,5375.719932828691,2263.133708980878
13531.867611718724,0.09668717058622707,5375.79831964255,2263.162989205871
13532.093995648038,0.1256927445327277,5375.915702624778,2263.206835859067
13532.426078214296,0.16251402217756647,5376.087891712282,2263.271154492202
13532.90724754449,0.20803045276597737,5376.337384209227,2263.3643486063024
13533.601426573467,0.26315280136255587,5376.697324984026,2263.498798905063
13534.599262256783,0.3281917481055389,5377.214715658063,2263.6920620006413
13536.025111386365,0.4018758746441688,5377.954036845262,2263.968223371654
13538.04211199623,0.47969347854189204,5378.999877748998,2264.3588794713887
13540.843550615327,0.5510146783497814,5380.452459983707,2264.9014655008705
13544.57453158619,0.5947169954573834,5382.387022115698,2265.624083975864
13549.772627254366,0.5700094139062415,5385.08230255488,2266.6308493912566
13553.377701989653,0.4901115371813689,5386.9515810329885,2267.329075870965
13556.118133114065,0.38338989657284545,5388.372530571119,2267.859837489534
13557.568264953608,0.30264281695555006,5389.124443014544,2268.1406957271834
13558.636393968553,0.22552597895040766,5389.6782819813925,2268.3475682572257
13559.195546193576,0.17544294102279293,5389.968209782096,2268.45586335702
13559.620239308475,0.12996898061618703,5390.188418763837,2268.538116736043
13559.852970102771,0.10072312446999229,5390.309092751253,2268.5831913724433
13560.024822503015,0.07605133475943876,5390.398200488541,2268.61647524818
13560.142223489784,0.057009389538114276,5390.459074449596,2268.639213128279
13560.23816123413,0.039710980116168894,5390.508819436308,2268.65779406825
13560.298450794618,0.02822346784696026,5390.540080369227,2268.6694707719453
13560.33998197659,0.02095783250808322,5390.561614835305,2268.6775144079675
13560.376525653008,0.017194053073696293,5390.580563213933,2268.6845920784363
13560.402762151336,0.01767262537762418,5390.594167184667,2268.6896734851694
13560.428998649664,0.020685662112521652,5390.60777115541,2268.694754891765
13560.4588740687,0.025720191758224202,5390.623261954588,2268.7005410734814
13560.486755881704,0.030960231667097056,5390.637719042728,2268.70594113939
13560.540577936832,0.04120367067923697,5390.6656264889,2268.7163652331415
13560.623000191355,0.05604945990133786,5390.708363516119,2268.7323285263665
13560.723469260862,0.07256038801877818,5390.760458055289,2268.751787070353
13560.867651525692,0.09384293653059901,5390.83521846364,2268.7797118496096
13561.084162564403,0.12201639623059682,5390.947482296851,2268.821645036357
13561.402336679788,0.15790606455803705,5391.1124597790385,2268.8832679956117
13561.863773786827,0.20238439829698346,5391.351721017082,2268.9726376433255
13562.52971745334,0.2563798346762983,5391.697021613121,2269.1016153855553
13563.487445966599,0.32031363071445834,5392.1936165189845,2269.2871048856828
13564.857132994579,0.39316039177748746,5392.903817383558,2269.552380747855
13566.79749171822,0.4708935418260435,5393.909919117125,2269.9281815286363
13569.499940902133,0.5437751853682757,5395.311174933637,2270.451579635275
13573.125967723663,0.5920992311671271,5397.191318160051,2271.153849781366
13578.10517209951,0.5790129291283395,5399.773102224416,2272.118192092919
13581.595742017715,0.5130170864510686,5401.583009580616,2272.7942217023847
13585.08631193592,0.3858677676357818,5403.392917075347,2273.4702488843805
13586.367217313551,0.31640273207114145,5404.057083792693,2273.718324341654
13587.648122691182,0.22615442412395861,5404.72125052868,2273.9663994722946
13588.129592174144,0.1836893289189642,5404.970898962306,2274.0596464043474
13588.611061657106,0.13330705808510382,5405.220547398565,2274.152893290264
13588.831805214093,0.10611646361640405,5405.335005918139,2274.1956449963996
13589.028422276617,0.07845972680452257,5405.43695452452,2274.23372408324
13589.147866694091,0.05935264113857505,5405.4988880708115,2274.256857037972
13589.246303820544,0.04182241461494991,5405.549929052646,2274.275921481363
13589.310969431412,0.029523673295449582,5405.58345904681,2274.2884453513593
13589.35496663662,0.021640958493127766,5405.606272193023,2274.2969663448216
13589.3919996849,0.017378419749925423,5405.625474329655,2274.30413858105
13589.420450458621,0.01755359958216323,5405.640226440812,2274.3096486773725
13589.448901232343,0.02076187333980865,5405.654978551977,2274.315158773534
13589.478264414935,0.02572039008783036,5405.670203759499,2274.3208455768695
13589.50606990038,0.030945848588611168,5405.684621279979,2274.326230698943
13589.559852057997,0.041182074558178454,5405.712508056535,2274.3366467541705
13589.642268764472,0.05602858245391274,5405.755242234246,2274.3526084958376
13589.742694204706,0.07253458108746308,5405.8073141842415,2274.372058008587
13589.886791999077,0.09380811393784429,5405.882030841152,2274.3999655938574
13590.103183053256,0.12197126552078605,5405.994232532287,2274.4418742899925
13590.421187942471,0.15784932973388538,5406.159122373522,2274.5034626336706
13590.88238499503,0.2023146568928295,5406.398259292488,2274.5927831195245
13591.547984753253,0.2562957905930779,5406.743381787364,2274.7216904034194
13592.505223828955,0.32021518884472794,5407.23972322948,2274.907079573014
13593.874223486851,0.393050218162854,5407.949568135519,2275.1722143894717
13595.813639483613,0.4707798246712233,5408.955181692741,2275.5478213724155
13598.514857881397,0.5436763689854656,5410.3558002212985,2276.070965493391
13602.139520618523,0.5920504598315816,5412.235237346578,2276.772950512901
13607.115936762635,0.5790933797818103,5414.815577314368,2277.736724093423
13610.606482605117,0.513214950243712,5416.62547333549,2278.4127289086136
13614.097028447599,0.38623479273399935,5418.435369494346,2279.0887313082735
13615.381289260979,0.3166641642471226,5419.101276472487,2279.337449219452
13616.665550074358,0.22623173035194963,5419.767183469259,2279.5861668038933
13617.147040789745,0.18377730055818753,5420.016843070394,2279.679415074245
13617.628531505132,0.13341208948294286,5420.266502674148,2279.772663298682
13617.849574471096,0.1061960969933774,5420.381116513945,2279.815471718529
13618.046421417956,0.07851690124108139,5420.483184383132,2279.85359419354
13618.165933853497,0.05940504874079296,5420.545153236973,2279.8767396330472
13618.264428572153,0.0418695335621384,5420.596224113499,2279.8958146630885
13618.32920815113,0.029549954098852582,5420.629813222951,2279.908360232321
13618.373247884352,0.021656171243053596,5420.6526484349815,2279.916889208583
13618.410285528902,0.017383479349211323,5420.671852967009,2279.924062121654
13618.438831911531,0.017553895680245436,5420.686654662055,2279.9295905702566
13618.46737829416,0.020776771234023286,5420.70145635711,2279.935119018697
13618.49681596041,0.025752235680841878,5420.716720195087,2279.9408200778244
13618.524623154384,0.030979493915343097,5420.731138610597,2279.946205370634
13618.578638582085,0.041258764012266795,5420.759146358591,2279.956666292455
13618.661079443951,0.05610338820622142,5420.801893088282,2279.972632237508
13618.761660644937,0.07262682048231986,5420.854045835374,2279.9921113373352
13618.906061892532,0.09393256445025185,5420.928919884321,2280.020076861083
13619.122883703802,0.12213241157795032,5421.041345000059,2280.062067733693
13619.44149555811,0.15805155613487734,5421.206549665564,2280.12377179403
13619.903552479778,0.20256254798803078,5421.446132590068,2280.2132561506605
13620.570382455611,0.2565932857053163,5421.791893188446,2280.342397851922
13621.529369341552,0.32056145717872186,5422.289141208784,2280.5281199993033
13622.900817637923,0.39343374583350654,5423.000256217397,2280.79372114891
13624.84357865769,0.4711679895344064,5424.007604852233,2281.169964779926
13627.549130034802,0.5439976444641822,5425.410470977397,2281.6939324978684
13631.178469890297,0.5921705559641751,5427.292334442806,2282.3968024524775
13636.164915173904,0.5787103607348838,5429.877876291383,2283.3624896872147
13639.65626563657,0.5123463965876603,5431.688190662826,2284.038630267032
13643.147616099235,0.38462831126947317,5433.4985051712765,2284.714768442045
13644.417271686316,0.31552520969455006,5434.156839553103,2284.960650526884
13645.686927273397,0.22590186071621507,5434.815173953032,2285.2065322939384
13646.168371017786,0.18339933325700017,5435.064809356364,2285.299768707281
13646.649814762175,0.1329569923308913,5435.314444762297,2285.3930050749427
13646.869561894671,0.10585153849773093,5435.428386766278,2285.435561276716
13647.06542021592,0.07826913451377218,5435.529942083366,2285.4734911663154
13647.184637211545,0.05917829531908676,5435.5917577864575,2285.496578705966
13647.282883473092,0.041665733911065414,5435.64269986662,2285.5156050553223
13647.347175794965,0.029435390189954263,5435.676036347509,2285.5280558911763
13647.391027127613,0.02159046123614101,5435.698773885553,2285.536548129422
13647.428042637923,0.017361991122406845,5435.717966952759,2285.5437165437083
13647.45619139538,0.017553555057462155,5435.732562482836,2285.5491678247176
13647.484340152838,0.020716853396783422,5435.747158012921,2285.5546191055705
13647.513501595724,0.025628342073858373,5435.762278634779,2285.560266502649
13647.541315245257,0.03085098062406629,5435.776700406669,2285.565652886278
13647.594437491065,0.04096520952849893,5435.80424504482,2285.575940525195
13647.676790960697,0.055817768432906374,5435.846946487319,2285.591889073452
13647.77677807947,0.07227449585474076,5435.8987912272,2285.6112525471217
13647.92002268589,0.09345712578808138,5435.973065588437,2285.6389932486804
13648.135201836069,0.12151650903294405,5436.084639031879,2285.680664761819
13648.451498129223,0.15727811710147024,5436.248643150073,2285.741918566204
13648.910273979076,0.20161360512620102,5436.486524943072,2285.830764865365
13649.572407904707,0.25545296716938387,5436.8298507903155,2285.9589933135803
13650.524719377372,0.3192315320172492,5437.323637826814,2286.143417215423
13651.886808157855,0.3919558173919688,5438.02990024043,2286.4071979627715
13653.816766536362,0.4696626618616268,5439.030611156366,2286.780951141613
13656.505689070947,0.5427314883879444,5440.424855870014,2287.301683089776
13660.116899844214,0.5916466433909895,5442.297320326822,2288.001021497655
13665.064908060902,0.5800579308278047,5444.8629336225695,2288.959236726006
13668.57421252745,0.5149465575853904,5446.682558535281,2289.638834335514
13672.083516993998,0.3884954057423121,5448.502183585623,2290.3184295272436
13673.386443365956,0.3183987883892697,5449.177769762502,2290.570747428719
13674.689369737915,0.22704111851833547,5449.853355958337,2290.823064997168
13675.172638298087,0.1845479500932155,5450.103937711411,2290.91665204885
13675.65590685826,0.13414591257822667,5450.354519467093,2291.010239054729
13675.878914283827,0.10676929609915313,5450.470152051662,2291.0534253728642
13676.077472950432,0.07891993342368883,5450.573107600581,2291.0918770786416
13676.197460197161,0.05977517796708151,5450.635322728754,2291.115113100736
13676.296364422438,0.04220187215902492,5450.686606004558,2291.134266307195
13676.361966010667,0.02973218274094999,5450.7206213799245,2291.146970321156
13676.40629119438,0.02176342214469251,5450.74360463086,2291.1555540725044
13676.443349887708,0.017420593344802546,5450.7628201011075,2291.1627306382634
13676.472635926306,0.017559759502885318,5450.7780053371,2291.168401997825
13676.501921964904,0.020900758192672873,5450.793190573101,2291.1740733572187
13676.532106823066,0.02604047800276546,5450.8088418601,2291.1799187764673
13676.560042446357,0.031304978043881396,5450.823326886187,2291.1853286221735
13676.61628862944,0.04199439255865226,5450.852491348403,2291.19622092108
13676.69900705822,0.05682855408541796,5450.895382054263,2291.212239675396
13676.801096930354,0.07352005761135064,5450.948317134756,2291.2320097852853
13676.948448036932,0.09513778547629514,5451.02472082246,2291.2605449096873
13677.169446118753,0.12369176184902589,5451.13931153634,2291.303342054058
13677.493942005145,0.16000746585542439,5451.307567365461,2291.3661819364165
13677.964341263603,0.20496003009429886,5451.551476213757,2291.457276533943
13678.643108598933,0.25947065720984763,5451.903426940915,2291.5887223220757
13679.619055515623,0.323910800396734,5452.409469608602,2291.777717869657
13681.014262502924,0.3971437852733665,5453.132904737871,2292.047904278062
13682.989471518773,0.4749232899442545,5454.157079397613,2292.430409329198
13685.737017068355,0.5471067460925673,5455.5817218777765,2292.962478357251
13689.411389612897,0.5933394281009363,5457.486937817403,2293.6740274282065
13694.49278918175,0.5750038160098422,5460.121718108849,2294.6580455453027
13698.065120963429,0.5019116332133224,5461.974024765445,2295.3498281520297
13701.030498314953,0.3917381194371951,5463.511616716025,2295.924072044988
13702.496605740289,0.3125911716009874,5464.27181510417,2296.2079824059683
13703.65674921084,0.23093643509921444,5464.873366672553,2296.4326428297572
13704.218551235655,0.18162995438884552,5465.164669346709,2296.5414350392157
13704.67971899087,0.13316259548214543,5465.403791663586,2296.6307395111508
13704.914614405394,0.10408593100729996,5465.525588418733,2296.676226654082
13705.098877857938,0.07799885058627475,5465.621131751318,2296.7119089863645
13705.21831719297,0.058838603439497185,5465.683062817899,2296.735038225121
13705.316157348845,0.04136706791683372,5465.733794389874,2296.753984814843
13705.379771843338,0.029261110878280802,5465.766779448848,2296.7663036589693
13705.423317665076,0.021493879410810806,5465.789358603351,2296.7747362365703
13705.460289697468,0.017331963743625774,5465.808529150583,2296.7818958102594
13705.487930104287,0.017557618170548392,5465.822861111541,2296.7872483297224
13705.515570511106,0.020650617113091446,5465.837193072507,2296.7926008490363
13705.544505457276,0.025505594589110395,5465.85219627134,2296.7982040536062
13705.572357544757,0.030729524838022694,5465.866637991889,2296.803597564224
13705.624629171267,0.04068614944857768,5465.893741605713,2296.8137198777276
13705.706912319138,0.05554831196828034,5465.936406638662,2296.8296538713294
13705.806339325894,0.07194188302676555,5465.9879610168955,2296.848907742692
13705.948495554754,0.09300824728090094,5466.061671130967,2296.8764360521536
13706.162126447598,0.12093461846851693,5466.172441919322,2296.917805300071
13706.47623947977,0.1565468995008726,5466.335314189059,2296.97863272196
13706.931922735752,0.20071598087829326,5466.571592723192,2297.0668749280217
13707.5896298082,0.25437354014216096,5466.91262360984,2297.194238595015
13708.535646653176,0.31797123588420256,5467.403147404511,2297.377432728317
13709.888905445463,0.39055268369699586,5468.104832218913,2297.639488088005
13711.806774884215,0.4682284715165897,5469.099276087227,2298.0108783504525
13714.479964427544,0.541514532434008,5470.485364747331,2298.5285331252626
13718.073873397598,0.5911176634371961,5472.348860291314,2299.2244801368856
13722.985100233976,0.5812670010157172,5474.895405079155,2300.175516753593
13726.575492321546,0.515677015637706,5476.7570774046835,2300.870776792463
13729.79855332778,0.4031152812904455,5478.4282831582705,2301.4949030163057
13731.312545818944,0.3246091972108088,5479.213311144047,2301.7880777866626
13732.575566907242,0.2385437880761299,5479.868206684177,2302.0326532412014
13733.15320864053,0.18916019655819466,5480.167722666799,2302.1445095358936
13733.655529418482,0.1375857985630711,5480.4281835969205,2302.241780399996
13733.896893893889,0.1082839195561599,5480.553334733446,2302.288518905273
13734.095961776859,0.08059109987846651,5480.656554446595,2302.327066969267
13734.21822886726,0.0612596316100982,5480.7199517855,2302.3507431082576
13734.318795651627,0.04353457110549655,5480.7720971870585,2302.370217137538
13734.388008950877,0.030409639141808657,5480.807985331557,2302.383619790411
13734.433217184218,0.022195918586487645,5480.831426485644,2302.3923740360588
13734.470150040514,0.017599182564725698,5480.850576731343,2302.3995258148225
13734.505530580194,0.017801525354650138,5480.868922077366,2302.4063769985264
13734.538702096681,0.02202575034148388,5480.886122011397,2302.4128004207637
13734.578678028209,0.029215418226294032,5480.906850137768,2302.420541468063
13734.615531286378,0.03625922461046362,5480.92595911069,2302.427677832189
13734.697324490578,0.05136488143496504,5480.96837012681,2302.443516487506
13734.788555994799,0.06682722595180371,5481.015675044636,2302.4611827990066
13734.914225251096,0.08608139394464866,5481.080836459069,2302.4855177259087
13735.10429705607,0.11191873292551428,5481.179391571614,2302.522323726711
13735.384996954801,0.14516207188251168,5481.324938725507,2302.57667917549
13735.793546210572,0.18670285637268877,5481.536777711226,2302.6557916745446
13736.383785797865,0.23746904927496848,5481.842825892848,2302.7700870863086
13737.233750803714,0.2981399120425045,5482.283545651514,2302.934676233323
13738.451953486076,0.368296443994979,5482.915202249479,2303.17057151278
13740.184113793326,0.4451312644191346,5483.813353712258,2303.5059901107566
13742.613154879666,0.5211820973241011,5485.0728485131585,2303.9763529600737
13745.926480975104,0.5805601000272682,5486.790858664924,2304.6179481275913
13750.203967789901,0.5949948841960072,5489.008801044331,2305.4462410172773
13755.370037362976,0.5212204228445199,5491.6874874516925,2306.4465944200615
13758.206347395302,0.42909307193455426,5493.158157884482,2306.995812932712
13760.241572811003,0.32948249246525113,5494.213453660764,2307.3899097499143
13761.343070155903,0.25717799572413896,5494.784597046301,2307.6032010711833
13762.140862494476,0.1913990847437065,5495.198264703768,2307.75768353223
13762.572534414301,0.14814577666746354,5495.422093268617,2307.8412713236853
13762.8917574882,0.11046662726145726,5495.587615369509,2307.903084799392
13763.075280116977,0.08538469943685778,5495.68277469138,2307.9386216062126
13763.205278967556,0.06534473182485874,5495.750181106539,2307.963794214887
13763.31060556685,0.04719583797925642,5495.804794577853,2307.984189356412
13763.390917993516,0.03210114621593233,5495.846437813728,2307.999740823633
13763.43759027955,0.023438053666217998,5495.870638116215,2308.0087783102394
13763.473478046408,0.018314038149024138,5495.889246478653,2308.0157275134297
13763.50916349674,0.01728270054544061,5495.907749936855,2308.0226375403863
13763.543254335329,0.02089713769712914,5495.925426564207,2308.0292387911268
13763.571772236064,0.025730891018248842,5495.940213537052,2308.0347609142327
13763.599476325153,0.030937415009991222,5495.954578535972,2308.040125453075
13763.653280577313,0.041177841293798007,5495.982476873378,2308.050543950789
13763.7356977068,0.056024584499393876,5496.025211430542,2308.0665029611337
13763.83611528999,0.07252948920980505,5496.077279501637,2308.0859475245725
13763.98019854882,0.09380117380755593,5496.151988901578,2308.1138473767296
13764.196568977877,0.12196204650865754,5496.26418031863,2308.1557446932215
13764.51454364879,0.15783713830808613,5496.42905510893,2308.217316331869
13764.975695902502,0.20229848608785994,5496.668169694804,2308.3066124031875
13765.641228671751,0.2562742057782157,5497.013258747542,2308.435484001991
13766.598367340823,0.3201861836967806,5497.509549986046,2308.6208210679206
13767.967215793256,0.3930109514449511,5498.219319147446,2308.885879904025
13769.906401852997,0.47072622329252456,5499.224817242645,2309.261376220938
13772.607262179119,0.5436025796223201,5500.625255345421,2309.7843589201225
13776.231317639325,0.5919486862655916,5502.504384615033,2310.4861028484193
13781.207318462386,0.5789474333366947,5505.084518871599,2311.4496265729476
13784.696805377886,0.5130404139994234,5506.893872577938,2312.125307584463
13788.186292293385,0.3860267401382331,5508.70322641729,2312.8009862515114
13789.468964222468,0.3165087907988652,5509.368312016497,2313.0493528523643
13790.75163615155,0.22616213833171606,5510.033397633663,2313.2977191366817
13791.232996890049,0.18371138172735207,5510.282990770091,2313.390925880018
13791.714357628547,0.13334894370025455,5510.532583909047,2313.484132578788
13791.935235810295,0.10614706665556098,5510.647112732666,2313.5269015820004
13792.131942962413,0.07848209697380197,5510.74910849635,2313.5649903013546
13792.25141379141,0.059373522542459437,5510.811056007414,2313.58812362474
13792.349874110267,0.04184138609174431,5510.862109237369,2313.607188648138
13792.414586593119,0.029534199117741133,5510.895663681555,2313.6197190249854
13792.458600324273,0.021647204831814416,5510.918485496173,2313.628241470482
13792.495635814947,0.01738051285983542,5510.937688982926,2313.635412708405
13792.524124222417,0.01755367932841676,5510.952460672079,2313.6409289615353
13792.552612629886,0.020767555128032068,5510.96723236124,2313.64644521451
13792.582004214048,0.025732474453576844,5510.9824723617885,2313.652136350775
13792.609811009836,0.030958689649698144,5510.996890624547,2313.6575206219522
13792.663682773935,0.04121134538108026,5511.024823985032,2313.6679518912406
13792.746108761521,0.05605696218196955,5511.067563161414,2313.683912155937
13792.846594262348,0.07256947698245972,5511.11966648074,2313.703369308865
13792.99080902395,0.09385509700946626,5511.194444112665,2313.7312938184405
13793.207366360164,0.12203186264152228,5511.306732512686,2313.7732261162046
13793.525604267703,0.15792471184536008,5511.471743896225,2313.8348469478456
13793.987129299752,0.20240575172087288,5511.711051919866,2313.9242126224385
13794.653195197787,0.256402786914105,5512.056417619439,2314.053183730935
13795.611090942868,0.32033557994405415,5512.55310171743,2314.2386620399875
13796.98099932496,0.3931759351739523,5513.26342090324,2314.5039184606812
13798.921631749892,0.47089225493863446,5514.269669576521,2314.8796840024775
13801.624361588289,0.5437379898320056,5515.671077907037,2315.403013608893
13805.250420458671,0.5919942278232042,5517.551247124591,2316.1051252224033
13810.230779733436,0.5787700293726585,5520.133642882872,2317.0694651024933
13813.72027361725,0.5126559981173661,5521.943001306024,2317.745128004792
13817.209767501063,0.38533657102847163,5523.752359861438,2318.420788573923
13818.486207487853,0.3160170478420008,5524.414214503604,2318.6679413599068
13819.762647474643,0.22601387258251504,5525.076069163453,2318.915093833934
13820.243956713033,0.1835445672878034,5525.325635748183,2319.0082879260226
13820.725265951423,0.13315183047316229,5525.575202335427,2319.1014819737684
13820.945585492496,0.10599751128165753,5525.689441564569,2319.1441415802583
13821.141862748542,0.07837469479214927,5525.791214482293,2319.182145965802
13821.261205553436,0.05927523912790754,5525.8530956484965,2319.205253835522
13821.359558083892,0.04175307646588335,5525.904093019499,2319.224297440353
13821.42405869982,0.029484687211539025,5525.937537627692,2319.236786434145
13821.467991368883,0.021618741069206453,5525.960317424199,2319.245292938988
13821.50501773787,0.017371149156048843,5525.979516192897,2319.252462204621
13821.533331116205,0.017553372458219897,5525.994197135612,2319.257944409041
13821.561644494539,0.020740806417706495,5526.008878078336,2319.263426613307
13821.590909301438,0.025676535789611085,5526.024052352105,2319.269093038655
13821.618717374891,0.030900361524736734,5526.038471286127,2319.2744774024877
13821.672184129306,0.04107819657816885,5526.066194659564,2319.2848299516368
13821.754569772369,0.05592728563675566,5526.108912942667,2319.3007819459376
13821.854785611367,0.07240952369827497,5526.160876469694,2319.320186326226
13821.998475192711,0.09363924363750946,5526.235381832692,2319.3480083448985
13822.214286855351,0.12175224508988099,5526.347283657266,2319.389795056119
13822.531473594814,0.15757355857045183,5526.511750093604,2319.4512105840477
13822.991508959436,0.20197485889485542,5526.750285846239,2319.540285253381
13823.655442591333,0.2558848860249512,5527.09454614148,2319.6688397959847
13824.610307074907,0.31973137110460764,5527.5896587834695,2319.853725849164
13825.975964890027,0.3925041316160166,5528.297774413416,2320.1181516377396
13827.910782099076,0.47020731398672894,5529.301008414569,2320.4927804260146
13830.60595657848,0.5431604314253509,5530.698500019924,2321.014632121953
13834.223773259757,0.5917515820218804,5532.574396669146,2321.7151277316916
13839.186732016511,0.5793736167772523,5535.147771540102,2322.6760708688826
13842.679757452755,0.513943016113296,5536.958962225749,2323.3523982372367
13846.172782889,0.38750829496018147,5538.770153043183,2324.0287232789233
13847.468604135944,0.3175887140491203,5539.442057586492,2324.2796216216507
13848.764425382888,0.22653987636887865,5540.113962147924,2324.530519644421
13849.246193188812,0.1841114749544331,5540.363766658463,2324.6237998592005
13849.727960994736,0.13378986656608177,5540.613571171507,2324.717080029766
13849.950071002531,0.10648464378742589,5540.7287388561535,2324.760085087354
13850.147763076622,0.07872287210552845,5540.831245441838,2324.7983623237556
13850.267519553252,0.05959430449005703,5540.893341141072,2324.8215496279095
13850.366223261759,0.0420397487002516,5540.944520634515,2324.840660683351
13850.431420894593,0.029643902836271885,5540.978326677656,2324.8532842766704
13850.475609400326,0.021711218425048605,5541.00123914346,2324.861840073431
13850.512660840217,0.017402225686255133,5541.02045092345,2324.869013988263
13850.541571307798,0.017556057658539247,5541.0354414756275,2324.8746116445504
13850.57048177538,0.0208359244481012,5541.050432027814,2324.880209300679
13850.600249677143,0.025884902708530836,5541.065867173715,2324.8859729733854
13850.628090393022,0.0311245025836187,5541.080303042094,2324.891363503459
13850.683105934308,0.04158789241421993,5541.108829503733,2324.9020156332044
13850.76566107504,0.05642603786766186,5541.151635700012,2324.917999989446
13850.86691467409,0.07302437312702834,5541.204137354113,2324.9376047461847
13851.012628250952,0.09446887757421972,5541.279692237118,2324.965817855721
13851.2313106036,0.12282636978039782,5541.393082629338,2325.008159195466
13851.552542777084,0.15892161943420907,5541.55964678922,2325.070356244375
13852.018311477907,0.2036279122496054,5541.801155515275,2325.1605384547693
13852.690449649655,0.25786983118520856,5542.149670207711,2325.29067788234
13853.656973217583,0.32204371556396355,5542.650828576489,2325.4778160747815
13855.038969903304,0.3950688963077284,5543.367416608653,2325.7453978200783
13856.9961169917,0.4728100543787335,5544.382229628019,2326.1243393760133
13859.720238152606,0.5453294695247406,5545.794731412487,2326.651780743866
13863.369346205904,0.5926006536135318,5547.686854293054,2327.358314853906
13868.398621569888,0.5769038166613151,5550.294616986416,2328.332070470209
13871.920457286025,0.5076395669470115,5552.120747381342,2329.0139565630484
13875.008787003242,0.3955893254575331,5553.722097815269,2329.6119067322256
13876.475162229248,0.3176254519633533,5554.482437846999,2329.8958198627492
13877.685680817425,0.2334967797484418,5555.110111958591,2330.1301948476007
13878.246105863196,0.18480116412380393,5555.4007017129325,2330.238701647082
13878.727438177086,0.13468023375446658,5555.650280566363,2330.3318948450374
13878.962405137441,0.10580857616176532,5555.77211486525,2330.3773879776168
13879.153478327584,0.07894482540223807,5555.871189510572,2330.414382609311
13879.27388144888,0.059733126981894466,5555.933620543245,2330.437694453556
13879.372712493361,0.04216933356752839,5555.984866093315,2330.4568296191856
13879.438244217083,0.02971243761403122,5556.018845388509,2330.46951753818
13879.482532046402,0.021752883018352362,5556.0418093690405,2330.478092321944
13879.519590060341,0.017416856651021297,5556.061024569343,2330.4852673054215
13879.54879691745,0.017558862279162608,5556.07616881347,2330.49092218781
13879.578003774559,0.020886711098562473,5556.0913130576055,2330.496577070038
13879.608094117679,0.026005952113846337,5556.106915404031,2330.5024030081363
13879.63600383598,0.03126398274197831,5556.121387060007,2330.5078067446743
13879.69197208247,0.041902331907503046,5556.150407532401,2330.518643029113
13879.774651637374,0.056736936477558494,5556.193278265265,2330.5346510188137
13879.876552006477,0.07340719601564645,5556.246115312053,2330.5543804418094
13880.023531536362,0.09498540155335658,5556.322326658349,2330.582837855546
13880.244004810509,0.12349447229516534,5556.43664574157,2330.6255247389295
13880.567759989515,0.15975941212363817,5556.604518222277,2330.6882085083957
13881.03710631303,0.2046546501635074,5556.847882150931,2330.7790808317795
13881.714363633886,0.2591017725900672,5557.199051417654,2330.9102076962304
13882.688159459283,0.3234771715930451,5557.703980875409,2331.0987485744404
13884.080341697185,0.39665567706004873,5558.425850718487,2331.368294767918
13886.05139478618,0.4744141397570614,5559.447874843462,2331.749917926816
13888.793498605019,0.5466531839414941,5560.869701788715,2332.280825955588
13892.461814565735,0.593087983248071,5562.771785431911,2332.991058836423
13897.531501362228,0.575290316558954,5565.400503705922,2333.972610843355
13901.093455047434,0.5029694728802954,5567.247437047621,2334.6622447794407
13904.082364253172,0.3924307685847911,5568.797237221257,2335.2409290680193
13905.548102219867,0.31353561064713314,5569.557247279474,2335.5247107529126
13906.717928062719,0.23139896380761737,5570.1638218864255,2335.751200568844
13907.279269419543,0.18222666543178198,5570.454886937713,2335.8598816978365
13907.74430581163,0.13343877417245167,5570.696016227577,2335.949917206933
13907.979153488539,0.10440848903832964,5570.817788748892,2335.9953859558314
13908.164709895747,0.0781729276629398,5570.914002907562,2336.0313114376963
13908.284323985372,0.059003893629046456,5570.976024851226,2336.054469857463
13908.382345704187,0.04151563715280629,5571.0268507828105,2336.073447787882
13908.446301144993,0.02934717204543494,5571.060012768783,2336.0858301642
13908.489995472642,0.021541976589386967,5571.082669022324,2336.0942897975433
13908.526991707273,0.017346703134495555,5571.101852200498,2336.1014526167146
13908.554872258008,0.017554905132004313,5571.116308741226,2336.106850553532
13908.582752808743,0.02067998682719007,5571.130765281961,2336.112248490202
13908.611777383237,0.025558007975522375,5571.1458150185235,2336.1178679204686
13908.639610230917,0.0307808134475957,5571.16024682443,2336.1232566210806
13908.692242542671,0.04080419252331573,5571.187537575163,2336.1334467303604
13908.774554068985,0.05566185925631262,5571.230217504572,2336.1493830129416
13908.874218205743,0.07208196062392343,5571.2818950583705,2336.1686789217515
13909.01683483978,0.09319717409841251,5571.355844214367,2336.1962908324144
13909.231121300978,0.1211793019420436,5571.466955397942,2336.237778682931
13909.546157422881,0.1568536773503188,5571.630306999197,2336.298772588426
13910.00314567702,0.20109113447368268,5571.8672632034895,2336.387249705702
13910.662717280886,0.2548221088979025,5572.209262333862,2336.514948748042
13911.611379169806,0.3184903992232843,5572.701159717695,2336.69861814669
13912.968336068221,0.39112231416654936,5573.404765050553,2336.9613368040546
13914.891241400375,0.46879454700017525,5574.40182434806,2337.3336274060453
13917.570915943887,0.541960880100078,5575.791281488525,2337.85243371337
13921.171712559548,0.591227824674945,5577.658356318058,2338.5495744515065
13926.098700000664,0.580560733264873,5580.213084069512,2339.5034715444476
13929.641353099434,0.5154194305740536,5582.0500108080105,2340.1893496047414
13933.184006198204,0.38784580316477624,5583.886937679807,2340.875225305959
13934.477722873558,0.31814899508921296,5584.5577521730265,2341.1256948621963
13935.771439548913,0.227469933035302,5585.228566684009,2341.3761641040696
13936.25751141125,0.18478310772893827,5585.480603370855,2341.4702696745426
13936.743583273586,0.1341114531583753,5585.732640060208,2341.564375200651
13936.966278101132,0.106772302471937,5585.848111190769,2341.6074898269617
13937.164954082305,0.07890654182748268,5585.95112813334,2341.645954298856
13937.284915497674,0.05976502199282954,5586.013330208321,2341.6691793094974
13937.383809410316,0.04219289568863801,5586.0646084177715,2341.688325565172
13937.449389523139,0.029727291236740064,5586.098612844099,2341.701022135402
13937.493706677842,0.021760695082138307,5586.1215920577515,2341.7096021120574
13937.530765787407,0.017419646488389857,5586.140807849082,2341.716776902148
13937.560029604907,0.01755948819364064,5586.1559816462295,2341.722442492701
13937.589293422407,0.020896661968849466,5586.171155443386,2341.728108083093
13937.619450801341,0.02603036141923653,5586.1867925676615,2341.7339466703315
13937.647379520798,0.03129304373850145,5586.201274093333,2341.7393537801736
13937.703545296632,0.04196757646362294,5586.230397022746,2341.750227694653
13937.786252568389,0.05680171397288249,5586.273282178429,2341.7662401457583
13937.888287880704,0.07348689365004858,5586.326189258656,2341.7859945792975
13938.03553195335,0.09509290472774701,5586.402537865892,2341.8145016013236
13938.256379097806,0.12363340892240393,5586.5170509437485,2341.85725845513
13938.580660643123,0.1599334296049609,5586.6851965547985,2341.920040588878
13939.050753093583,0.20486757866888744,5586.928947653547,2342.0110522303357
13939.729077323125,0.2593566733463068,5587.280670549839,2342.142378243223
13940.704387381737,0.32377272535071033,5587.786385766038,2342.331201630475
13942.098687505822,0.39698091824821874,5588.50935463071,2342.6011426278574
13944.072625328832,0.4747391792373675,5589.532875758834,2342.9833027281593
13946.818441338726,0.5469134474414054,5590.956629234135,2343.5148994740744
13950.490646854643,0.5931639144772743,5592.860731944938,2344.2258453025906
13955.568675016548,0.5749093117923466,5595.493778491386,2345.208956852802
13959.138315309707,0.5019435390957646,5597.344699670756,2345.900040048835
13962.10601095308,0.39174327465541425,5598.883502080756,2346.4745848052144
13963.571532555747,0.3126522534424975,5599.643400853024,2346.7583086268974
13964.73265775568,0.2309479922807745,5600.245464743353,2346.983101261014
13965.294196792865,0.18167292670723809,5600.5366326408775,2347.091814545654
13965.755758212754,0.13317171116449503,5600.775960382506,2347.1811722392763
13965.990572969044,0.10410818949661999,5600.8977159784035,2347.2266320569615
13966.174957938525,0.0780066912651379,5600.993322840103,2347.262328729237
13966.294401676982,0.058847060705831324,5601.055256527274,2347.2854528665994
13966.392251642596,0.04137486981010087,5601.105993462099,2347.3043964783596
13966.455885114085,0.02926558605996691,5601.1389885406425,2347.3167158254064
13966.499438104627,0.021496558018026222,5601.161571535279,2347.3251476202636
13966.53641219793,0.017332806996777715,5601.180743255544,2347.3323057500215
13966.564063964179,0.017557424538926697,5601.195081184629,2347.3376590908883
13966.591715730428,0.020651733408429858,5601.209419113721,2347.343012431612
13966.620654219576,0.025507534394212217,5601.224424231367,2347.3486148798174
13966.648506590682,0.03073154416968562,5601.238866177637,2347.3540070570475
13966.70079309016,0.04069079030016944,5601.265977650978,2347.364129644454
13966.783077456705,0.055552565617759064,5601.308643548203,2347.3800597726286
13966.882514600682,0.07194701867429026,5601.360203463548,2347.3993106507296
13967.024690291095,0.09301504090358334,5601.4339240702175,2347.426835642463
13967.238349292966,0.12094312841814536,5601.544710036862,2347.46819968461
13967.552500378508,0.15655676500705806,5601.707602924903,2347.529018818464
13968.00823483723,0.20072644456397823,5601.943909295179,2347.6172482279007
13968.666011281812,0.25438319374213997,5602.284978009331,2347.744592550808
13969.61211973722,0.3179772941214724,5602.775551975997,2347.9277572847154
13970.96549293756,0.39054986740563546,5603.477299932049,2348.189767380699
13972.883487870102,0.468207129312849,5604.471814281849,2348.5610864252853
13975.55676117049,0.5414575977170865,5605.857953909771,2349.078624336521
13979.15047680035,0.5909972108428436,5607.721359331956,2349.7743550965847
13984.062524059418,0.5810229472726114,5610.268343353234,2350.7253063485055
13987.64343389451,0.5155393234527748,5612.125109063269,2351.418552279439
13991.2243437296,0.38624514206497057,5613.981874907987,2352.1117958229433
13992.499455709496,0.31725576014347295,5614.643043325479,2352.358649590506
13993.774567689392,0.22779116200117616,5615.304211760036,2352.6055030555785
13994.263849970434,0.18485247773528604,5615.55791340404,2352.700224872953
13994.753132251475,0.13382526161278038,5615.811615050556,2352.7949466458017
13994.974754676508,0.10658906793073587,5615.926530257418,2352.837851248415
13995.173020203125,0.07875711562305396,5616.029334493488,2352.8762341057204
13995.292792681934,0.05963006654590976,5616.0914386748655,2352.899421239356
13995.391537747668,0.042071670920403814,5616.142639765024,2352.9185376074697
13995.456814566422,0.029661448281711453,5616.176486968051,2352.9311747513
13995.501030436706,0.02172161518466079,5616.199413691025,2352.93973463969
13995.538084154738,0.017405855699858783,5616.218626709421,2352.9469079843816
13995.56706596369,0.01755665028016633,5616.233654297974,2352.9525186628744
13995.596047772644,0.020847873519313394,5616.248681886535,2352.958129341211
13995.625888660852,0.025912817506252687,5616.264154923133,2352.9639063312034
13995.653742459466,0.03115611169331045,5616.278597618088,2352.9692986342156
13995.708974880501,0.04165931078805609,5616.30723662063,2352.979991248985
13995.791557139031,0.05649636239237652,5616.350057005304,2352.9959786021054
13995.892957659526,0.07311094609416292,5616.402634996983,2353.0156090386354
13996.038958304633,0.0945856150779477,5616.4783389547665,2353.0438737461786
13996.258047317813,0.12297726825951584,5616.591940545045,2353.086287845056
13996.579851700833,0.15911050867664098,5616.758801901255,2353.1485869041344
13997.046430464015,0.20385868988606287,5617.000731377459,2353.2389132280196
13997.719725986075,0.2581454565601848,5617.349847213224,2353.369258372099
13998.687890613983,0.32236215026535964,5617.851857991207,2353.556687895002
14000.072179653325,0.39541720303197947,5618.56963678015,2353.8246757286383
14002.032442920197,0.4731540258930666,5619.586068609968,2354.204167184677
14004.760559309998,0.5455960278188368,5621.000646188508,2354.7323077411334
14008.413810870712,0.5926550294728054,5622.89492316978,2355.4395445788728
14013.452338298455,0.5764409764267874,5625.507490961519,2356.414954375848
14016.983643418122,0.5064289494463317,5627.338536827123,2357.098577820102
14020.046789106227,0.3947529925097356,5628.926833626863,2357.6915686622506
14021.512618819934,0.3165741737280385,5629.686893051538,2357.975336331712
14022.712865060572,0.23294212508175985,5630.309242621257,2358.207689817957
14023.27334697557,0.18414051195636014,5630.599862723203,2358.3161924009064
14023.750560406566,0.1343534975635198,5630.847306599095,2358.4085751572566
14023.985441939527,0.10544791136983679,5630.969096962761,2358.4540453696063
14024.175109239137,0.07874331183445309,5631.067442921265,2358.4907626480144
14024.295304065776,0.059543286321125564,5631.129766134038,2358.514030898621
14024.393923007414,0.04199941659878275,5631.180901856503,2358.533122319381
14024.459033228513,0.029619549565253898,5631.2146626954045,2358.545726860749
14024.503176168575,0.02169813266188534,5631.237551616138,2358.554272392858
14024.540225500896,0.01739772974705827,5631.256762371702,2358.561444689181
14024.569044908705,0.017555361754592727,5631.271705761087,2358.5670237728837
14024.597864316514,0.020820633288708514,5631.28664915048,2358.5726028564327
14024.627542217328,0.02584969623718764,5631.302037684187,2358.578348133527
14024.655370908615,0.031085389111198392,5631.316467368983,2358.583735426221
14024.71011803779,0.04149930403029627,5631.344854755582,2358.5943337973176
14024.792641026204,0.0563387774364436,5631.387644432666,2358.610309232213
14024.893713854328,0.07291679584321992,5631.440052540619,2358.6298756860538
14025.039073989103,0.09432363045563678,5631.515424426373,2358.658015613323
14025.25725601008,0.12263823052181072,5631.628555791065,2358.70025295126
14025.577782288763,0.15868510716625137,5631.794754524402,2358.762302854383
14026.042548729904,0.20333700612555455,5632.035744419967,2358.8522758261547
14026.713250402658,0.25751892477887356,5632.383515501547,2358.982115213392
14027.677728791801,0.3216320887392502,5632.8836151907135,2359.1688259229295
14029.05685181367,0.3946071168677233,5633.598715724401,2359.4358062436427
14031.01005495932,0.4723313285354512,5634.6114873455535,2359.8139204249196
14033.729021660263,0.5449091040529176,5636.021321467997,2360.3402750833957
14037.372412486415,0.592382270707816,5637.910486581492,2361.0455834310487
14042.390292244205,0.5772137680725228,5640.512349696936,2362.0169691619994
14045.901557409845,0.5087113274914048,5642.333005540645,2362.6966943005896
14049.013813213274,0.39632960411719076,5643.94676776715,2363.2991756664564
14050.480330919832,0.318594035071859,5644.707184370833,2363.583068675408
14051.70061542272,0.23399843827666963,5645.3399245130195,2363.819294801215
14052.260854782997,0.1854149953216041,5645.630419014881,2363.9277474293885
14052.746107923753,0.13497722466173437,5645.88203177341,2364.021683978644
14052.981105498235,0.10614361964985065,5646.003882377606,2364.0671753970623
14053.173513211137,0.07912898299274548,5646.103649348483,2364.1044221559437
14053.294103804876,0.05990757477191343,5646.1661778101,2364.127766376566
14053.393131170364,0.042325614217104054,5646.217525337662,2364.146936332981
14053.459059479528,0.029796515872188647,5646.251710390054,2364.1596988931865
14053.503473519617,0.021803459501056322,5646.2747398945,2364.1682966691346
14053.540535674587,0.017435182377851594,5646.293957310022,2364.1754712493257
14053.570123712307,0.017563543280974536,5646.309299256981,2364.181198971925
14053.599711750026,0.020954654660044664,5646.324641203948,2364.1869266943627
14053.630281342219,0.026176637996715452,5646.340492105145,2364.192844428271
14053.658358297023,0.031473655134735254,5646.35505052758,2364.198279631391
14053.715744007226,0.042371259718612185,5646.3848060839555,2364.2093884920437
14053.79863607854,0.057204828841421224,5646.427787162273,2364.2254349329546
14053.901509683456,0.07398258010494865,5646.481129036928,2364.2453494440842
14054.050401300032,0.09576164369802541,5646.558332105442,2364.274172225231
14054.273572885331,0.1244974544224787,5646.674050717749,2364.3173742857
14054.60112793296,0.16101583405100559,5646.843894095094,2364.3807831163917
14055.075864131897,0.20619293419374,5647.090053635623,2364.4726835648557
14055.760831417141,0.2609450134876987,5647.445221904961,2364.60528092338
14056.745573886335,0.32561747383580075,5647.955829187822,2364.7959092196093
14058.15307422601,0.3990166354514485,5648.685644305718,2365.0683754682914
14060.14500733106,0.4767846622418996,5649.718498723095,2365.45397655727
14062.914015110617,0.5485750388075211,5651.154280901533,2365.9900035939377
14066.61059358096,0.5937119476584635,5653.071025906973,2366.7055884083848
14071.739757391024,0.5726717356972405,5655.730593412283,2367.6984893804834
14075.340255293855,0.49622889495748085,5657.597519175061,2368.3954690824503
14078.193798071447,0.3878414480057949,5659.077134776271,2368.9478524924566
14079.655519602367,0.30778203381883806,5659.835064915494,2369.2308092011904
14080.76983551216,0.22840724117696493,5660.412858713038,2369.4465156615893
14081.331593115729,0.1786313003975688,5660.704140621182,2369.5552591938313
14081.774528389287,0.13166790610561907,5660.9338109133805,2369.6410013768923
14082.00882664557,0.10245897500541752,5661.05529897847,2369.6863561696505
14082.186922935585,0.07707737591632804,5661.147645264378,2369.720831538248
14082.305406595911,0.057971820062007476,5661.209081277466,2369.743767261886
14082.402379577656,0.040575100874150914,5661.259363598015,2369.7625390087805
14082.464283505373,0.028785535185547932,5661.291461952481,2369.7745221896066
14082.50695281912,0.021239341276986706,5661.313586796726,2369.7827819898466
14082.543752473499,0.01726108318655548,5661.332668111857,2369.789905558424
14082.570459869345,0.017593533790993484,5661.346516400527,2369.7950754972
14082.59716726519,0.020590934582501493,5661.360364689203,2369.800245435845
14082.626089715794,0.025429500537210315,5661.3753615255755,2369.8058441580874
14082.654000500708,0.030660669133068988,5661.389833794208,2369.811247044939
14082.705772491729,0.040524327805662286,5661.416678548469,2369.821268912826
14082.788020322594,0.0553926508877563,5661.459325600812,2369.8371902020467
14082.88712573504,0.07174953270546229,5661.510713627406,2369.8563747298667
14083.028657250254,0.09274845778309607,5661.584100389093,2369.883771972002
14083.241398992379,0.12059731448502664,5661.694410997734,2369.9249538673184
14083.554255904743,0.1561218112889909,5661.856633212595,2369.9855157358024
14084.008157075368,0.20019194235718893,5662.091989539652,2370.0733804814254
14084.663308211837,0.2537394666876652,5662.431697777539,2370.2002024890617
14085.60568138238,0.3172239771175817,5662.920336072524,2370.382623857817
14086.953809903103,0.38970798615266866,5663.619366199208,2370.643589673807
14088.864613263882,0.46734043751568627,5664.61015390089,2371.013475468568
14091.52849701508,0.5407091891478032,5665.991428098706,2371.5291384858115
14095.11176437946,0.590640238823391,5667.849420234837,2372.2227697309413
14100.001831715228,0.5816644021560756,5670.385013171369,2373.1693610873535
14103.654079085489,0.515282467519685,5672.278773069319,2373.876339459982
14106.853155281986,0.40361766209456695,5673.937555185766,2374.49559389201
14108.385182788217,0.32422476802604083,5674.731940749662,2374.7921522256447
14109.637620392858,0.2388847289678628,5675.3813536199805,2375.034589335822
14110.222488709283,0.18889615144726504,5675.684619042249,2375.1478034880597
14110.720465536766,0.13776266115462504,5675.942829566301,2375.244197828451
14110.964241381032,0.1081740606936689,5676.069232012132,2375.291385974963
14111.16213497503,0.08064152231845118,5676.171843632575,2375.3296926004255
14111.284515778305,0.061297597282616814,5676.235300424284,2375.353382073098
14111.385122866783,0.04356959397170291,5676.287467127731,2375.3728567665057
14111.454440697302,0.030426017002099365,5676.323409751349,2375.386274741415
14111.499664265837,0.022207608783013418,5676.346859038382,2375.3950287469947
14111.536590040712,0.017604736609550857,5676.366005760383,2375.4021765338075
14111.57195930535,0.017794456049736,5676.384345402007,2375.4090230239785
14111.605240100966,0.02202883540118815,5676.401602132426,2375.415465245353
14111.645330429603,0.029240575782596995,5676.42238973625,2375.423225599587
14111.682247858493,0.036296630111185765,5676.441532130753,2375.4303717698713
14111.7640640055,0.0514034383404585,5676.483955371257,2375.4462090614534
14111.855360928917,0.0668726060103731,5676.5312945761425,2375.463881561707
14111.981179695396,0.0861432399099036,5676.596534018553,2375.4882365111594
14112.17146365608,0.1119991224110178,5676.695199900288,2375.5250700907864
14112.452466140732,0.14526324628001766,5676.840905076634,2375.5794641924113
14112.861436974421,0.18682585829443396,5677.05296429712,2375.6586293068535
14113.452275291014,0.23761452282537127,5677.359325298364,2375.7729987363127
14114.303085760499,0.2983053880829541,5677.800486854235,2375.9376912404127
14115.52246444657,0.3684727290198619,5678.432758116344,2376.173727749848
14117.25621530914,0.4452962163015322,5679.3317412547085,2376.5093313956418
14119.687286249631,0.521290005274859,5680.592298305201,2376.9799149659393
14123.002776923475,0.5805257853577077,5682.311444099075,2377.621694353314
14127.287603874716,0.5946645801877508,5684.533209595616,2378.4511051570485
14132.437259070764,0.5207321489663749,5687.203405481783,2379.447915707786
14135.270147770176,0.42852856206315504,5688.672313216026,2379.996271403051
14137.299180957145,0.3290778333291754,5689.724406326747,2380.3890257545695
14138.399141106429,0.25679475390206746,5690.29475704265,2380.601941690794
14139.194437756081,0.1911595533508362,5690.70713382034,2380.7558847043115
14139.625605809999,0.1479221677930887,5690.93070284322,2380.8393444691455
14139.943877791233,0.11032772982831256,5691.095733057619,2380.9009512953594
14140.127155526197,0.08526394380116734,5691.190766129421,2380.93642773556
14140.25681199919,0.06526614709123323,5691.257995533733,2380.961524888994
14140.362055810854,0.04712394834366658,5691.312566498212,2380.981896566067
14140.442155856119,0.032066407917375264,5691.354099930569,2380.997401250741
14140.488792799699,0.02341303694712683,5691.378282093483,2381.0064285997146
14140.524691194205,0.018298680763589585,5691.396896109719,2381.0133773252824
14140.560341847087,0.01728855547612332,5691.415381667114,2381.020278096146
14140.594486105858,0.020923363379677717,5691.433086129855,2381.02688727941
14140.623112947642,0.025782451732298685,5691.447929704509,2381.0324284756425
14140.650837697913,0.030995200463072387,5691.462305527164,2381.037795057078
14140.705031559635,0.04130729571280395,5691.490406099328,2381.048285169999
14140.787489974058,0.05615064992774772,5691.533162392282,2381.064246350761
14140.888171722396,0.07268478773725853,5691.5853678386875,2381.0837349555063
14141.032769331647,0.09401052477881341,5691.660344514033,2381.1117241926436
14141.249870249392,0.12223272586629914,5691.7729155666875,2381.1537476262947
14141.568872207934,0.1581757560994914,5691.938324293811,2381.2154956576132
14142.03147655137,0.20271149346726894,5692.178193655579,2381.305040239551
14142.699081952278,0.25676617265315793,5692.524360062102,2381.434266036248
14143.65915641696,0.3207522336290829,5693.022177383982,2381.620103797178
14145.03209995719,0.39362580903742467,5693.734075384726,2381.8858586773435
14146.976840436417,0.47132501704352536,5694.742461282404,2382.262293289642
14149.684792836752,0.5440482951678933,5696.146587522427,2382.7864582362886
14153.316122853275,0.5919895879458342,5698.029503218866,2383.489354732033
14158.309184055834,0.578019180480784,5700.618503410102,2384.4558301110733
14161.801927124274,0.5111047356852202,5702.429559365095,2385.131895683713
14165.294670192714,0.38246696450985107,5704.24061544405,2385.807959048537
14166.54524075875,0.31399792628573203,5704.889060945658,2386.050021821048
14167.795811324788,0.225449304121254,5705.537506463144,2386.2920843107268
14168.277164012497,0.18288953299153832,5705.787097335059,2386.3852556509983
14168.758516700207,0.13235150938384474,5706.036688209326,2386.478426949379
14168.976561620488,0.10539293229966433,5706.149748807188,2386.520632014835
14169.171119639383,0.07793907895574761,5706.250630983189,2386.5582909170907
14169.289941863755,0.058877381028285124,5706.312242653871,2386.5812902974512
14169.387861678342,0.04139548642728027,5706.363016012258,2386.6002437789607
14169.451530391232,0.0292799321025708,5706.396029497795,2386.612567573552
14169.495114894256,0.021503572438571962,5706.418628923737,2386.6210038432887
14169.532092296948,0.017335001116054793,5706.437802437631,2386.628161234332
14169.559777597848,0.01755694380070457,5706.452157813163,2386.6335200346866
14169.587462898748,0.020655513685623458,5706.466513188701,2386.6388788349036
14169.616412257481,0.02551410436886341,5706.481524003211,2386.644482307531
14169.644262691336,0.030738014479540363,5706.495965003466,2386.649873070796
14169.69659520918,0.04070568264605251,5706.523100448036,2386.6600026151214
14169.778883208945,0.05556673109503,5706.565768401945,2386.6759303771137
14169.878350844541,0.07196440847107041,5706.617344336599,2386.6951834479837
14170.020585610595,0.09303839873386083,5706.691095873698,2386.7227145711036
14170.234328976192,0.12097316098046453,5706.8019260332285,2386.76408697322
14170.548597742483,0.15659382032751856,5706.964880600664,2386.824917168019
14171.004496662943,0.20077056983719258,5707.201273204407,2386.9131614135313
14171.662505291219,0.25443383161723343,5707.5424636912385,2387.040526147561
14172.608938084792,0.3180321013434685,5708.033207819482,2387.2237183817942
14173.962754597429,0.3906029690285884,5708.73518848177,2387.485763829864
14175.881330686707,0.4682461145328163,5709.730008196493,2387.8571238765726
14178.555294468313,0.5414585190178098,5711.116511458287,2388.374695837021
14182.149533352831,0.5909183293349933,5712.980195729711,2389.0703940519106
14187.063717987994,0.5807730539981794,5715.528298308923,2390.0215762173357
14190.632901530013,0.5154133279977715,5717.378991194257,2390.7124192710635
14194.202085072031,0.38664515677470984,5719.229684208337,2391.403260029988
14195.482297334886,0.31746417360871665,5719.893499889272,2391.6510536236524
14196.76250959774,0.22766471659568918,5720.557315586757,2391.898846922299
14197.25077011028,0.18480528236520638,5720.810488445409,2391.9933527999847
14197.73903062282,0.13388835275353905,5721.063661306467,2392.087858634769
14197.96092077274,0.10662628988514795,5721.178715796932,2392.1308068281774
14198.159263099986,0.07878920283267593,5721.28156026975,2392.1691971892214
14198.27907656776,0.059659356091358196,5721.3436859548665,2392.192387809547
14198.377854132315,0.04209821390393642,5721.394904102537,2392.2115068018115
14198.443198184508,0.02967585217047417,5721.428786303773,2392.2241545355223
14198.48743582786,0.021730305047905303,5721.451724408858,2392.2327169966156
14198.524491550379,0.017408918654543373,5721.470938544003,2392.239889353603
14198.55353322599,0.017557180780379662,5721.485997235141,2392.2455105436493
14198.5825749016,0.020857935950827848,5721.501055926289,2392.251131733544
14198.61247893414,0.025936600167446908,5721.516561766805,2392.2569198376177
14198.640345935682,0.031183397257809598,5721.53101136591,2392.262313662033
14198.695765453578,0.041720856877184166,5721.5597474972665,2392.273040439963
14198.778371883862,0.056556997713562006,5721.602580587933,2392.2890294057656
14198.879899540627,0.07318551063587928,5721.655224714065,2392.308680685787
14199.026148928195,0.09468611625821027,5721.731057954679,2392.336988118744
14199.245590107943,0.12310701110836818,5721.844842607869,2392.379462248251
14199.567889294753,0.15927251319372024,5722.011961201699,2392.441845133588
14200.035167468368,0.2040558651227386,5722.254254310395,2392.532289513291
14200.709460537317,0.25837961165335066,5722.603888799842,2392.6628027481333
14201.679036438047,0.32263027783117976,5723.1066333719955,2392.8504695007878
14203.065290315084,0.3957060386031525,5723.8254338576,2393.118786275757
14205.028209858894,0.47343052423507315,5724.843247110001,2393.4987191517403
14207.759693259704,0.5457912812927423,5726.25957624059,2394.0274102464837
14211.416288332743,0.5926438528618998,5728.1555945142245,2394.7351588350757
14216.462801739572,0.5759402604758426,5730.772313690022,2395.711927729188
14220.002620275498,0.5052211808799603,5732.607781282485,2396.3970682607223
14223.041324849675,0.39392231856749466,5734.18341123865,2396.985215167813
14224.506517550768,0.31554214612429116,5734.943143406017,2397.2688053416805
14225.696789051559,0.2323965420542836,5735.560323364418,2397.4991838350606
14226.257300094476,0.18349433208709842,5735.8509597341745,2397.607671339703
14226.730518292434,0.13403252694202328,5736.096332991798,2397.699263178152
14226.965303844301,0.10509551842405543,5736.218074075188,2397.744706133188
14227.15360848615,0.07854553107904863,5736.315713861868,2397.78115265909
14227.273598266715,0.059357262868565026,5736.37793100372,2397.804376781335
14227.372010725061,0.04183287515739584,5736.428959865219,2397.823424592918
14227.43671655212,0.02952708300383568,5736.462511152809,2397.8359484575776
14227.480710693004,0.02164452869437825,5736.485323009821,2397.8444635583587
14227.517746793312,0.017379663245960273,5736.504526981262,2397.851631924612
14227.54621515372,0.017553593851941548,5736.519288405279,2397.857141997922
14227.574683514127,0.020764149386639376,5736.534049829304,2397.8626520710877
14227.60405906053,0.025725241811574845,5736.549281647733,2397.868337730652
14227.631867567916,0.030951332780535877,5736.563700924559,2397.873720088469
14227.685689205024,0.04119451161616803,5736.591608538389,2397.8841373069927
14227.768110382065,0.05604024945872027,5736.634345595581,2397.900089987071
14227.868563152355,0.07254867995098829,5736.686432400827,2397.9195326937806
14228.012713726943,0.0938268035564077,5736.761177406868,2397.9474331391198
14228.229180599332,0.1219947343256668,5736.873419885177,2397.9893304478924
14228.547288503198,0.1578767785840615,5737.038365307494,2398.0509004314595
14229.008625138335,0.20234435432512368,5737.277577743785,2398.1401923932704
14229.67441524892,0.2563244038740779,5737.622803472716,2398.2690563715673
14230.631907894856,0.3202359617651914,5738.119282913575,2398.454379368952
14232.001228830308,0.3930501636243049,5738.829303727393,2398.719411573854
14233.941008360334,0.4707349929961192,5739.835118981475,2399.09485552287
14236.642503544395,0.5435441859244367,5741.235899402549,2399.617728266472
14240.266753400594,0.5917612950758757,5743.115147079854,2400.3191975639634
14245.24513889159,0.5784949903380794,5745.696541994349,2401.282754394718
14248.732612780095,0.5123613786241765,5747.504868832779,2401.9577455479002
14252.2200866686,0.3850230356754627,5749.313195792797,2402.63273453053
14253.494303977875,0.31578010031105164,5749.973903712818,2402.8793545154795
14254.768521287151,0.22589731754598724,5750.6346116490595,2403.1259742108828
14255.24958238449,0.1834382246478144,5750.884051746826,2403.2190815988515
14255.730643481827,0.13305555762743176,5751.133491846904,2403.312188945562
14255.950719710805,0.10592225627903581,5751.247605911116,2403.3547837578444
14256.14678465794,0.07832135322569934,5751.349269630821,2403.3927312820115
14256.266063276951,0.05922720193137036,5751.411118055561,2403.4158171404806
14256.364363706116,0.04171029473133908,5751.46208885618,2403.434842759544
14256.428764707574,0.029460409653531677,5751.495482104186,2403.4473072913843
14256.472656047314,0.021605202403081204,5751.518240669449,2403.455802267581
14256.509678685268,0.017366811522250086,5751.537437671132,2403.462967836422
14256.53790891377,0.017553365703878034,5751.5520756271035,2403.468431672897
14256.566139142271,0.02072820984205212,5751.5667135830845,2403.4738955092303
14256.595349332334,0.025650986388971404,5751.5818596693625,2403.4795490126553
14256.623162088945,0.030874376132215876,5751.596281157568,2403.4849320488593
14256.676448838794,0.04101871279904503,5751.623911436936,2403.4952454635613
14256.758817760448,0.055869207464055076,5751.66662142255,2403.511187602966
14256.85891482879,0.07233769085664685,5751.718523818144,2403.5305609448933
14257.00237281914,0.09354208057173563,5751.792909746793,2403.5583265971113
14257.217856117593,0.12162588538706669,5751.904642284521,2403.6000324185866
14257.534577519149,0.1574135665720402,5752.06886886906,2403.6613324037303
14257.99394947108,0.20177599451685807,5752.307062710372,2403.7502417216
14258.656927530597,0.25564135051395104,5752.650830525852,2403.8785579941336
14259.610422712833,0.319439206014037,5753.145237476822,2404.0631023465007
14260.974138578265,0.39216450440429,5753.852352342858,2404.3270426342965
14262.9062505243,0.46983245888224495,5754.854192357941,2404.7009925330062
14265.597785446671,0.5427840806339929,5756.249808959053,2405.2219235655566
14269.211175150156,0.5914442854781369,5758.123426470037,2405.9212722372713
14274.166592182739,0.5792964928492913,5760.692913199189,2406.8803580152135
14277.660556935474,0.514019541617579,5762.504606691998,2407.5565874585336
14281.15452168821,0.38772659595623066,5764.316300306188,2408.232814733295
14282.452644891011,0.3177503340876369,5764.989404298756,2408.484054928376
14283.750768093812,0.2265887382574705,5765.662508308066,2408.735294824334
14284.232581247667,0.18416912416001838,5765.912338501708,2408.828545285918
14284.71439440152,0.1338594387215143,5766.162168697657,2408.921795706306
14284.936712588724,0.10653781721686757,5766.277445327616,2408.9648232939894
14285.134571323053,0.07876040226008432,5766.380039220092,2409.003116977955
14285.254370993418,0.0596296299429381,5766.442157855284,2409.026303066068
14285.353114280753,0.04207186908036418,5766.493358315501,2409.045413889365
14285.418393783171,0.029661333313410483,5766.5272071032205,2409.0580481146935
14285.46260829405,0.021721845304997017,5766.55013325215,2409.0666054113103
14285.499662802957,0.01740597095131284,5766.569346790273,2409.07377695761
14285.528644167738,0.017556630259699564,5766.5843742342695,2409.079386023799
14285.55762553252,0.020847607766511574,5766.599401678275,2409.084995089839
14285.58746524634,0.025912187106979363,5766.614874194225,2409.090770280973
14285.615320120438,0.031155580050460215,5766.629317529257,2409.096161325225
14285.670549494635,0.04165805942119305,5766.657955115376,2409.106850441532
14285.75313169009,0.05649493713551909,5766.7007757116935,2409.122833433358
14285.854530626228,0.07310904634142694,5766.753353181875,2409.1424582232034
14286.000528068793,0.09458289857157645,5766.829055911051,2409.170714622261
14286.21961285336,0.12297339475897474,5766.942655956911,2409.2131163654385
14286.541409474201,0.15910469329037122,5767.109514240322,2409.27539697665
14287.007974279613,0.20384969251833546,5767.351437859393,2409.3656960316134
14287.681245432099,0.25813133769830054,5767.700543050596,2409.496001010352
14288.64936744646,0.32233979309282385,5768.202534595896,2409.6833713189685
14290.033580638858,0.3953815353807724,5768.920278149715,2409.951271614297
14291.993704356772,0.47309675149726227,5769.936643414804,2410.3306329160673
14294.721546926154,0.545503664585112,5771.351087072158,2410.858576982848
14298.37415705592,0.5925072620201681,5773.245042245324,2411.5654976230735
14303.412619562958,0.5761935131683966,5775.857591239874,2412.540630160314
14306.944440713185,0.5060492451602053,5777.688915088502,2413.224168089548
14310.001326704261,0.3944789867986394,5779.27397512739,2413.8157867312316
14311.466453637779,0.31627895548761026,5780.0336744623,2414.099341505304
14312.664172756218,0.23276945890514278,5780.654717199254,2414.3311429645823
14313.224449963098,0.18395976350816817,5780.9452328055295,2414.4395765429995
14313.70065241561,0.13425378326342471,5781.192153872225,2414.5317386208403
14313.93543548171,0.10534846912412668,5781.313893870015,2414.577177463247
14314.12474806497,0.07868364906782999,5781.412056458755,2414.6138161489694
14314.244877860749,0.05948808133572576,5781.474346305367,2414.637065513254
14314.343435859868,0.04195019086150282,5781.5254507180625,2414.6561399700217
14314.408426808095,0.02959230165823872,5781.559149903054,2414.668718014938
14314.452525785367,0.02168242627842243,5781.5820161580505,2414.677252724838
14314.489572317663,0.01739239902403052,5781.601225570769,2414.684422537242
14314.518284342688,0.017554648532885197,5781.616113364708,2414.689979327965
14314.546996367713,0.02080282234623992,5781.631001158657,2414.695536118543
14314.576573975079,0.02580948372954921,5781.646337775416,2414.7012604297124
14314.60439314132,0.03104146565490253,5781.660762603165,2414.7066444203074
14314.658838341686,0.04139961461982035,5781.688993594373,2414.717181487923
14314.741326730591,0.056240730992218047,5781.731765573709,2414.733145901154
14314.842196967295,0.07279582221613672,5781.784068931123,2414.752667848765
14314.98716143675,0.094160242863522,5781.859236083733,2414.7807235820846
14315.204783026978,0.12242639182189306,5781.972077495162,2414.8228410217093
14315.524517813956,0.15841834590362192,5782.13786676631,2414.8847209448863
14315.98815936405,0.20300806343429947,5782.378274749326,2414.9744518544335
14316.657246902763,0.2571206777856969,5782.72521084111,2415.1039437051595
14317.61942369388,0.32116234137860644,5783.224119939526,2415.2901584431465
14318.995305582586,0.39407540352974774,5783.937543932115,2415.556439249971
14320.944044410053,0.471771023789832,5784.948006450878,2415.9335871469175
14323.657134824101,0.5443982859007025,5786.354801582337,2416.458662213679
14327.293850759494,0.5920723411834043,5788.24051632104,2417.162488127176
14332.298942480582,0.577449103034376,5790.835763288194,2418.1311366155232
14335.7996038027,0.5097099654291294,5792.650931105086,2418.8086261330754
14338.934999897412,0.3970311248927487,5794.276701186467,2419.415423358648
14340.401679099588,0.3195205841205425,5795.037205823806,2419.699271071098
14341.6313959993,0.23448105310460007,5795.674840439037,2419.937258969725
14342.191480440377,0.18600523484564785,5795.965256251995,2420.0456523819266
14342.680524047068,0.13526341200181197,5796.218835868935,2420.1402971820567
14342.915555495838,0.10646645394724662,5796.340704725497,2420.185782895135
14343.109256555013,0.07930619737256356,5796.441142887352,2420.2232699171104
14343.230027076139,0.06007580573165776,5796.503764998122,2420.2466426676365
14343.329244890736,0.04247637424067345,5796.555211567462,2420.265844315315
14343.39556308337,0.02987647624986588,5796.589598975761,2420.2786788902254
14343.440093141506,0.021852368085075683,5796.612688768041,2420.287296802075
14343.477155265753,0.017453499315195655,5796.631906276099,2420.2944694427865
14343.507133517995,0.017569347564269488,5796.6474506442655,2420.3002711400804
14343.537111770236,0.021026761075866478,5796.662995012442,2420.306072837216
14343.568238579921,0.026366719974994395,5796.679134932349,2420.312096814736
14343.596599832852,0.031725433795634944,5796.693840851642,2420.317585573372
14343.655671065097,0.04292970650994378,5796.7244705553685,2420.3290176396504
14343.738855795606,0.05776825940161662,5796.767603626354,2420.345116394577
14343.842900138201,0.07467418246255722,5796.821552854718,2420.3652521120366
14343.994104584053,0.0966945887703158,5796.899955610651,2420.3945147280665
14344.220528720602,0.12570126844723,5797.017361393785,2420.4383346130844
14344.552662683689,0.16252196271937916,5797.189579995751,2420.5026125147397
14345.03389683744,0.2080349167324163,5797.439110254704,2420.5957457489812
14345.728156259494,0.26314882502103526,5797.79909870096,2420.7301056865813
14346.726083433981,0.3281704770255799,5798.316545418085,2420.9232342573005
14348.152014495397,0.4018216708897233,5799.055921378951,2421.199193998549
14350.169023258824,0.47957911044627566,5800.101783890453,2421.589544108649
14352.970199429836,0.5507937573242284,5801.554254168231,2422.13165233181
14356.699834171795,0.5943177454227618,5803.488150365189,2422.8534418774684
14361.898393729993,0.569269332236344,5806.183716044604,2423.8595057471016
14365.498160244868,0.4891404855242346,5808.050273072308,2424.5561565326902
14368.225405218529,0.38264682087806745,5809.464408837684,2425.083949628459
14369.672275530269,0.3019270477335161,5810.2146425555875,2425.3639562748426
14370.73510727088,0.22506900099173888,5810.765743936728,2425.5696413394508
14371.293199595793,0.17501311120079702,5811.055126953822,2425.6776463673186
14371.715811971246,0.12970583372054598,5811.274260670487,2425.759432550553
14371.94809014905,0.10048616297537122,5811.394701962965,2425.8043842393563
14372.119197229014,0.07589798737062226,5811.4834247097,2425.8374977710737
14372.236426144005,0.05686878007586559,5811.54421045489,2425.8601845172293
14372.332214876073,0.03958553160071714,5811.593878998455,2425.8787220464724
14372.392292936103,0.02813853878732785,5811.625030780945,2425.8903486615463
14372.433646852289,0.02091673995819599,5811.646473687101,2425.8983516836643
14372.470149836685,0.01718539194781109,5811.665401279494,2425.905415928316
14372.496342254493,0.01768656456703306,5811.67898261857,2425.9104848191264
14372.522534672302,0.020706823583282637,5811.692563957652,2425.915553709817
14372.552671332953,0.0257937580595249,5811.708190472559,2425.9213859104116
14372.580566178614,0.03103947207226428,5811.722654557577,2425.9267842633703
14372.634937110532,0.04138372631244125,5811.750847069981,2425.9373064033325
14372.717419166835,0.056224954543723366,5811.7936158126995,2425.9532687504266
14372.818257137376,0.07277639678002183,5811.845902496847,2425.9727834257974
14372.963158025063,0.09413398055569672,5811.921036763471,2426.0008253772053
14373.180689690333,0.12239233037823925,5812.0338316707675,2426.042923196516
14373.50029743072,0.15837542847648506,5812.199555247543,2426.1047752750237
14373.963758401136,0.2029551007401382,5812.439869860031,2426.194466513872
14374.632586734951,0.25705648172320567,5812.786671929325,2426.3239013853445
14375.594393753705,0.3210864843369069,5813.285389840368,2426.5100347619095
14376.96975456471,0.3939892897732115,5813.998544425766,2426.7762007145566
14378.917774844873,0.4716797988763947,5815.008635470668,2427.1531897134423
14381.629917303182,0.5443141313044011,5816.414940609098,2427.6780537145723
14385.265548323938,0.5920190226415127,5818.300094862505,2428.381632676978
14390.268585283698,0.5774806760786331,5820.894279232818,2429.349832644336
14393.767687772493,0.5098569834639382,5822.708640746484,2430.0269849334964
14396.906535548153,0.39713612727591674,5824.336202378183,2430.634418298666
14398.373260457054,0.3196586478038366,5825.096731546761,2430.918259970157
14399.604382109597,0.23455376711657047,5825.735095254112,2431.1565072386707
14400.164452980802,0.18609336469121227,5826.025504348118,2431.2648923420993
14400.65406135907,0.1353065048241848,5826.279377088622,2431.3596414754215
14400.889100721924,0.10651473149215177,5826.4012501819525,2431.4051263356737
14401.082995111463,0.07933277970699662,5826.501788699588,2431.4426488059617
14401.203792571469,0.06010106930736699,5826.564424847172,2431.4660255445706
14401.303039049075,0.04249902262735824,5826.615886335113,2431.4852317326395
14401.36941644119,0.02988838967021687,5826.6503044772135,2431.4980770911066
14401.413963424797,0.021859728489912918,5826.673403070946,2431.506697826665
14401.451025206032,0.017456310232220953,5826.692620422136,2431.513870025044
14401.481063912264,0.01757032953341807,5826.708196154011,2431.519683117305
14401.511102618497,0.021038137017016664,5826.723771885894,2431.5254962094077
14401.54232110422,0.026397403511636074,5826.739959359481,2431.531537612337
14401.57073752524,0.03176780643811834,5826.754693900709,2431.5370367594164
14401.630091359264,0.0430233279654194,5826.785470173151,2431.5485229156034
14401.713329139655,0.05786334251403227,5826.828630798785,2431.564631092954
14401.817570877338,0.07479076181460008,5826.882682439787,2431.5848039549455
14401.969166591727,0.09685183374422338,5826.961288162727,2431.6141407555474
14402.19613980286,0.12590399839476463,5827.0789787813865,2431.6580646008183
14402.52904671261,0.16277543432912003,5827.251598361356,2431.7224887142934
14403.011378168545,0.2083447467037178,5827.501697868236,2431.8158294174796
14403.707206555313,0.26351924954723993,5827.862500250465,2431.9504859398617
14404.707359281392,0.32859911142830633,5828.38110153026,2432.1440350789276
14406.136399797982,0.4022917071088805,5829.122090619543,2432.4205821024716
14408.157634991532,0.4800455628158264,5830.170145770037,2432.8117296612545
14410.96422019701,0.5511602175987914,5831.625422336658,2433.3548562468354
14414.699340526198,0.5944082704354002,5833.562165041118,2434.0776695734
14419.90936817471,0.5686755381818018,5836.263680117623,2435.0859000876912
14423.506283043922,0.48800545321959377,5838.128760536163,2435.781962612022
14426.21448727029,0.3817910263755744,5839.533024788416,2436.306043444764
14427.65827883145,0.3010047094385612,5840.2816629213285,2436.5854396837713
14428.713371482665,0.22452235603975632,5840.828752010995,2436.789616378206
14429.270599236592,0.17444635306646047,5841.117687043256,2436.897448461496
14429.690171754926,0.12938540012683264,5841.335244764261,2436.9786421181702
14429.922027998164,0.10017641325569687,5841.45546740512,2437.0235098106286
14430.09207940005,0.07570770005218076,5841.543642855595,2437.056417324878
14430.209103396262,0.05669138705039549,5841.604322411868,2437.0790632324383
14430.304702686168,0.03942657462364166,5841.653892779406,2437.09756313456
14430.364514666075,0.028030184129682688,5841.684906627253,2437.1091376525096
14430.405644017452,0.020863869590567543,5841.706233114837,2437.1170968004085
14430.442090728699,0.017174424211692657,5841.72513154891,2437.1241497867904
14430.468236478893,0.017705061199208838,5841.738688704541,2437.129209382255
14430.494382229088,0.020736755517505295,5841.75224586018,2437.1342689776
14430.524913198133,0.025902766957294668,5841.768076849777,2437.140177178505
14430.552836371677,0.03115876400688858,5841.782555639149,2437.1455807316847
14430.60803341299,0.04165505127709449,5841.811176538364,2437.1562621872345
14430.690614051913,0.05649177751701445,5841.853996444839,2437.172242778739
14430.792007288443,0.07310512567711694,5841.9065711036155,2437.191863888261
14430.937992971267,0.09457750880580554,5841.98226794239,2437.2201143007346
14431.15706142752,0.12296625645193318,5842.095859832699,2437.262507315703
14431.47883427072,0.15909530904155994,5842.262706243717,2437.324775146895
14431.945364088877,0.20383735053731833,5842.504612383437,2437.4150555739734
14432.61858321608,0.258115028853528,5842.853691554024,2437.5453333760183
14433.586627736238,0.3223181330070828,5843.355644290811,2437.732664089872
14434.97072511712,0.39535260754897605,5844.073329757822,2438.0005068098612
14436.930674494775,0.47305787691237183,5845.08960740393,2438.379784593217
14439.658249480852,0.5454510986532887,5846.503916180981,2438.9076076260703
14443.310416169163,0.5924362121041268,5848.397646595538,2439.614349771433
14448.348523041059,0.5760939214040736,5851.010018319007,2440.589285729058
14451.880251963348,0.505914055185966,5852.841299341953,2441.2727163161444
14454.93509308707,0.39437997426508015,5854.425303392992,2441.8638618341806
14456.399909009591,0.31617760942195466,5855.184843532281,2442.147319331874
14457.596806300377,0.23270795272742995,5855.80546182529,2442.37893144295
14458.15698473172,0.18389826651678978,5856.095927005706,2442.487331727894
14458.632858723124,0.13421844700921376,5856.342678430541,2442.579418194529
14458.867598288844,0.1053144911123108,5856.464396204017,2442.624842678166
14459.056794205782,0.07866268663123772,5856.562498566012,2442.661453997531
14459.176900555747,0.059468839165320905,5856.624776425105,2442.6846957852026
14459.275437362801,0.041933065198238445,5856.675869988429,2442.7037636473497
14459.340387183314,0.029582780068923994,5856.709547939558,2442.716332089242
14459.384470607158,0.021676987532784887,5856.73240619203,2442.724862673617
14459.421516182025,0.01739057711379965,5856.75161516062,2442.7320313634127
14459.450191319831,0.01755444321809345,5856.76648386825,2442.7375802896345
14459.478866457637,0.020796764903442906,5856.78135257589,2442.7431292157144
14459.50841104092,0.025795989392142667,5856.796672110687,2442.748846388045
14459.536228059185,0.03102690879137364,5856.811095863947,2442.75422925913
14459.590572977126,0.04136650186978576,5856.839274933338,2442.764745543582
14459.673050339077,0.05620820651811416,5856.88204131144,2442.7807057359805
14459.77385359741,0.0727556755206568,5856.9343100815,2442.8002121705686
14459.918687076646,0.09410598005599509,5857.00940951743,2442.8282388884168
14460.136123198787,0.12235598096633699,5857.122155066762,2442.8703149325256
14460.45559589189,0.15832955996606562,5857.28780888778,2442.932136049349
14460.918864686642,0.2028983613858883,5857.528024243341,2443.021783098704
14461.587416854652,0.256987469974731,5857.874683677893,2443.1511544261903
14462.548829324214,0.32100451577835293,5858.373197816433,2443.3371969267296
14463.92363297496,0.3938954738600557,5859.086064659906,2443.603234294369
14465.870882368947,0.4715789657528604,5860.095757622906,2443.980044710749
14468.582001205683,0.5442181731485748,5861.5015342726965,2444.5046697028442
14472.216436632554,0.5919515821569601,5863.386071641209,2445.207962470458
14477.21729507846,0.5774956824174918,5865.979130606813,2446.175665469516
14480.714793130599,0.509984241521304,5867.792663121601,2446.852454584815
14483.856822682168,0.3972266462738616,5869.421877210829,2447.4604563889006
14485.323542147058,0.3197826217997738,5870.182404786901,2447.7442749336465
14486.555960679018,0.23461766741347062,5870.821441988357,2447.9827546315864
14487.116000898226,0.1861730536761156,5871.111835658222,2448.091125377839
14487.606130903092,0.13534457787215842,5871.3659792845565,2448.185968083415
14487.841171065656,0.10655833242760626,5871.487852989603,2448.231449562896
14488.035243242204,0.07935641149102184,5871.588483856423,2448.2690035193677
14488.156064284103,0.06012364393978057,5871.651132333026,2448.292383004231
14488.25533644078,0.04251928736851611,5871.70260721935,2448.31159266855
14488.321767089457,0.029899019068149825,5871.737053031841,2448.3244473340524
14488.366329014956,0.021866336413500644,5871.76015941063,2448.333070290919
14488.403390494634,0.017458850044076234,5871.779376636523,2448.3402418735095
14488.433483605007,0.01757123101243594,5871.794980603371,2448.3460650414427
14488.463576715381,0.02104840049346326,5871.810584570228,2448.3518882092203
14488.494878715981,0.026425225178696696,5871.826815374359,2448.357945303154
14488.523347413178,0.03180663935929708,5871.841577045802,2448.3634541385386
14488.582960145248,0.043109051669779304,5871.8724876125625,2448.3749895000874
14488.666247530293,0.057950539983083665,5871.915674029119,2448.3911060242694
14488.770670376092,0.07489762223660847,5871.969819666205,2448.4113123637817
14488.922625414409,0.09699594954145183,5872.048611833901,2448.440716415374
14489.150102593117,0.12608971960388407,5872.166563961538,2448.4847343673055
14489.483718761538,0.16300749786565583,5872.3395515874,2448.549290719249
14489.967056912621,0.20862817553652913,5872.590173493018,2448.642818969462
14490.664324212625,0.26385770118034,5872.951722567849,2448.777743465254
14491.666517017786,0.3289900156020945,5873.471382513444,2448.9716723314864
14493.098405758237,0.4027190058363799,5874.213849669289,2449.2487490164344
14495.123507469638,0.48046692366840066,5875.263911390829,2449.6406143846343
14497.935027720185,0.5514854572270572,5876.721749241306,2450.1846537527435
14501.675093730259,0.5944735437152173,5878.661059520336,2450.9083679924656
14506.895568284908,0.5681001713575504,5881.367995914612,2451.9185418151164
14510.48523823393,0.4870646630648626,5883.229322679749,2452.613148490289
14513.17940505627,0.38100910723391523,5884.6263104743975,2453.134472479171
14514.61902531341,0.3002518054659497,5885.372786894422,2453.413039937116
14515.668507357643,0.224020848028331,5885.916967634636,2453.616115173141
14516.224338201599,0.17398637860807953,5886.205178801483,2453.723668608999
14516.64171330048,0.12909452699980845,5886.421597459505,2453.8044307817086
14516.872995996659,0.0999211733748383,5886.541522896271,2453.8491840210568
14517.042247651603,0.07554044161122475,5886.629283801227,2453.8819342380343
14517.159085780842,0.056536535970926824,5886.689867078747,2453.904542428196
14517.254520512846,0.03928778670780046,5886.7393521989125,2453.923009057033
14517.314105834668,0.027934699847485787,5886.7702485691625,2453.9345388211323
14517.355037329722,0.020817404971327755,5886.791472497952,2453.942459068045
14517.391432700342,0.01716512620756658,5886.810344341108,2453.949501574349
14517.417544408749,0.01772199857193768,5886.823883867084,2453.954554191285
14517.443656117155,0.020765108494563502,5886.837423393065,2453.9596068081046
14517.474593245734,0.02601210165883929,5886.853465011251,2453.965593143806
14517.502563588656,0.03128181635772261,5886.86796828232,2453.971005406215
14517.55861499758,0.041934938448554754,5886.897032236966,2453.981851355551
14517.641309049603,0.05676889646166033,5886.9399110196155,2453.9978526561576
14517.743278921243,0.07344625401719844,5886.992784761601,2454.0175838266096
14517.890393953156,0.09503773942070866,5887.0690673157715,2454.0460505825686
14518.1110595444,0.1235613874186127,5887.183487540243,2454.088749363462
14518.435081966456,0.15984131343364152,5887.35150067832,2454.151447670869
14518.904801334727,0.20475114227799918,5887.595061062669,2454.242338291437
14519.582583369545,0.25921065373575497,5887.946506767899,2454.3734889373018
14520.55710800594,0.3235915483930397,5888.4518204022215,2454.5620590610624
14521.950277357655,0.39675959041419295,5889.17421105027,2454.8316364863413
14523.922602928867,0.47447506028936676,5890.196907673438,2455.213279721973
14526.666156328429,0.5466096528240867,5891.619503901666,2455.7441537481536
14530.335279039848,0.5928355545349974,5893.522029450283,2456.454122227535
14535.409247207273,0.5745942149521557,5896.153000285253,2457.4359219272155
14538.97590226457,0.5016737181561045,5898.002394263667,2458.126057815938
14541.941385642664,0.3915300068845816,5899.540066772436,2458.699867333828
14543.405652497599,0.31248809221781887,5900.299323423835,2458.9831967315786
14544.565931264502,0.23082471275906402,5900.900955147857,2459.207705470138
14545.127004778662,0.1815794723673862,5901.1918849145295,2459.316270596968
14545.588231907817,0.13310316080110549,5901.431041992763,2459.4055158705128
14545.822872829825,0.10405536928418294,5901.552708811887,2459.4509177680475
14546.007122932808,0.07796829319904333,5901.648246810319,2459.4865692762455
14546.126519558906,0.058813055280990595,5901.710156760565,2459.509671945697
14546.224333470673,0.04134477685476988,5901.760875567459,2459.528598462544
14546.287901604243,0.029247852964627816,5901.793837135376,2459.540898586767
14546.331422193343,0.02148717197102048,5901.816403581397,2459.5493196083853
14546.368392716287,0.017330074357529996,5901.835573664528,2459.556473223912
14546.395996681253,0.017558111559204115,5901.849886967703,2459.561814456089
14546.423600646218,0.020645888837021915,5901.864200270885,2459.567155688136
14546.452524666987,0.02549752101312773,5901.879198053967,2459.572752344379
14546.480383897118,0.030722182328616912,5901.893643718139,2459.5781429687167
14546.532605559481,0.04066911014038792,5901.920721874786,2459.5882476038014
14546.614885526016,0.05553131892548469,5901.963385967133,2459.604168372114
14546.714281290038,0.07192055841438572,5902.014925001974,2459.6234009614122
14546.856375699239,0.09297899901651695,5902.088604285944,2459.65089552469
14547.069919977452,0.12089575961696303,5902.199332003199,2459.692215276708
14547.383906188092,0.1564955247806552,5902.362141219219,2459.75297002724
14547.839401828152,0.200647895640092,5902.598326395721,2459.8411061098977
14548.496828488029,0.2542827310732975,5902.939217547296,2459.968314752481
14549.442425235104,0.31784929383882987,5903.429531659001,2460.1512826805774
14550.795051752344,0.3903877020589074,5904.130900276464,2460.4130084342164
14552.71196052885,0.468003381314267,5905.124862527922,2460.7839191525404
14555.383656684398,0.5412047803760903,5906.510199832224,2461.3008758038804
14558.975049011606,0.5906902754662435,5908.372421342247,2461.9957860539525
14563.88465823468,0.5806547768332525,5910.918169557842,2462.945758858377
14567.45855201263,0.5152497952571639,5912.771317944326,2463.6372781024925
14571.032445790579,0.3862209024733076,5914.624466451211,2464.328795179419
14572.30862339951,0.3171921805069327,5915.286194773782,2464.575723820485
14573.584801008443,0.22764460426431293,5915.947923111693,2464.822652185416
14574.07340172521,0.18475399443009488,5916.201274168105,2464.917191755752
14574.562002441979,0.13379009267073244,5916.454625226764,2465.0117312856214
14574.78359424092,0.10655556746140854,5916.569525830238,2465.054607149818
14574.981755647257,0.07873596643399157,5916.672277219814,2465.0929494532134
14575.101503034424,0.05961160192104173,5916.734369080647,2465.1161194038878
14575.20022815271,0.04205566778157354,5916.78556039649,2465.1352217488843
14575.265468296997,0.029652492043851078,5916.819388959014,2465.1478450779414
14575.309668639184,0.021716798411092527,5916.842307885039,2465.156397410914
14575.346722962018,0.017404258709734482,5916.861521430515,2465.16356705893
14575.375667062368,0.01755631518454811,5916.876529633229,2465.169167458284
14575.404611162718,0.020841144417412895,5916.891537835953,2465.1747678574957
14575.434411566383,0.025897005581268815,5916.906990052271,2465.180533942842
14575.462260704588,0.031138559465299406,5916.92143049116,2465.1859224773557
14575.517373816436,0.04161951624618486,5916.950007947252,2465.1965863224045
14575.599941889037,0.05645677448755609,5916.992821451937,2465.2125624313476
14575.701262781924,0.07306192478336505,5917.045358738965,2465.2321670247657
14575.84710707811,0.0945191411271722,5917.12098246719,2465.260386454521
14576.06597554371,0.12289057753356385,5917.2344709603785,2465.3027353325074
14576.387465902542,0.15899996817679204,5917.401171341257,2465.364940514608
14576.853593942826,0.20371966772552585,5917.642869794333,2465.4551316162433
14577.526236236019,0.25797233212053355,5917.9916507930475,2465.585281090079
14578.493457733104,0.3221494232801591,5918.493178110264,2465.7724285231698
14579.87639512476,0.39516092385037493,5919.210264007129,2466.0400124401167
14581.834744585347,0.4728545151847568,5920.225714764588,2466.418932018395
14584.560208390567,0.5452628904246984,5921.6389326088265,2466.9462788992655
14588.209960873091,0.5923154995293531,5923.531416238007,2467.652463372771
14593.243551641955,0.5761603890545661,5926.141453198219,2468.6264006946935
14596.77097346541,0.506260665278003,5927.970505751229,2469.3089104729347
14599.834064388328,0.3946090022038476,5929.558791725213,2469.901576617634
14601.298653448712,0.31649961487994926,5930.318216246387,2470.184953983554
14602.498937945245,0.23286500751385147,5930.940592533127,2470.4171918670872
14603.058935935946,0.18410348700820092,5931.2309649211575,2470.525543385982
14603.53616839829,0.13431233846279825,5931.478421400176,2470.6178809293874
14603.770880111728,0.10542576756700589,5931.600125054364,2470.6632942195756
14603.960531852328,0.0787219331968871,5931.698464032018,2470.6999890560232
14604.080696856076,0.0595253601659865,5931.760772469652,2470.7232392226156
14604.179296840546,0.04198382661036119,5931.811898927469,2470.7423168723044
14604.244371562057,0.029610796820918397,5931.845641732066,2470.754907874815
14604.28849923636,0.021693449476955517,5931.868522990076,2470.7634459310457
14604.325549015637,0.01739620441789786,5931.887734189688,2470.770614518392
14604.354332813959,0.017555103867543404,5931.902659279831,2470.7761837598423
14604.38311661228,0.020814406196975766,5931.91758436998,2470.781753001154
14604.412759539284,0.0258355051233358,5931.932954938978,2470.787488471073
14604.440586521101,0.031070080060798994,5931.947383896825,2470.792872582202
14604.495229247694,0.04146446706826874,5931.975717461868,2470.803445144606
14604.577740723813,0.05630420774485292,5932.018501642383,2470.819409898426
14604.678744362813,0.07287394153760224,5932.070874453219,2470.838952611494
14604.823968699824,0.09426547578668731,5932.146176757407,2470.867051373797
14605.041959105241,0.12256228349472739,5932.259210014854,2470.9092292879295
14605.362212131306,0.15858802869918298,5932.425268896434,2470.9711934896964
14605.826585768664,0.2032144849641552,5932.666057776244,2471.0610428574696
14606.496717129237,0.25736560707137657,5933.0135369790005,2471.1907032095137
14607.46037021725,0.3214424212452789,5933.513214253333,2471.3771554739915
14608.838306683963,0.3943763849049805,5934.227707426244,2471.6437650200883
14610.789821543547,0.47205768156256656,5935.239614810638,2472.0213526294233
14613.506427630915,0.5445973849286023,5936.648240454725,2472.546972359003
14617.14663287314,0.5920507992009048,5938.5357745994725,2473.2512917704425
14622.160233179706,0.5769076012640331,5941.1354473856645,2474.2213367234435
14625.66831381657,0.5084671247045354,5942.95447201971,2474.900087142388
14628.778872611323,0.3961347152669995,5944.567372062738,2475.501922513851
14630.244149684082,0.31845287958700447,5945.327153731201,2475.7854258574284
14631.46380118409,0.23388742483142647,5945.959572603516,2476.0214050326695
14632.023575336725,0.1853359895689169,5946.249829077614,2476.1297105123986
14632.50857793859,0.13491603503791197,5946.501314691597,2476.2235490996104
14632.743405628991,0.10609863022608158,5946.623078546175,2476.268983684364
14632.935706354192,0.07909512488258122,5946.72279113794,2476.306190122678
14633.056254356996,0.05987784905126225,5946.785298202399,2476.329513806021
14633.15524922882,0.04229949811932035,5946.8366294455745,2476.348667377787
14633.221113759058,0.029782374745131315,5946.870781802774,2476.3614108754377
14633.265505314333,0.021795374349495356,5946.893799901413,2476.369999772242
14633.302568671268,0.01743229092146711,5946.913018151397,2476.3771708058925
14633.332089700263,0.017562636377266103,5946.928325521325,2476.3828825466444
14633.361610729258,0.02094215547478273,5946.94363289126,2476.38859428725
14633.392089083532,0.02614447780144783,5946.959436657594,2476.394491251383
14633.420131045832,0.031433349132295806,5946.97397709557,2476.399916821288
14633.477246401177,0.042281261693978694,5947.003592793418,2476.4109675223167
14633.560096462445,0.057114316052555424,5947.046552560881,2476.426997383221
14633.662784702788,0.07387104812761257,5947.09979890574,2476.4468655408473
14633.811310975829,0.09561083515530251,5947.176813383213,2476.4756024543713
14634.033968290407,0.12430192458474605,5947.292266605353,2476.5186822599358
14634.360795590657,0.1607690260482605,5947.461734494404,2476.5819168912226
14634.834493444574,0.20588703866447414,5947.707358332643,2476.673568043698
14635.517966624884,0.26057184441135145,5948.061755774467,2476.8058065005366
14636.500571810055,0.32517230644600786,5948.571260432719,2476.995920909104
14637.905049091221,0.3985036781041828,5949.299516036595,2477.267658831116
14639.892789466603,0.4762269174718457,5950.330207761485,2477.6522457886554
14642.656207409984,0.5480314509550291,5951.763107230314,2478.186909330914
14646.346205573069,0.5933011000025616,5953.676461207935,2478.9008447587034
14651.464056941322,0.5726693828447375,5956.330192080495,2479.89103535151
14655.059606152272,0.4966946435572261,5958.194572267156,2480.586691657637
14657.92497415055,0.38815075032417595,5959.680335726052,2481.1410730969487
14659.3864796058,0.3082382686407949,5960.438162115446,2481.4238395627185
14660.505684894082,0.22862295912924765,5961.018497494375,2481.640378864474
14661.067160044031,0.1789238407536698,5961.30963612838,2481.749010721273
14661.51203722255,0.131799224207632,5961.5403158570025,2481.8350836542186
14661.746300581686,0.10261618518684107,5961.66178715526,2481.8804079132688
14661.925038261528,0.07716072562483314,5961.7544670270845,2481.9149892984556
14662.043602572636,0.05805213778826726,5961.815945531201,2481.937928600279
14662.140650247753,0.04065014256803245,5961.866267131772,2481.9567049561874
14662.202711729053,0.02883164442009734,5961.898447532522,2481.968712336885
14662.245468370875,0.021263737220965747,5961.920617900376,2481.9769847023153
14662.28228891285,0.017267518862309827,5961.9397102548255,2481.9841085772296
14662.309060443227,0.017588659465429368,5961.953591950204,2481.9892882138724
14662.335831973605,0.020589661189598932,5961.967473645591,2481.994467850396
14662.364728895614,0.02542311211844413,5961.982457408695,2482.000058698096
14662.392642156245,0.030654268756388114,5961.996931119245,2482.005459231244
14662.44437291705,0.040509986391981834,5962.023754788072,2482.0154678677322
14662.526618450851,0.055378532462894196,5962.066401115507,2482.0313803652516
14662.625697296897,0.07173186887054937,5962.117775928483,2482.050549695129
14662.767176327845,0.0927242857082865,5962.191136277949,2482.077922419392
14662.97984427796,0.12056532895054317,5962.301409829341,2482.1190684480894
14663.292594070794,0.15607990449700151,5962.463578273135,2482.1795778432424
14663.746338284393,0.20013713609075925,5962.698855786307,2482.267366163033
14664.401256857343,0.2536675713643275,5963.038447146556,2482.394076701398
14665.343285063296,0.3171293573552022,5963.526911907868,2482.5763357237092
14666.690900934958,0.38958303061599536,5964.22568384951,2482.837065611425
14668.600938857198,0.4671748085632557,5965.216085472417,2483.206609546782
14671.263663803438,0.5404888890841041,5966.596773879192,2483.7217783305473
14674.845073139437,0.5903478023063886,5968.453822851722,2484.4146870457735
14679.733706236606,0.5812653517755841,5970.988699740642,2485.3605057974883
14683.37418549249,0.5150393848061752,5972.876378207808,2486.0648378310216
14686.574046426678,0.4033137159702242,5974.535585286496,2486.6839205839
14688.102199140878,0.324095890423687,5975.327970318073,2486.9795743898176
14689.355127947047,0.23870143483593362,5975.977644952665,2487.2219799578534
14689.938479640545,0.18882895901121788,5976.280127266613,2487.334841587501
14690.436672571885,0.13766255892211368,5976.538452653841,2487.431227422278
14690.679922964107,0.10813063392273425,5976.664584014256,2487.4782892795633
14690.87782416924,0.08059216775288829,5976.7672006970115,2487.5165773843432
14691.000137336328,0.06125470034270306,5976.83062310766,2487.5402414075566
14691.100695798783,0.04353179280251235,5976.882765164517,2487.5596965293425
14691.169908128455,0.030407628976939848,5976.918653474126,2487.5730870901334
14691.215109996136,0.02219560530474747,5976.942091763684,2487.5818323285916
14691.252045434154,0.017599137659053177,5976.96124370444,2487.588978254594
14691.287429654885,0.01780233592189548,5976.979591300568,2487.5958240652494
14691.320592012542,0.022025403905086796,5976.996786805591,2487.602240010267
14691.360560318557,0.029213183723156275,5977.01751136367,2487.6099727067303
14691.397411581767,0.036256256648897596,5977.03661965775,2487.6171023464794
14691.479199208232,0.05136033778317757,5977.079028570878,2487.632925855149
14691.570428001098,0.06682165540406784,5977.126332963056,2487.6505759515
14691.696085770654,0.08607321304462717,5977.1914896338385,2487.6748870430233
14691.886144507105,0.11190730048554212,5977.290039803866,2487.7116578270798
14692.166822008523,0.1451453533923227,5977.435578052304,2487.765960669965
14692.57533175826,0.18667751451059597,5977.647400494468,2487.844995270422
14693.165503194583,0.23742988827600126,5977.953419031668,2487.9591760058097
14694.015351147998,0.2980786787247383,5978.394086293533,2488.123596372893
14695.23334993628,0.36819979581799867,5979.025648914459,2488.3592427953226
14696.965145169757,0.4449774592693509,5979.92362777597,2488.6942930742093
14699.393499206593,0.5209357073778492,5981.182789732155,2489.1641056865824
14702.70537467771,0.5801652456328682,5982.900079610831,2489.8048512313762
14706.98483195347,0.5943608633604442,5985.119084891916,2490.632791252218
14712.133292949993,0.5205075380620307,5987.788690488875,2491.6288520578805
14714.96427289467,0.4283786218177436,5989.256624390749,2492.176553306511
14716.992760354013,0.3289560606400784,5990.308445914521,2492.5689979094905
14718.091984891393,0.25671785431360156,5990.878421368178,2492.781660875224
14718.887104694608,0.19109277758707346,5991.290710907516,2492.9354896813475
14719.317987226726,0.14788022084476443,5991.514134298411,2493.018850843301
14719.636183558692,0.11029152183051323,5991.679127071685,2493.0804110261224
14719.81936046286,0.08523926492139812,5991.774108887992,2493.1158495279374
14719.948975030642,0.0652464059242098,5991.841317290481,2493.1409255357516
14720.054195124432,0.04710704023787665,5991.895876546813,2493.161282040995
14720.13424930464,0.03205786522331813,5991.937386646151,2493.1767697976693
14720.18087517382,0.02340749810182827,5991.961563328226,2493.1857903144687
14720.216776924266,0.018295331556007193,5991.980179285896,2493.192736079497
14720.252420362722,0.017290042159417866,5991.998661302337,2493.1996318697484
14720.286577865707,0.02092953739219648,5992.016372823993,2493.206240181945
14720.315233675075,0.025795046672987203,5992.0312315795845,2493.2117841038626
14720.342966959659,0.031009846558900506,5992.045611982955,2493.2171495485636
14720.397259866882,0.04133989314310222,5992.073764216571,2493.2276533740396
14720.479729864428,0.05618217820619223,5992.116526978022,2493.243608504365
14720.58047996438,0.07272340902283325,5992.168768430982,2493.263100209188
14720.725210118513,0.09406230606894922,5992.243814644922,2493.2911005501123
14720.94249985163,0.12229909373564797,5992.356484820312,2493.3331386844584
14721.261764690596,0.15825727866902325,5992.522031646005,2493.3949055011253
14721.724736199738,0.20280799271560218,5992.762093985795,2493.4844746088365
14722.392858897623,0.2568758737462639,5993.108532366038,2493.613733372563
14723.353653689814,0.32086900949192626,5993.6067285767,2493.7996139912398
14724.727576815936,0.393735045275038,5994.319142210565,2494.0654204127313
14726.673589633796,0.4713965077833713,5995.328198741768,2494.4419057914442
14729.383019786559,0.5440244840703726,5996.7331063964375,2494.966084664471
14733.01531432599,0.5917715374422878,5998.616542543675,2495.6688032392276
14738.012872154695,0.5773872830577356,6001.207902268729,2496.635647674706
14741.50798082266,0.50998256411126,6003.020204362133,2497.311820762936
14744.651680952727,0.39721808527206137,6004.650292351144,2497.9200076904403
14746.117927614849,0.3198190541602163,6005.410578342487,2498.2036703368617
14747.351049397592,0.23462212280091477,6006.049983200847,2498.44223196128
14747.910892554399,0.18620109617662733,6006.340276053542,2498.550539991073
14748.401306866044,0.13534919723920477,6006.59456829435,2498.645416178167
14748.636283925152,0.106573065068306,6006.7164098512985,2498.6908751299097
14748.830444849515,0.0793608638140429,6006.817087208918,2498.7284377349974
14748.95126717642,0.06012886848193313,6006.879736646171,2498.7518121640014
14749.05054577065,0.042524195303733296,6006.931215112371,2498.771018715424
14749.116990568498,0.02990152980243377,6006.965668423398,2498.783873201794
14749.161555472014,0.021868084784275404,6006.98877645492,2498.792494778446
14749.19861749339,0.017459554908417618,6007.007994051983,2498.7996648387807
14749.228723324622,0.01757144611266122,6007.023604688226,2498.8054891465813
14749.258829155855,0.021050668573040988,6007.039215324478,2498.8113134542323
14749.290149908556,0.026431343690202377,6007.055455928303,2498.817372801785
14749.318631555288,0.03181538424788818,6007.070224383757,2498.822882892608
14749.378302940422,0.04312826063729192,6007.101165508834,2498.8344269842246
14749.461602200136,0.05796997103651974,6007.144358285592,2498.85054214939
14749.566066558476,0.07492127952730904,6007.198525702347,2498.870751935883
14749.71810411548,0.09702771644309455,6007.277361028215,2498.900165281055
14749.945697020781,0.12613028658507378,6007.395373717104,2498.9441956359933
14750.279474405585,0.16305727037604786,6007.568445750322,2499.0087685328813
14750.763038788198,0.2086872171658103,6007.819186139883,2499.1023193351834
14751.4606254198,0.26392510005432707,6008.180902494242,2499.2372750071772
14752.463263484613,0.3290622909489424,6008.700795758447,2499.431246034759
14753.895758530954,0.4027876660088027,6009.44358078495,2499.708377192639
14755.921648656007,0.4805142592762966,6010.4940562471975,2500.1003062610102
14758.734082977322,0.551477633786001,6011.952374905638,2500.644399190161
14762.474694514181,0.5943533843918464,6013.891977146562,2501.368055062027
14767.697410203691,0.5677359251128575,6016.600088307523,2502.378433826937
14771.282752684165,0.486584544794125,6018.459179882546,2503.072046222761
14773.97067534712,0.3806119230605963,6019.852936456407,2503.5920443871632
14775.40807642793,0.29989125332474315,6020.598265667569,2503.87011958039
14776.455082076924,0.2237722708511347,6021.141164877707,2504.0726698601247
14777.010144653008,0.17376939655900586,6021.428979025272,2504.180050373011
14777.426550789332,0.12895169631447226,6021.644896262987,2504.260606850737
14777.65752651408,0.09980029633538727,6021.764663087724,2504.3052905959785
14777.826418395964,0.07545901248827074,6021.852237851307,2504.3379638154292
14777.943164184688,0.05646185414743969,6021.912773531047,2504.360549035452
14778.038520398564,0.039220986542365686,6021.962218168821,2504.3789963036625
14778.097999333708,0.027888428440404213,6021.993059519245,2504.39050288255
14778.138834825982,0.020795027252773633,6022.014233767323,2504.398402768318
14778.175205171909,0.01716080877911112,6022.03309272273,2504.4054388428885
14778.201302450167,0.01773042890124069,6022.046624829579,2504.410487527094
14778.227399728425,0.020779380311104413,6022.060156936433,2504.4155362111883
14778.255403784855,0.025493845143806298,6022.074677756589,2504.420953773496
14778.28310602758,0.0306882806881723,6022.089042078619,2504.4263129479014
14778.33521978302,0.04061535581406078,6022.116064394947,2504.436394683797
14778.41749158423,0.055480118693411476,6022.1587244301145,2504.4523106836536
14778.516781139351,0.07185707533082729,6022.210208606436,2504.4715188740674
14778.658670909474,0.09289324188418759,6022.2837820850345,2504.4989683418385
14778.871923638064,0.12078425418316324,6022.394359085041,2504.5402234162043
14779.18549742755,0.1563546133332916,6022.556955124544,2504.600886213804
14779.640406704726,0.20047341296536353,6022.792837235166,2504.68889121082
14780.296990587216,0.2540702456314627,6023.1332927969215,2504.8159113404704
14781.2413826298,0.31759645735220776,6023.622984268877,2504.9986095781287
14782.59230636473,0.39009748907558356,6024.323472853818,2505.25995352654
14784.506855368032,0.4676898849283781,6025.31621561623,2505.630333504354
14787.175407064784,0.5409032979203686,6026.69992816923,2506.1465784246557
14790.763074851984,0.5904718552287647,6028.560226109316,2506.8406291947103
14795.665851939306,0.580679242237497,6031.102442204367,2507.7890904729848
14799.253820661217,0.5151198873467929,6032.962896462556,2508.483194469233
14802.470853836181,0.402717788806312,6034.631011178173,2509.1055380087846
14803.983312631144,0.32425658384398753,6035.415260124147,2509.398126560435
14805.243949175521,0.23831456668734458,6036.068932745419,2509.641999246071
14805.821049674883,0.18895594906362917,6036.368174270567,2509.7536404165257
14806.322415694498,0.13745774508126626,6036.628145512908,2509.850630566082
14806.56356628198,0.10817057906742157,6036.753188327483,2509.897281562142
14806.762281705194,0.08051675207375654,6036.856227412615,2509.9357233955166
14806.884460877043,0.06119308610520086,6036.9195804725905,2509.959359158927
14806.984951575963,0.04347631707642436,6036.971687498621,2509.9787992494525
14807.054004478185,0.030381050715408038,6037.00749321415,2509.9921576456873
14807.099177684202,0.022177556113277867,6037.030916689684,2510.000896475434
14807.136125392968,0.01759070875985857,6037.050075032191,2510.0080440691895
14807.17153003574,0.017813772204555333,6037.068433255084,2510.0148931541344
14807.204517787422,0.022020243816280066,6037.085538257455,2510.021274687436
14807.244298225172,0.029171463049404076,6037.106165443235,2510.0289702764803
14807.281046065165,0.036194503457775445,6037.125220148661,2510.036079204428
14807.362787076401,0.0512944735504761,6037.167604977055,2510.0518921319444
14807.453909530479,0.06674417388537371,6037.2148543262665,2510.0695199130837
14807.579317446553,0.0859671098805889,6037.279881574397,2510.0937802682047
14807.769024607087,0.11176875960415866,6037.378249644135,2510.130479406623
14808.04919729531,0.1449690915740333,6037.523526430573,2510.1846792280526
14808.456997043284,0.18645916609857643,6037.734981150255,2510.2635686702565
14809.046150397175,0.23716422602033457,6038.040472409131,2510.3775411778793
14809.89454389626,0.2977630194566664,6038.480386396872,2510.541663940119
14811.11048639651,0.3678381736577752,6039.110884066097,2510.7768893020284
14812.839428308538,0.44458797495891395,6040.007385235739,2511.111354526446
14815.263962245976,0.5205633609578503,6041.264568935288,2511.580381773657
14818.571183738655,0.5799020838782614,6042.9794491002385,2512.2201638021515
14822.8404195542,0.594381109891795,6045.193158801169,2513.046044871137
14828.001094478826,0.5207193356850227,6047.869103062106,2514.0443703248056
14830.833297840463,0.42871161288064935,6049.337674318303,2514.592254318085
14832.866317210106,0.3291836438532146,6050.391847890701,2514.9855369841566
14833.966189284833,0.2569641139452966,6050.962160265976,2515.1983042887473
14834.763170339133,0.1912319088343693,6051.375415749085,2515.3524780142766
14835.194230237626,0.14802634512159096,6051.598931562335,2515.4358652865026
14835.513129350353,0.11037428696939783,6051.764289080485,2515.4975553644404
14835.696422684907,0.08531664269253283,6051.859331461657,2515.5330129033728
14835.826278496874,0.06529390677278533,6051.9266650918835,2515.5581331125336
14835.93154651904,0.04715137104534837,6051.981249310997,2515.578496887039
14836.011735185017,0.032078927127994164,6052.022829228917,2515.594009136161
14836.058380391936,0.02342317462834058,6052.047015987151,2515.603032506517
14836.094275899663,0.01830499921737625,6052.0656287455695,2515.6099763807215
14836.129941167932,0.017286445987222007,6052.084122118825,2515.6168757156124
14836.164065459443,0.020913107019640005,6052.101816455389,2515.623476953162
14836.192651369305,0.025762336242386216,6052.116638996399,2515.6290068079447
14836.22037102431,0.030972995319197436,6052.131012361644,2515.6343690883095
14836.274416923545,0.04125742790901355,6052.159036572266,2515.644824097733
14836.356860348154,0.05610148986451525,6052.201785641688,2515.660772518315
14836.457443182604,0.07262384194381098,6052.25394046907,2515.680229949045
14836.60184734331,0.09392788875318181,6052.328817799106,2515.7081644736586
14836.818674645967,0.12212486025608374,6052.441248420723,2515.750109017866
14837.137286933556,0.1580381040559577,6052.606457217199,2515.811743526104
14837.599332174683,0.20253825887852273,6052.846039749617,2515.9011246422074
14838.266127127095,0.2565502604665815,6053.191790361559,2516.030113848149
14839.22503101777,0.32048661490376135,6053.689007100321,2516.215610403605
14840.596295940053,0.3933052492241566,6054.400043829884,2516.480876477661
14842.538657345305,0.4709493695746445,6055.407209052583,2516.856618508439
14845.243306320013,0.5436285965988243,6056.809640386466,2517.379820993257
14848.870257181572,0.5915583313141147,6058.690309508688,2518.0814368678602
14853.857190483517,0.5776543533174319,6061.27616537815,2519.046131193866
14857.345706152546,0.5108547054524658,6063.085052490218,2519.7209626184713
14860.834221821575,0.3824267698008959,6064.893939711188,2520.3957920687403
14862.085545837663,0.3139402494368938,6065.542784185252,2520.6378516437335
14863.33686985375,0.22534189893286405,6066.191628673317,2520.8799109648753
14863.817765475813,0.1828173932490661,6066.440985733805,2520.9729365776157
14864.298661097875,0.1323244472069066,6066.690342796362,2521.0659621528725
14864.51668525632,0.10536789858277107,6066.803394073082,2521.108137244286
14864.71117612058,0.07792263046004994,6066.904242716416,2521.145759994996
14864.829977927262,0.058863630398183986,6066.965844587062,2521.1687412809656
14864.927883729648,0.04138377620282627,6067.0166113283585,2521.1876803956247
14864.991529340994,0.029272903707100537,6067.0496132568605,2521.1999921424253
14865.035100013274,0.02150018725616105,6067.072205799886,2521.2084205485576
14865.072077352479,0.017334086934260064,6067.091379525786,2521.2155735256792
14865.099742623668,0.017557188376007525,6067.105724698759,2521.2209251559143
14865.127407894857,0.02065272173845751,6067.120069871739,2521.226276786026
14865.156350735602,0.0255092576245025,6067.135077498247,2521.231875551833
14865.18420608452,0.030733669053281638,6067.149521231558,2521.2372639507366
14865.236509352026,0.04069554417867785,6067.176641855677,2521.247381607517
14865.318795832743,0.05555649232886891,6067.219309566944,2521.2632992807776
14865.418245625831,0.07195146172706021,6067.270876908585,2521.2825370605183
14865.5604448578,0.09302052492086003,6067.344610962357,2521.3100443799613
14865.774138634572,0.1209491584317277,6067.455416824369,2521.351381748829
14866.088333555224,0.1565614642615441,6067.618335182157,2521.412160254671
14866.544121139117,0.20072653898243684,6067.8546730739545,2521.5003287054533
14867.20196029755,0.25437320948764247,6068.195780043149,2521.627582352689
14868.148133813156,0.3179476431263985,6068.686395994728,2521.810611818739
14869.501549724451,0.39048381691656686,6069.388177895617,2522.0724187167643
14871.419495657059,0.46807576902058956,6070.382683552802,2522.4434286801365
14874.09243005971,0.5412118205457255,6071.768670740743,2522.960483604917
14877.684783460525,0.5905592698574996,6073.631401098623,2523.6553899776386
14882.598166501239,0.5802266809040828,6076.179120489761,2524.605833507662
14886.152567368115,0.5150160550136169,6078.022171722715,2525.2933934493317
14889.706968234992,0.3868422745059303,6079.865223068149,2525.980951350387
14890.991238103388,0.31750800841986887,6080.531151165676,2526.229378060007
14892.275507971784,0.2274251991776887,6081.1970792778775,2526.477804503411
14892.76240884293,0.1846651194501953,6081.44955034401,2526.571989507136
14893.249309714074,0.13388248487789292,6081.702021412253,2526.666174472606
14893.471311122667,0.10660798510721188,6081.81713505538,2526.7091178930427
14893.669572947121,0.07878251948213849,6081.919939092224,2526.747469178495
14893.789380413853,0.05965407878602364,6081.982062455063,2526.7706444405962
14893.888152709818,0.04209421298822413,6082.033278521636,2526.789750709188
14893.953490537857,0.029673430598165327,6082.067157926004,2526.802389496148
14893.99772266037,0.021729425308858075,6082.090093459845,2526.8109456475304
14894.034780010796,0.017408707261096956,6082.109308683241,2526.8181139286644
14894.063810763399,0.017557072581439934,6082.124361901846,2526.8237295646463
14894.092841516001,0.020855660597806778,6082.1394151204595,2526.8293452004923
14894.122732119567,0.025931137110748164,6082.154914194711,2526.8351271636066
14894.150599345932,0.031177545169303815,6082.1693640939875,2526.840517729598
14894.205980005174,0.04170747528639789,6082.198080441212,2526.851230424289
14894.28858248639,0.05654336144322901,6082.240912028404,2526.867208838472
14894.39008513936,0.0731683713212244,6082.293543858268,2526.8868432523714
14894.536285106527,0.09466259135258417,6082.36935243656,2526.9151237976275
14894.755657065845,0.12307568530815802,6082.483102642715,2526.9575585381945
14895.077854560515,0.15923091309059983,6082.6501706295485,2527.0198835684887
14895.544981613384,0.20400037994154374,6082.892388456001,2527.1102433590563
14896.219047954135,0.2583050305473646,6083.241909821838,2527.2406328623533
14897.188282572402,0.32252919673206804,6083.7444838147585,2527.4281187613533
14898.57401953066,0.3955677855992457,6084.463025390945,2527.696171387095
14900.53614650081,0.47323951211681436,6085.480440592179,2528.0757185656
14903.2663793774,0.5455246842505493,6086.896139262769,2528.6038445101462
14906.920793266594,0.5922708278066464,6088.79105057666,2529.31073866291
14911.965801058093,0.575395019850176,6091.407022205467,2530.2866198044044
14915.505480357884,0.5044572217633314,6093.2424408381785,2530.9713152668182
14918.532379583463,0.39336759044682074,6094.811969340347,2531.556819865582
14919.995936758896,0.314965049900319,6095.570863052449,2531.839920753356
14921.18145233593,0.2320515850107298,6096.1855847404395,2532.0692388481
14921.741462836053,0.18314361624147144,6096.475965239629,2532.1775634035207
14922.21278144951,0.1338340673835068,6096.720356613411,2532.268731975157
14922.447339107543,0.10490230768004934,6096.841981066565,2532.3141031524683
14922.634973090357,0.07842747709167026,6096.939274332649,2532.3503977389796
14922.754832444572,0.059248560425546326,6097.001424631321,2532.3735824791856
14922.853125913218,0.041735975644103834,6097.052392438425,2532.392595666291
14922.917603075508,0.02947248515035713,6097.085825581237,2532.405067667582
14922.961506125092,0.02161367460432689,6097.108590493276,2532.413559959224
14922.998533901009,0.017369635022367054,6097.127790391012,2532.420722346903
14923.02680979271,0.017553328347127403,6097.142452201393,2532.426191832655
14923.05508568441,0.020734537545334438,6097.157114011781,2532.431661318279
14923.084324504065,0.025663758558927337,6097.172275126222,2532.437317065643
14923.112138542676,0.03088781492497275,6097.186697453376,2532.442697213463
14923.165520055716,0.04104930878887611,6097.214377203746,2532.453022949518
14923.247898731082,0.05589847985424362,6097.2570927627985,2532.4689576872584
14923.348059979537,0.07237349353430053,6097.309029064404,2532.4883321564134
14923.491642158182,0.09359000683452386,6097.3834802864685,2532.516105654176
14923.707302740311,0.12168715220802244,6097.49530610003,2532.5578214705706
14924.024270185213,0.15748834577098306,6097.659662248055,2532.619133337025
14924.483984132768,0.20186350217278634,6097.8980362998045,2532.7080570152293
14925.147441750549,0.2557389603289146,6098.2420569301785,2532.8363913077055
14926.101600592368,0.3195395862788753,6098.736813975649,2533.0209565525406
14927.466210560542,0.39225130627977156,6099.444400993481,2533.2849160941764
14929.399464703205,0.4698729425235805,6100.44684535771,2533.6588692317487
14932.092275245628,0.5427169582699758,6101.843140236386,2534.179743852909
14935.706297803703,0.5911652648739482,6103.7171084865695,2534.8788081499283
14940.666133516172,0.5785763611234741,6106.288917372661,2535.838191134583
14944.151415833308,0.5130653626918704,6108.096130594439,2536.5123483148864
14947.636698150445,0.386614410516146,6109.903343923267,2537.1865035504156
14948.92627202656,0.3168993902134477,6110.5720229512135,2537.4359442510035
14950.215845902674,0.22617495619907038,6111.2407019938055,2537.6853846855283
14950.696742812157,0.1837848903715901,6111.490060092484,2537.7784038203495
14951.17763972164,0.13350490543698673,6111.739418193198,2537.87142291818
14951.399034377593,0.10626045647811387,6111.854217332383,2537.914246909717
14951.5960839841,0.07856480281087865,6111.956392902912,2537.9523618731755
14951.715651022305,0.05945155112267833,6112.018391658427,2537.975489514871
14951.814198471631,0.041912612472607996,6112.069491186528,2537.9945513727766
14951.879089677275,0.029573450354445023,6112.103139038539,2538.0071031624598
14951.92316377366,0.021670861544250727,6112.125992654206,2538.0156283356
14951.960208817729,0.017388588220914228,6112.145201515409,2538.022793891561
14951.988841039152,0.017554211059578138,6112.160048099653,2538.0283321702827
14952.017473260576,0.020789564078148536,6112.174894683904,2538.033870448874
14952.046979934197,0.02578008758256928,6112.190194695371,2538.039577871028
14952.074796411414,0.03101003579311136,6112.204618294116,2538.0449583614422
14952.129025706923,0.04132803300765129,6112.232737656356,2538.0554478347303
14952.21149100965,0.056170222362190984,6112.2754981551,2538.0713989462683
14952.312217691364,0.07270859630538762,6112.327727674801,2538.0908823212158
14952.456901534902,0.09404217409867115,6112.402750176722,2538.118868245487
14952.674125904034,0.1222727230906594,6112.515386911425,2538.1608855411732
14952.993297156652,0.15822337948023704,6112.680885874609,2538.222622214531
14953.456133626223,0.2027648605879868,6112.920879156329,2538.312147741878
14954.124059442809,0.25682130332340897,6113.267216838736,2538.441343228721
14955.084567818589,0.3208004808585607,6113.765266533983,2538.6271322200137
14956.45807612331,0.39364991089605766,6114.477467930011,2538.8928066095586
14958.403492095176,0.4712924087981713,6115.486219027657,2539.2691032001194
14961.112071231548,0.5439002279303352,6116.890691039903,2539.793015386646
14964.74316078381,0.591629026053425,6118.7735099155,2540.4953641063826
14969.739275837277,0.5772324506700365,6121.364131897957,2541.461741407906
14973.233321860362,0.5098239351988566,6123.175890231863,2542.137577514978
14976.375213158411,0.39709524966188936,6124.805046810004,2542.745296406973
14977.840858490079,0.31971217108677813,6125.565024033839,2543.0287876490906
14979.073271940599,0.23454853664108244,6126.204064157569,2543.2671659417047
14979.632899252525,0.1861381767607516,6126.494246248586,2543.375411193846
14980.12303045454,0.13530782545299602,6126.748392705172,2543.4702142020024
14980.357925226735,0.10653781677426725,6126.870192080817,2543.515648412815
14980.551979114123,0.07933721102255316,6126.970814338988,2543.553183022843
14980.672773693821,0.060107523302673195,6127.0334496388,2543.5765475475937
14980.772028578247,0.04250531604950581,6127.08491601644,2543.595745784796
14980.838425306452,0.029891550088702035,6127.119344539654,2543.6085884782105
14980.882975490335,0.02186211443245286,6127.1424450309405,2543.6172055342386
14980.920038597422,0.017457295852462695,6127.161663267733,2543.624374412834
14980.95009299281,0.01757059042722283,6127.1772472954335,2543.6301876412103
14980.9801473882,0.021040778901171387,6127.192831323143,2543.636000869443
14981.011387754656,0.026404445558660616,6127.209030309362,2543.642043492272
14981.039819908387,0.03177795298466197,6127.223773160326,2543.6475429404695
14981.099242231097,0.04304553786825972,6127.254585263291,2543.659036616847
14981.182494193105,0.05788563015265477,6127.297753687404,2543.6751395056153
14981.286784876595,0.07481774321018529,6127.3518312653305,2543.6953117767025
14981.438477803795,0.09688790300667063,6127.430488206055,2543.7246527535253
14981.665587527206,0.12594966287932485,6127.5482508232,2543.7685811041415
14981.998682864662,0.16283044661365692,6127.720969887332,2543.8330095450697
14982.481275900018,0.20840801642457546,6127.971207607962,2543.9263543113807
14983.177469125245,0.2635878344239863,6128.332202887152,2544.061014278755
14984.178122346513,0.3286658255417046,6128.851069031014,2544.2545637578028
14985.607827294707,0.40234141247041477,6129.592410279688,2544.5311014887475
14987.629886961908,0.48004884914416296,6130.640903735714,2544.922213654324
14990.437318626742,0.5510631596050212,6132.096634195329,2545.4652334849616
14994.172464742931,0.5941224047916586,6134.033410196106,2546.187692016593
14999.385012743622,0.5679981499915607,6136.736259915339,2547.195908514362
15002.974551247846,0.48713657447452957,6138.597534642355,2547.890198305879
15005.671576796354,0.38108327226240085,6139.996016857012,2548.4118565844233
15007.111545444563,0.3003603665487048,6140.742680386153,2548.6903746326834
15008.16219837483,0.22408234178613615,6141.287472970502,2548.8935912132065
15008.718108905281,0.17405958550576775,6141.5757279497775,2549.001114981927
15009.135942901023,0.1291328129641024,6141.792386430183,2549.0819320658466
15009.367269825663,0.0999612364669416,6141.912335837731,2549.1266751042253
15009.53667852947,0.07556325646631745,6142.000178935785,2549.1594419726007
15009.65353848202,0.056559113105037535,6142.0607740531805,2549.182044909453
15009.748998580164,0.039308356670603596,6142.110272754299,2549.2005087059492
15009.808619295722,0.02794881643988973,6142.141187744344,2549.2120404842576
15009.849579424279,0.020824541636066122,6142.162426703921,2549.2199629504357
15009.885983681474,0.017166643252440723,6142.181303318194,2549.227004224411
15009.912099659156,0.017719485050227076,6142.194845174983,2549.2320555498172
15009.938215636837,0.020760571357921503,6142.208387031776,2549.237106875116
15009.9690880563,0.025994477335823822,6142.224395235203,2549.2430781863072
15009.997051775696,0.03126203386420907,6142.238895197197,2549.2484868996335
15010.052966556765,0.041889804504372144,6142.267888557828,2549.259301877671
15010.135642571347,0.0567237784468825,6142.3107583583205,2549.275292984388
15010.237521054969,0.07339045652472281,6142.36358517026,2549.2949982107325
15010.384456781647,0.094962173435327,6142.439775409265,2549.3234183575005
15010.604869331743,0.12346300225251751,6142.554065414173,2549.366050304284
15010.928532164786,0.15971623198360854,6142.721893547961,2549.428652790359
15011.397736347273,0.20459450177522537,6142.965188899785,2549.519405684296
15012.074773382286,0.25901675002226054,6143.316251339902,2549.6503572905904
15013.04822538812,0.3233552903655953,6143.821013152871,2549.8386409605173
15014.439863458105,0.39647845980107266,6144.542616031024,2550.1078093094907
15016.410033837015,0.4741527572741715,6145.564203961575,2550.4888759025357
15019.150632573374,0.5462626671354998,6146.985280398507,2551.0189562553296
15022.815972337694,0.5925034229460824,6148.885860802028,2551.727896049023
15027.884296567365,0.5743703591805295,6151.51392778463,2552.708193683606
15031.446500744369,0.5016275186486483,6153.361029792169,2553.3971803887625
15034.414254590343,0.39146784623835434,6154.899892842675,2553.9711894541406
15035.877361488125,0.3125138689079917,6155.65855455933,2554.2541762337623
15037.038631330206,0.23079998917963732,6156.260705360864,2554.4787829671063
15037.599217211695,0.1816047460748337,6156.551384779632,2554.5872084773146
15038.060843383613,0.13309290458173878,6156.790750830257,2554.676493694779
15038.295324901272,0.10406705960604161,6156.91233604047,2554.7218458186885
15038.479688013447,0.07796607502884967,6157.0079334592,2554.7575043105053
15038.599075248241,0.05881303378832164,6157.069839072367,2554.7805955252124
15038.696890277139,0.041345156953498746,6157.1205588948205,2554.799514362202
15038.760461607722,0.0292479656192021,6157.153522404016,2554.8118099733656
15038.803981464125,0.02148757215679107,6157.17608866423,2554.8202273401876
15038.840953376513,0.017330272050159565,6157.195259632726,2554.827378240125
15038.868556875419,0.017558100485138832,6157.209572817359,2554.832717153929
15038.896160374325,0.020645533135074327,6157.223886001997,2554.8380560676123
15038.925084375229,0.025496920266405272,6157.238883903787,2554.8436503852454
15038.952945868612,0.030721841831723922,6157.253330865777,2554.8490391985224
15039.005166117915,0.040668237549833355,6157.280408522632,2554.8591393449756
15039.087446529958,0.05553012788213575,6157.323073212966,2554.875053557898
15039.186842300305,0.071918851501696,6157.3746126944,2554.8942781254027
15039.328936283135,0.09297641488048217,6157.448292391021,2554.921761136865
15039.542480519727,0.12089178716000733,6157.559021039067,2554.96306364478
15039.85646376946,0.1564888996481728,6157.721830120035,2555.0237924805156
15040.311950215484,0.20063655642486497,6157.958012560372,2555.1118900236206
15040.969356230953,0.25426339240808066,6158.298895938626,2555.2390416194576
15041.914910033742,0.3178165509706616,6158.789191998214,2555.421924942003
15043.2674488989,0.3903325818604033,6159.490521194713,2555.6835246193464
15045.184176942985,0.4679109622925944,6160.484398273148,2556.054245773812
15047.85548232711,0.5410504559605754,6161.869544851802,2556.570911435962
15051.44588511927,0.5904360768337888,6163.731269248028,2557.265340876584
15056.355783444902,0.580220094597629,6166.277189211013,2558.2149742029833
15059.915895434991,0.5149590475457615,6168.12320723921,2558.903540261662
15063.47600742508,0.38651018725260433,6169.969225376863,2559.592104326382
15064.756794454517,0.31730810981828445,6170.633349479885,2559.8398218672583
15066.037581483954,0.2274482071869546,6171.297473597063,2560.0875391502404
15066.52493708631,0.18465068569798762,6171.550181195196,2560.181798629876
15067.012292688665,0.1338139431941735,6171.802888795379,2560.27605807218
15067.234066351964,0.10656088256747634,6171.917884683998,2560.31895130188
15067.43221372045,0.0787459208776517,6172.0206296739,2560.3572749649084
15067.551975376327,0.05962118283108725,6172.082729464829,2560.3804380519878
15067.650711515276,0.04206481461655267,6172.133926933269,2560.3995345947383
15067.715977031834,0.029657331463139078,6172.167768941518,2560.4121575882778
15067.760183755758,0.02172003455975254,6172.19069137278,2560.420707603586
15067.79723990492,0.01740545229007519,6172.209906029672,2560.4278746271516
15067.826203464914,0.017556475445133096,6172.224924451193,2560.43347646426
15067.855167024909,0.020844146975435726,6172.239942872719,2560.439078301237
15067.884986431938,0.025903989774122112,6172.255405075042,2560.444845667298
15067.912840918472,0.031146731691588957,6172.2698484107605,2560.4502329983193
15067.968010900902,0.04163785872936298,6172.29845560039,2560.460903413924
15068.050586863657,0.05647455512303353,6172.341273562696,2560.476874413975
15068.151947167282,0.07308356155171263,6172.393831734854,2560.4964784880835
15068.297868366832,0.09454805607324657,6172.469495986725,2560.524701072472
15068.51684606174,0.12292731993460833,6172.583042089436,2560.567053489918
15068.83848723851,0.15904433820640324,6172.749822099947,2560.6292620102918
15069.30482401249,0.20377072649376926,6172.991630855144,2560.719456032436
15069.9777572632,0.2580276980626532,6173.340565707177,2560.849607742143
15070.94537797572,0.32220331430448423,6173.842304318544,2561.0367546932684
15072.328845872262,0.3952011677884455,6174.559671429298,2561.3043301474813
15074.287855713837,0.4728574579303638,6175.575473293971,2561.6832202093688
15077.0140076109,0.5451850748518925,6176.98906000978,2562.210481418181
15080.663875017632,0.592084397383313,6178.881619393312,2562.9163953203765
15085.699999263707,0.5756145258426687,6181.492992307238,2563.890419087191
15089.231019863884,0.5052783816917149,6183.323926525334,2564.573342279627
15092.27642363064,0.3939134457865818,6184.903054743392,2565.162342333627
15093.739720796324,0.3157051188970429,6185.661815849964,2565.4453526017755
15094.932829346519,0.23241940834755573,6186.280476505466,2565.6761065563824
15095.492521967366,0.1836123164187674,6186.570693023201,2565.7843542041
15095.966882207962,0.13405304953561065,6186.816662280663,2565.876098059247
15096.201410703798,0.10515655824101157,6186.938271967511,2565.9214571351945
15096.39006762123,0.07856489469000075,6187.036095938324,2565.9579443942384
15096.510064935146,0.05937906363034149,6187.098317954477,2565.981152515045
15096.608503264963,0.041853127812379064,6187.149361025019,2566.000191011608
15096.673262097198,0.029538177164166537,6187.1829403193115,2566.012715713376
15096.717272370015,0.0216515655678818,6187.205760896106,2566.0212275332856
15096.754312677294,0.017382129723469666,6187.224967347764,2566.0283913247017
15096.782819995424,0.01755370049535055,6187.239749202128,2566.03390479072
15096.811327313553,0.020769713188847655,6187.254531056501,2566.0394182566106
15096.840731744524,0.025737059192672457,6187.269778089376,2566.0451052287303
15096.868544388302,0.030964253307198222,6187.284199735374,2566.050484340683
15096.922457020239,0.041223765200316516,6187.312154966793,2566.0609113276146
15097.004888739148,0.05606825262710905,6187.354898155133,2566.0768540552763
15097.105403936837,0.07258281978873245,6187.407018141097,2566.0962942213337
15097.24967516736,0.09387236884663375,6187.481826873487,2566.1241970307146
15097.466314391506,0.1220526926924061,6187.594160467191,2566.166096181858
15097.784660329336,0.157946798674546,6187.759231882752,2566.227665926357
15098.246325992824,0.20242487993897473,6187.99861865049,2566.316954416017
15098.912574476295,0.25641159512517747,6188.344087428159,2566.445810205821
15099.87069579939,0.32032056950390825,6188.840900576719,2566.6311155412786
15101.240851875578,0.39311277095266844,6189.551365473939,2566.896110157537
15103.18167076524,0.47073791440818713,6190.5577352990085,2567.2714731381216
15105.884250153109,0.5434181995924621,6191.95909967395,2567.794162996708
15109.508705790555,0.5913903966333375,6193.838483235125,2568.4951456845515
15114.491352551222,0.5776237226496266,6196.422127791763,2569.4588040468475
15117.977441413086,0.510996115424596,6198.229764490438,2570.1330214592977
15121.46353027495,0.3828675564001374,6200.03740129301,2570.8072369764495
15122.719282874492,0.31423678202511374,6200.6885449650445,2571.0501012016093
15123.975035474034,0.22538460385025147,6201.339688650551,2571.2929651810077
15124.455721343329,0.1828898284415932,6201.588938043381,2571.3859303091976
15124.936407212625,0.1324397328146941,6201.838187438185,2571.478895401386
15125.154782392887,0.10545293926775612,6201.9514212262175,2571.5211293515495
15125.349515846468,0.07798459572402228,6202.052396101907,2571.5587909649043
15125.468391239825,0.058920741713386765,6202.1140363998475,2571.581781562843
15125.56635907033,0.0414354200070659,6202.164835527414,2571.600728619435
15125.630123615327,0.029302831128732807,6202.19789927133,2571.6130607325144
15125.673745731592,0.02151699706697586,6202.220518588737,2571.6214972836938
15125.71073220793,0.017339232211591386,6202.23969713669,2571.628650496723
15125.738478888525,0.01755615450151024,6202.25408458576,2571.634016725994
15125.76622556912,0.020662324779717085,6202.268472034836,2571.6393829551457
15125.795196305171,0.02552608987174414,6202.283494191754,2571.6449859174263
15125.823045644023,0.030750131415801962,6202.297934872093,2571.6503720005167
15125.875464993831,0.04073341146126939,6202.325115807291,2571.660509941887
15125.957760677535,0.05559279541598018,6202.367788477906,2571.6764259876636
15126.0572870956,0.07199618795864415,6202.4193957782045,2571.695674468734
15126.19963463221,0.09308073394500728,6202.493207055913,2571.7232045823484
15126.413539946328,0.12102694965380768,6202.604123092578,2571.764574014484
15126.728031936198,0.15665851487509894,6202.767196204508,2571.8253969646635
15127.184238054486,0.2008442681352876,6203.003752155878,2571.9136274897223
15127.842672995515,0.25451226931911447,6203.3451695527,2572.040969127992
15128.789687674704,0.3181055177668067,6203.836223824954,2572.224122109785
15130.144271492674,0.3906513409504957,6204.538614398359,2572.486098867852
15132.063789670174,0.4682310624613904,6205.53393967228,2572.857333545186
15134.7387018538,0.5413100518971309,6206.920958474022,2573.3746604126663
15138.332984217586,0.590519264427313,6208.7846972183215,2574.069791325568
15143.251519931278,0.5798692081830944,6211.335099576284,2575.021028367149
15146.788220086863,0.5148012418233889,6213.168980545592,2575.7050182703224
15150.324920242447,0.3873658875858302,6215.002861621303,2576.389006231166
15151.616068834714,0.3177668234662703,6215.672359446637,2576.6387102894455
15152.90721742698,0.2272218699762823,6216.341857286141,2576.8884140890345
15153.392589871964,0.18457688995515742,6216.593536922357,2576.982283422189
15153.877962316948,0.1339541824133624,6216.845216560576,2577.076152718795
15154.10029668336,0.1066464534371872,6216.960503354882,2577.1191513786453
15154.298621219912,0.07881819839110125,6217.063340358891,2577.1575066180358
15154.418475203489,0.059686461477202246,6217.1254881134555,2577.1806859367694
15154.517283226578,0.04212358291326505,6217.176722929317,2577.199795042628
15154.582695709138,0.029689317245233025,6217.210641192215,2577.212445573752
15154.626951673967,0.021739040736314476,6217.23358918918,2577.2210045125657
15154.664011098115,0.017412119827660003,6217.252805571801,2577.228171666974
15154.69310881847,0.01755771270581441,6217.267893580881,2577.233799057414
15154.722206538825,0.020867018992476682,6217.282981589968,2577.2394264477234
15154.75216948876,0.025958178465278658,6217.2985182456105,2577.24522117006
15154.780053091445,0.03120882586738693,6217.312976699604,2577.250613754299
15154.835647715276,0.041777923880364796,6217.341804119097,2577.261365545794
15154.918278529118,0.056612895616335965,6217.384650584675,2577.2773460340322
15155.019926926821,0.07325388713755505,6217.437358217304,2577.2970044499234
15155.166411845226,0.09477783015369859,6217.513314882192,2577.32533407662
15155.386187220813,0.1232244549383535,6217.627274768207,2577.3678377930487
15155.708951756902,0.1594167389285431,6217.794637512132,2577.4302592053405
15156.17688074491,0.20422670197969334,6218.037272223031,2577.520754832207
15156.85209127913,0.25857407075460087,6218.387388412666,2577.651337835448
15157.822945310681,0.32283774905979223,6218.890804312707,2577.839096978812
15159.210938169559,0.39590104667778636,6219.610518775527,2578.107528787635
15161.176117617802,0.4735602725350488,6220.629521215427,2578.4875854729294
15163.910226236943,0.5457550686959797,6222.047235747032,2579.0163485351827
15167.568508328717,0.592269167564549,6223.944161098506,2579.72384035781
15172.62259297354,0.5748400856962224,6226.564850737346,2580.701269380593
15176.171644763699,0.5031083897180241,6228.405137270175,2581.38763190336
15179.171322488732,0.3924495411446087,6229.960557461719,2581.967747692901
15180.634285967468,0.3138158992731668,6230.719146625539,2582.2506736529517
15181.808668902953,0.2314508687349175,6231.328098387593,2582.477790101358
15182.368780639343,0.18242469687846777,6231.618532643183,2582.586111242876
15182.835646875077,0.13347991475728704,6231.860616391768,2582.676399411404
15183.070114901197,0.10451109589758378,6231.982194896844,2582.7217436258857
15183.256237232563,0.07820847615694809,6232.078704750494,2582.7577381690885
15183.375869834756,0.05904256209943691,6232.140737741771,2582.7808741373024
15183.473936551667,0.04155135054305329,6232.191588193019,2582.799839437785
15183.53798074123,0.02936737304988001,6232.224796972166,2582.812225059113
15183.581706792627,0.0215542322132465,6232.247470204428,2582.820681318692
15183.618711589186,0.01735071399549278,6232.266658270145,2582.8278377425013
15183.646650154822,0.017554428427174605,6232.281145230852,2582.8332408315523
15183.674588720458,0.02068683663311843,6232.295632191567,2582.838643920483
15183.70363907448,0.025570736247056015,6232.310695646976,2582.84426202002
15183.731473120002,0.03079405235064622,6232.325128410977,2582.8496448953747
15183.784200494574,0.040834384606261924,6232.352469091784,2582.8598419353903
15183.866521127195,0.05569015264937958,6232.395154739626,2582.8757620669435
15183.966250227992,0.07211633985062813,6232.44686718579,2582.8950488512946
15184.108991453057,0.09324284501060245,6232.5208826724665,2582.9226538225344
15184.323457009614,0.12123702749590917,6232.632089316396,2582.964129679798
15184.638738625814,0.1569222954318915,6232.795572027301,2583.0251025127113
15185.09606250853,0.20116765243256915,6233.032707796523,2583.1135451070604
15185.756096430334,0.25490039119262664,6233.374954635361,2583.2411900619195
15186.705382885442,0.3185573193488683,6233.867187355438,2583.424773882193
15188.063149787302,0.3911518622952596,6234.571229116805,2583.6873540591714
15189.987017569754,0.4687378593795158,6235.568810731545,2584.0594126803217
15192.66756902042,0.541729988626246,6236.958754972612,2584.5778061240308
15196.26797299931,0.5906769909897953,6238.825669719019,2585.2740886530787
15201.199812043318,0.5793736602904367,6241.382972658073,2586.227854315799
15204.709547916204,0.5143931136628174,6243.202873591306,2586.906597940054
15208.219283789089,0.3879249376251233,6245.022774628284,2587.5853396679486
15209.518448583536,0.317992453329057,6245.6964297221575,2587.836582411616
15210.817613377983,0.22687273790751203,6246.370084830236,2588.0878248956237
15211.300687095656,0.18439043517970843,6246.620572746461,2588.1812453418056
15211.783760813329,0.13399328469946617,6246.871060664651,2588.2746657520956
15212.006390394756,0.1066522642766725,6246.986500645462,2588.3177195143735
15212.204650493542,0.078834810593229,6247.089304333681,2588.3560605186517
15212.324531501308,0.059700539825335304,6247.151466159753,2588.3792439916665
15212.42335466503,0.04213636659593535,6247.202708874846,2588.398355141905
15212.488799600216,0.029696208616564804,6247.236643997405,2588.4110113639877
15212.533065908116,0.02174319374991255,6247.259597379218,2588.4195719072527
15212.570126052353,0.01741359301468208,6247.278814153367,2588.4267388695075
15212.599253313292,0.017558008145388947,6247.293917494352,2588.432371712513
15212.628380574231,0.020872091739289472,6247.309020835343,2588.4380045553885
15212.658376313875,0.025970360072920366,6247.324574508079,2588.4438053508943
15212.686267699117,0.031223006092658042,6247.3390370112065,2588.449199190832
15212.741959101697,0.041809840965279045,6247.3679146405375,2588.4599692009565
15212.824602893372,0.056644468253828996,6247.410767875949,2588.475951460028
15212.926317194471,0.07329273433591885,6247.463509731181,2588.4956217118324
15213.072931125365,0.0948302152275527,6247.539533364536,2588.5239749780185
15213.292889001148,0.12329214226427336,6247.653587989835,2588.566512022452
15213.615910347646,0.1595014512675976,6247.821084055477,2588.6289802125725
15214.084203058545,0.2043302072066793,6248.063907596392,2588.719541994981
15214.759933322359,0.25869770947265314,6248.41429361152,2588.8502194705566
15215.731524346927,0.32298062350466294,6248.918092139144,2589.0381124599007
15217.120546710014,0.39605737934692453,6249.63834110919,2589.306730955389
15219.087125557538,0.4737147619025972,6250.658070139912,2589.6870407049555
15221.82302759782,0.5458750134154736,6252.076715949856,2590.2161261661545
15225.483161939492,0.5922943705553703,6253.974603535046,2590.9239435223803
15230.541334522073,0.574633612454392,6256.597415358129,2591.902117989739
15234.094383920235,0.5025707264381871,6258.439776500656,2592.589221934559
15237.08301310413,0.3920871511405837,6259.989469159511,2593.1671743770894
15238.545829199036,0.31335407916589697,6260.747982613525,2593.4500588007118
15239.71568552348,0.23121313392557938,6261.354587765949,2593.6762894172275
15240.275880558198,0.1821353071853166,6261.645065487075,2593.7846216787198
15240.740937651966,0.13333935550340334,6261.8862113693785,2593.8745558322134
15240.975382760962,0.10435393860312908,6262.007778105459,2593.9198935270065
15241.160893585164,0.07812118064632181,6262.1039709651795,2593.955768157815
15241.280436457257,0.058960282450629335,6262.165957487011,2593.9788857085164
15241.378412924672,0.041477532956304776,6262.216761188986,2593.9978326830897
15241.442286755666,0.029324857771930567,6262.249881663357,2594.0101847897345
15241.485939884666,0.021530430970762533,6262.272517104492,2594.0186265580364
15241.52293389522,0.01734333131140292,6262.291699595369,2594.0257805665315
15241.550747393967,0.01755544752611616,6262.306121718796,2594.031159221028
15241.578560892714,0.020670573836961463,6262.320543842229,2594.036537875406
15241.607557132329,0.025540856544003083,6262.335579251862,2594.0421452514884
15241.635401295716,0.030764616312425143,6262.350017275834,2594.047529835641
15241.68792247763,0.04076671992854442,6262.377251065314,2594.0576865320677
15241.77022632027,0.05562482694950465,6262.419928047146,2594.073602683787
15241.869819834059,0.07203568829526491,6262.471570235997,2594.0928623600157
15242.012297503408,0.09313397622261485,6262.545449130736,2594.120415093262
15242.226388191026,0.1210958538133829,6262.656461498451,2594.1618165479663
15242.541141019195,0.15674478447916698,6262.819670170616,2594.222684315619
15242.997715576226,0.2009495343451058,6263.056417614935,2594.310977932329
15243.656676405708,0.25463772041852467,6263.398108344932,2594.438409494867
15244.604436139221,0.31824996412114726,6263.889549876682,2594.6216896255733
15245.960059636596,0.39080843770490575,6264.592480880024,2594.8838432248
15247.880989097155,0.46838444420807634,6265.5885398236405,2595.255316513801
15250.557706886339,0.5414250699649724,6266.976497500906,2595.7729447627094
15254.153862413385,0.5905319716166557,6268.841211048533,2596.4683737241958
15259.076848714805,0.5796376781174223,6271.39392597192,2597.4203836420174
15262.60189689182,0.5146358977466406,6273.221768494287,2598.1020572086977
15266.126945068834,0.38765092630475056,6275.049611120273,2598.7837288788237
15267.422030609503,0.3178951195417886,6275.72115162933,2599.0341712559193
15268.717116150172,0.22707745717851868,6276.392692152364,2599.2846133771936
15269.201487360051,0.18450550157691922,6276.643853091206,2599.3782804473303
15269.68585856993,0.1339840266397438,6276.895014032003,2599.4719474816907
15269.908360553609,0.10665869113743613,6277.01038795747,2599.514974595436
15270.106687297271,0.07883231726362602,6277.113226299136,2599.5533267296573
15270.226560944951,0.05969907931679138,6277.175384366882,2599.576507716567
15270.325382827123,0.04213505170380624,6277.226626465345,2599.5956177428643
15270.39082461903,0.029695499481796842,6277.260559989735,2599.6082727769094
15270.435089776789,0.021742801544387205,6277.283512796619,2599.6168327053274
15270.472149995645,0.017413461798682667,6277.3027296274195,2599.623999353464
15270.501274073933,0.01755797621187056,6277.3178313322205,2599.629631322794
15270.530398152221,0.02087151230954701,6277.332933037027,2599.635263291994
15270.560390186267,0.02596895769096965,6277.348484802836,2599.641063105001
15270.588280909094,0.031221402934172436,6277.362946975999,2599.646456569582
15270.643961451518,0.04180621686916908,6277.391819001002,2599.6572239858788
15270.726603871457,0.056640851262406776,6277.434671565176,2599.6732052470525
15270.828310893912,0.07328825850951673,6277.487409695503,2599.6928731896433
15270.974910495694,0.094824144804217,6277.563425969829,2599.7212223852043
15271.194848179848,0.12328422880419163,6277.677470231748,2599.7637535752124
15271.517840798446,0.15949136800756178,6277.844951557631,2599.8262133466974
15271.986092292724,0.20431753767802546,6278.087753953386,2599.9167630079755
15272.661762852247,0.2586819515556867,6278.438109337416,2600.0474229491956
15273.633267730482,0.32296129352361735,6278.941863666213,2600.2352906697965
15275.022166739029,0.39603414769508466,6279.662049345925,2600.503873004347
15276.988571154541,0.47368770966754453,6280.681688880542,2600.8841316029343
15279.724231990225,0.5458451029991724,6282.100210942718,2601.413146194883
15283.384050150871,0.5922642169063864,6283.997936348911,2602.120870014952
15288.441771776608,0.5746094748082029,6286.6205167820435,2603.0989125398146
15291.99446953439,0.5025575508139035,6288.462697304443,2603.7859170805023
15294.983127834614,0.3920754359371498,6290.012406503564,2604.3638487496983
15296.445833912796,0.31334885458528006,6290.770863616409,2604.6466989795795
15297.615707645931,0.23120694039616976,6291.377478360094,2604.8729226325786
15298.175858976922,0.18213287578696827,6291.667933689715,2604.9812414969683
15298.640923346187,0.133336082911406,6291.909083568871,2605.0711729517097
15298.875353280715,0.10435242530118854,6292.030642549593,2605.1165056425175
15299.06086457488,0.07811952110911011,6292.126835742463,2605.152378726603
15299.180405025809,0.05895891969090916,6292.188821066495,2605.1754947538698
15299.278380089803,0.04147635073801512,6292.239624087999,2605.194440592201
15299.342251444354,0.029324161155092694,6292.27274330906,2605.206791656147
15299.385903260934,0.021530078548507095,6292.2953780907155,2605.2152327853346
15299.42289722614,0.017343231091294924,6292.314560575917,2605.2223864585158
15299.450708644566,0.017555466863646126,6292.328981634045,2605.227764465225
15299.478520062992,0.0206702810045959,6292.343402692181,2605.233142471817
15299.507515462801,0.025540327192175173,6292.358437680332,2605.2387494295576
15299.535360024305,0.030764122874471257,6292.372875924165,2605.24413384492
15299.587877823817,0.04076557349575691,6292.400107985092,2605.2542894236867
15299.670181454987,0.05562368941989139,6292.442784896955,2605.2702048080455
15299.769772852247,0.07203426393706923,6292.494426036344,2605.289463195926
15299.912246310696,0.09313202244376788,6292.568302816303,2605.3170138573323
15300.126331095047,0.12109326277677981,6292.679312226218,2605.3584122809016
15300.441075335231,0.15674137664327675,6292.842516597004,2605.419275609916
15300.897637267588,0.20094505261541576,6293.079257715159,2605.507562755939
15301.556579328471,0.25463179912661743,6293.4209390307215,2605.6349848740806
15302.50431110848,0.3182421015998923,6293.912366524539,2605.8182512367484
15303.859892839007,0.39079793982025784,6294.615276523765,2606.0803848000655
15305.780759455669,0.46837034115109577,6295.611303806332,2606.4518289944294
15308.457380939446,0.541406005361423,6296.999212835337,2606.969415020304
15312.05337817005,0.5905061874227643,6298.863846032306,2607.664781679709
15316.976248526275,0.5796016047273356,6301.416503202307,2608.61672581955
15320.500585079782,0.5146047479998096,6303.243978420471,2609.298230752806
15324.02492163329,0.38764295929513903,6305.071453741194,2609.9797338064445
15325.320058427056,0.31788479000233794,6305.743021448311,2610.230174705777
15326.615195220822,0.22706166823991317,6306.414589169268,2610.4806153514496
15327.099498046353,0.1844942933275723,6306.665714881211,2610.5742649400718
15327.583800871884,0.13397881540807938,6306.91684059509,2610.6679144932336
15327.806294771248,0.1066540542966998,6307.032210435364,2610.710938087979
15328.004607222669,0.07882928175449869,6307.1350414612325,2610.7492857153243
15328.124477264095,0.05969637893255892,6307.197197716545,2610.772464951292
15328.223296186748,0.0421326804204539,6307.248438327824,2610.7915735367496
15328.28873231448,0.029694193011822446,6307.282368946568,2610.8042269003463
15328.332995329809,0.02174206631559615,6307.305320663774,2610.8127860254385
15328.370055574036,0.017413209503971905,6307.324537525513,2610.819952352763
15328.399174002032,0.01755791965323409,6307.339636314438,2610.8255829735303
15328.428292430028,0.02087050680916,6307.354735103371,2610.831213594169
15328.458278006288,0.02596653113430091,6307.370283535013,2610.8370118948433
15328.486167427573,0.031218609323728514,6307.384745046667,2610.8424048626207
15328.541828990696,0.04179991204522652,6307.413607257042,2610.8531681195386
15328.624468956714,0.0566345801063074,6307.4564585884345,2610.8691481798883
15328.7261631806,0.07328051507493012,6307.509190131111,2610.8888127537757
15328.872737641032,0.09481366539248945,6307.585193439217,2610.9171557994023
15329.092639844042,0.12327061312798965,6307.699219408601,2610.9596781956106
15329.415582196956,0.15947413487121706,6307.866674825147,2611.0221254088806
15329.88376193153,0.20429610603560228,6308.109440235934,2611.112657079413
15330.559329083408,0.25865568055349897,6308.459742324039,2611.243291088033
15331.530685732192,0.32292973109759965,6308.963420257275,2611.43112161062
15332.919374437692,0.3959973757613431,6309.683497554413,2611.6996510792883
15334.885485729314,0.4736469705564466,6310.702986037955,2612.0798357287586
15337.620751934744,0.5458038997862249,6312.121304783115,2612.608749996783
15341.28009048567,0.5922299038858956,6314.018783249677,2613.316348963555
15346.337019114062,0.574599118202774,6316.640954909725,2614.2941938000135
15349.889040188167,0.5025839064502895,6318.4827862497505,2614.981036360993
15352.878561217147,0.3920901368574332,6320.032944228354,2615.559108676317
15354.341160279277,0.31337801555644845,6320.791346548865,2615.8419254058213
15355.511393426306,0.23121817645168147,6321.398148218391,2616.0682083159422
15356.071491476225,0.18215204969986412,6321.688576187643,2616.1765119746046
15356.536699802673,0.13334314612176196,6321.9298009350705,2616.2664671952894
15356.77111516506,0.10436262799553044,6322.051352471625,2616.3117950166416
15356.956672962653,0.07812430944544436,6322.147569866521,2616.347675469353
15357.076217566453,0.058963649187739234,6322.209557401015,2616.37079125349
15357.174197908205,0.04148063804821191,6322.260363205975,2616.3897372549486
15357.238079364155,0.029326624355411928,6322.293487695416,2616.402089713203
15357.281735310207,0.021531492008199638,6322.316124639169,2616.4105312588854
15357.318730068802,0.017343675175332012,6322.335307553428,2616.417684761744
15357.346548466316,0.017555398779612194,6322.349732243705,2616.423063874587
15357.374366863829,0.020671133281432698,6322.364156933988,2616.4284429873146
15357.403365044378,0.02554186651836352,6322.379193377881,2616.434050229016
15357.43120925293,0.030765657298399335,6322.39363145199,2616.4394343324643
15357.483737894094,0.040769091089846,6322.42086915972,2616.4495915480534
15357.566042452385,0.055627048657021776,6322.463546591615,2616.4655063914634
15357.665641082425,0.07203839023263023,6322.515191528966,2616.4847653064203
15357.808128493352,0.0931375591798493,6322.589075611727,2616.512317419033
15358.022233218948,0.12110038145298628,6322.700095463985,2616.5537178252416
15358.337005310854,0.15675016795649244,6322.863314426984,2616.6145837858116
15358.793606222258,0.20095554066954738,6323.100075974895,2616.702874474352
15359.452603367528,0.254643869522103,6323.441786167895,2616.830301478969
15360.400412181809,0.31825522757792024,6323.933254058607,2617.013574446869
15361.756099369264,0.39081077639288775,6324.636219387252,2617.2757165455823
15363.677104587445,0.46838002568353165,6325.63231945518,2617.6471707442056
15366.353891628496,0.5414069923332928,6327.020315606919,2618.1647653860036
15369.950017327825,0.5904887946364595,6328.885017132527,2618.8601254676705
15374.873384555878,0.5795445767463259,6331.4379342901275,2619.8121226988533
15378.395783064067,0.5145571292855551,6333.264406249268,2620.4932221328954
15381.918181572255,0.38766355183491746,6335.09087830985,2621.174319705333
15383.213760686278,0.3178869638268886,6335.7626759892955,2621.4248348411343
15384.509339800301,0.22703075065467543,6336.434473682455,2621.6753497252585
15384.993470193449,0.18447539947440014,6336.685510213027,2621.768961751225
15385.477600586597,0.13397626850312006,6336.936546745513,2621.8625737420575
15385.70010226486,0.10665035623371852,6337.0519207250945,2621.905596902048
15385.898399382642,0.0788274879463437,6337.154743894218,2621.943939836354
15386.018267634368,0.05969475907801351,6337.216899278464,2621.9671176817305
15386.117084772291,0.042131283400187236,6337.268139011252,2621.9862250610095
15386.182517683483,0.029693414108342527,6337.302067993207,2621.998877232466
15386.226779362876,0.021741645206562205,6337.325019038717,2622.007435713552
15386.263839675416,0.017413068252760927,6337.344235953483,2622.0146017311604
15386.292954723864,0.01755788622577991,6337.359333003842,2622.0202314447333
15386.322069772312,0.020869894555048445,6337.374430054208,2622.025861158178
15386.352051441549,0.025965051811098525,6337.389976474183,2622.0316584421103
15386.379940163886,0.031216918860710718,6337.404437636659,2622.037051031729
15386.43559026661,0.04179609031079413,6337.433293930906,2622.0478115876576
15386.518228788009,0.05663076858936261,6337.4761445524755,2622.0637906486154
15386.619915328136,0.07327579960644989,6337.528872159194,2622.0834528506934
15386.766474667042,0.0948072715503584,6337.60486769595,2622.111791695315
15386.986355555036,0.12326228100519243,6337.718882717296,2622.1543080540937
15387.309267599327,0.15946352656345827,6337.88632257128,2622.2167465932803
15387.777403878245,0.2042827932626751,6338.129065671332,2622.307265782493
15388.452908123823,0.2586391512157335,6338.479335461414,2622.437881742586
15389.42417407942,0.32290950407150265,6338.982966828675,2622.6256862681544
15390.812733064628,0.39597315195023663,6339.70297752111,2622.8941785606794
15392.778661238217,0.47361891672339396,6340.722371985431,2623.2743106848397
15395.513675018832,0.5457731654448313,6342.140561138183,2623.803152338296
15399.172685459334,0.5921994526763507,6344.037871204448,2624.51065602879
15404.229138077428,0.5745760039014512,6346.6597984344135,2625.4883648621376
15407.780783322174,0.502573658087503,6348.501436576989,2626.175103893776
15410.770395143756,0.39208038165714193,6350.051643048989,2626.7531678043183
15412.232884453879,0.3133753384753018,6350.809989151506,2627.035950615815
15413.403160312377,0.23121327736031672,6351.416813521666,2627.262231627798
15413.963213984074,0.18215121899067152,6351.707218744268,2627.370521845037
15414.428439698275,0.13334064100418638,6351.948452727734,2627.4604763909388
15414.662839943063,0.1043619829495798,6352.069996536169,2627.5057992551783
15414.848401618281,0.07812312832233984,6352.166216029455,2627.5416788476186
15414.967944288815,0.05896273841122385,6352.228202618006,2627.564793220712
15415.065923722943,0.04147986156418169,6352.279007998653,2627.583738196558
15415.129803632726,0.029326162628150507,6352.312131716556,2627.596089801597
15415.173458674319,0.02153127028588578,6352.334768211956,2627.604530793626
15415.210453449057,0.017343615212098294,6352.353951152074,2627.611683978633
15415.238270438547,0.017555411685495795,6352.3683751253975,2627.6170625778695
15415.266087428037,0.020670925579114968,6352.382799098727,2627.622441176991
15415.295085033757,0.025541490216634224,6352.39783525826,2627.628048055955
15415.32292958174,0.03076531331125423,6352.412273521537,2627.6334319834573
15415.3754558869,0.04076828805562996,6352.439510042806,2627.6435882916276
15415.457760319721,0.05562624260279394,6352.482187448547,2627.659502396711
15415.557357521728,0.07203737494906003,6352.533831692496,2627.6787601714536
15415.699842059956,0.09313615741360962,6352.607714353025,2627.7063104924446
15415.91394278432,0.12109850570100315,6352.718732231721,2627.747708267546
15416.228708971517,0.15674765873932883,6352.881948281722,2627.8085703557367
15416.68530106007,0.20095216179777925,6353.118705470506,2627.8968553775085
15417.34428487913,0.25463927398168745,6353.460409064873,2628.024274089375
15418.292073478091,0.3182489120042521,6353.951866921159,2628.2075349283373
15419.647729751405,0.39080199886825756,6354.654816860305,2628.4696592939704
15421.56868697719,0.46836767714567035,6355.650892949938,2628.8410875592886
15424.24539702062,0.541389408027621,6357.038850439718,2629.358644115265
15427.841385561984,0.5904636332122912,6358.903482541466,2630.0539465259594
15432.764681891274,0.5795069651245263,6361.456365257241,2631.005887427505
15436.286292041586,0.5145244331371066,6363.282430087836,2631.6868039556916
15439.807902191898,0.38765642780536086,6365.10849501884,2632.3677186388427
15441.10354840062,0.31787674256614445,6365.780328098792,2632.6182355489104
15442.399194609343,0.22701381036643806,6366.452161192327,2632.8687522094015
15442.883250047842,0.18446347924795628,6366.703159084356,2632.9623455593214
15443.367305486341,0.1339709498595798,6366.9541569782805,2633.055938874414
15443.589799291163,0.1066455701530676,6367.069526979912,2633.0989585896573
15443.788081451485,0.07882438067157764,6367.172342486407,2633.1372969186828
15443.907946032547,0.059691989371137455,6367.234496023685,2633.1604730187305
15444.00676013336,0.04212885003060328,6367.285734228121,2633.1795789570638
15444.072187226504,0.02969207364902299,6367.319660224016,2633.1922294382985
15444.116446712547,0.021740889598082697,6367.342610153027,2633.2007871129117
15444.153507044866,0.01741280901828913,6367.361827095481,2633.207952814177
15444.182616311464,0.01755782903461787,6367.376921161465,2633.213581158289
15444.211725578061,0.02086886803796395,6367.392015227455,2633.219209502274
15444.241700673825,0.02596257843068408,6367.407558252981,2633.225005256199
15444.269588088251,0.031214075067270287,6367.422018750383,2633.230397352001
15444.325218862212,0.04178967085782934,6367.450865048238,2633.2411536899144
15444.40785489442,0.05662438575965415,6367.493714417955,2633.257131555684
15444.50952840311,0.07326791844118045,6367.546435315295,2633.2767903596673
15444.656062146565,0.09479660622408327,6367.622417648942,2633.305122989295
15444.875906907495,0.12324842438500308,6367.736414040693,2633.347630463433
15445.198767777938,0.1594459911158838,6367.903827511305,2633.410056318752
15445.66683101244,0.20426099129216432,6368.146532955699,2633.5005573411822
15446.342230013901,0.2586124361802689,6368.496748491058,2633.6311471179943
15447.313345132907,0.32287742540997794,6369.000302101483,2633.8189140915338
15448.701690165639,0.39593580915318194,6369.720202505586,2634.087353027017
15450.667320236435,0.4735776014122764,6370.739443318134,2634.4674105427816
15453.401932955147,0.5457314882960616,6372.157425792489,2634.9961510502544
15457.060456939476,0.5921649686299008,6374.054485333844,2635.703529125851
15462.116102110038,0.5745662352170997,6376.675996249097,2636.6810382565645
15465.667055611375,0.5026017242476426,6378.517277365955,2637.3676129473383
15468.65756653347,0.3920962342798662,6380.067951450636,2637.9458249587315
15470.119948935297,0.3134059977562889,6380.8262428028165,2638.2285745122845
15471.290599116714,0.23122527827487818,6381.433261819206,2638.4549178285647
15471.850599128567,0.18217133581136025,6381.723639479703,2638.5631928520015
15472.315974764879,0.13334815744252082,6381.964951420309,2638.653172382513
15472.550360472578,0.10437269787162132,6382.086487800535,2638.698490419478
15472.735970665854,0.07812819886001823,6382.182732538828,2638.734377796445
15472.855517776823,0.05896773457566976,6382.244721485843,2638.7574919997114
15472.953502781935,0.04148438819548448,6382.295529801084,2638.7764372098322
15473.017393346992,0.02932876352862482,6382.3286590739835,2638.7887903255296
15473.061052755642,0.02153276071019453,6382.351297854275,2638.797231786388
15473.098048356771,0.017344083394379962,6382.370481240218,2638.8043848129373
15473.125872741308,0.01755534098275029,6382.384909061128,2638.809764602705
15473.153697125845,0.0206718335909135,6382.399336882043,2638.815144392357
15473.182697700706,0.02554313243067934,6382.414374594743,2638.8207515959584
15473.21054186073,0.03076694901741116,6382.428812669885,2638.826135208928
15473.263079714612,0.04077203790711202,6382.456055204115,2638.836293298187
15473.345385135826,0.05562982655177206,6382.498733160894,2638.852206886395
15473.444990037136,0.07204177847706313,6382.5503814437925,2638.871465293062
15473.587489435415,0.09314206824254802,6382.624271876414,2638.8990172616045
15473.801611389714,0.1211061089353367,6382.735300863707,2638.940417299888
15474.116407246824,0.1567570586514643,6382.898532445807,2639.001282417343
15474.57304089123,0.20096339665852478,6383.135311396289,2639.0895715468528
15475.232083483692,0.2546522419479529,6383.477045774885,2639.2169959551825
15476.179954361703,0.31826308496663536,6383.968546738902,2639.4002645525966
15477.535723446677,0.39081599911488224,6384.671555808609,2639.6623990747717
15479.456829335326,0.4683785470708591,6385.66770988298,2640.033839572058
15482.133718003915,0.5413913921244201,6387.055761246849,2640.5514076646646
15485.729849252259,0.5904466530608234,6388.920469026834,2641.24670678231
15490.653672640234,0.5794488757687318,6391.473627337903,2642.198707329702
15494.173333461693,0.5144747153459694,6393.298683022753,2642.8792167561096
15497.692994283152,0.387673728022885,6395.123738806928,2643.5597243550415
15498.989053920362,0.31787649642780036,6395.795786866542,2643.8103100952067
15500.285113557573,0.2269819911907356,6396.467834939614,2644.0608955877383
15500.768995395525,0.184443652408897,6396.718743039769,2644.154451225874
15501.252877233477,0.1339674022366665,6396.969651141801,2644.2480068295
15501.475376038352,0.106641103193113,6397.085023839764,2644.2910256054893
15501.673640611936,0.07882203948193398,6397.187830319342,2644.329358835704
15501.793502754077,0.05968986755536208,6397.249982647796,2644.3525334374435
15501.892314514213,0.042127002316922284,6397.301219684544,2644.371638076794
15501.957737263598,0.02969104975994935,6397.335143458536,2644.384287157758
15502.001995038823,0.021740322701998546,6397.358092521048,2644.3928441224834
15502.03905541649,0.017412616506177536,6397.377309504281,2644.4000095150714
15502.068160266697,0.01755778580554837,6397.392401293785,2644.4056367559638
15502.097265116905,0.020868078119761383,6397.407493083295,2644.411263996731
15502.12723517413,0.025960675008525714,6397.423033510139,2644.417058519734
15502.155121643145,0.0312118950293507,6397.437493530307,2644.4224501938775
15502.210737611966,0.041784745379463625,6397.466332177136,2644.4332031928084
15502.293371762724,0.0566194828823415,6397.509180609752,2644.4491799870057
15502.39503531743,0.07326185917666292,6397.561896392989,2644.468835995592
15502.541549494157,0.09478839914151961,6397.637868648917,2644.4971635870465
15502.761366651137,0.12323774677897295,6397.751850829531,2644.5396638412026
15503.084188355331,0.159432441712071,6397.919244141562,2644.6020793588395
15503.552195575563,0.20424407436394973,6398.161920758745,2644.692565542785
15504.227513702357,0.2585915827130155,6398.512094672509,2644.82313389939
15505.198512604375,0.3228521674319136,6399.015588472857,2645.010870088249
15506.586692172074,0.39590601703085543,6399.735403724325,2645.2792651469595
15508.552090332576,0.47354391979078064,6400.754525198709,2645.6592610014695
15511.286387559627,0.5456961120407698,6402.172345352629,2646.187917114651
15514.944516261678,0.5921328112885863,6404.069201628408,2646.8951874793634
15519.999544735037,0.5745487956730658,6406.6903951151635,2647.8725341709987
15523.549987684191,0.5026077700531909,6408.531413142851,2648.558979823789
15526.540933217231,0.39209737435095665,6410.0823139747,2649.137250334355
15528.00320709371,0.31341750169724386,6410.840549731265,2649.419966425917
15529.174041034204,0.23122757176773395,6411.447664575438,2649.64633528195
15529.733992750973,0.18217941650580738,6411.738017453019,2649.7545961906053
15530.199442149378,0.13334991728495368,6411.979367857373,2649.8445860123766
15530.433812995858,0.10437688597034836,6412.100896640234,2649.889899176758
15530.619446057748,0.07812967794605517,6412.197153322673,2649.925789391917
15530.738993947674,0.05896933729585409,6412.259142729015,2649.9489027260975
15530.83698080222,0.041485868217161256,6412.309952048666,2649.9678474580273
15530.900875012641,0.02932960503343988,6412.343083241418,2649.980200733571
15530.944535761797,0.02153326728141706,6412.365722737041,2649.9886420812177
15530.981531722344,0.017344248189689167,6412.3849063265025,2649.9957948617125
15531.009358450761,0.017555318710128418,6412.399335375685,2650.0011748673246
15531.037185179179,0.020672102452800153,6412.413764424874,2650.0065548728226
15531.066186694607,0.025543618616503404,6412.4288026387285,2650.0121620109217
15531.094030882452,0.030767450776794228,6412.443240741203,2650.017545391785
15531.14657233007,0.040773179538071615,6412.470485163251,2650.0277037277565
15531.228878104039,0.05563089602374104,6412.513163341093,2650.0436166821855
15531.328485476204,0.07204307816642203,6412.564812951375,2650.0628747170504
15531.470989577338,0.09314379047606476,6412.638705888623,2650.0904263795046
15531.685118307483,0.12110828244054823,6412.7497384886465,2650.13182590169
15531.999923456084,0.15675963672301788,6412.912975034571,2650.1926901309266
15532.456569799146,0.20096626048661545,6413.149760781322,2650.2809778215587
15533.115629866978,0.2546551493292442,6413.491504526835,2650.408399988912
15534.063524317038,0.318265522018831,6413.98301815287,2650.5916650621807
15535.419323890614,0.3908169523321119,6414.686043659911,2650.8537939216403
15537.34046580255,0.46837611768936355,6415.682217303156,2651.2252250109154
15540.017386679036,0.54138216776182,6417.070286607017,2651.7427765242687
15543.613500305402,0.5904249873072637,6418.93498691326,2652.438041610958
15548.53750804582,0.5794025149639925,6421.4882430934695,2653.390035896145
15552.055908116623,0.5144341539970835,6423.312646664676,2654.070271637673
15555.574308187426,0.3876748277469338,6425.137050334179,2654.7505055683437
15556.870560166959,0.31786911061922946,6425.8091987276575,2655.00111748171
15558.166812146492,0.22695862767705097,6426.481347134469,2655.2517291494446
15558.650578785617,0.18442809795624088,6426.732195723568,2655.3452584049933
15559.134345424742,0.13396230889032362,6426.983044314526,2655.438787626338
15559.356840181503,0.1066360712542907,6427.098415016051,2655.4818037297964
15559.555087643748,0.078818973926964,6427.201212714304,2655.520131967794
15559.674946294776,0.059687114113400164,6427.263363287794,2655.543304876533
15559.773755027665,0.0421245850766479,6427.314598800395,2655.56240809137
15559.839172004225,0.02968971717670833,6427.348519611169,2655.575055500593
15559.883427597466,0.021739571919699843,6427.371467562667,2655.5836116675746
15559.920487992704,0.017412359258963044,6427.390684572104,2655.590776748802
15559.949587112113,0.01755772986648763,6427.405773403428,2655.59640263454
15559.978686231521,0.020867062270156875,6427.420862234759,2655.6020285201535
15560.008649806761,0.025958231425652276,6427.436399314309,2655.6078215354246
15560.036535011992,0.031209090611950277,6427.450858692026,2655.6132127283954
15560.09213191282,0.04177841283317131,6427.479687477139,2655.623961568471
15560.174763621468,0.05661318808142323,6427.522534681555,2655.639937188726
15560.27641432716,0.07325408611841046,6427.5752438490545,2655.659589849748
15560.422903268047,0.09477787961448814,6427.65120308696,2655.6879113179484
15560.642684802477,0.1232240782041957,6427.765166897514,2655.730402818257
15560.965456045247,0.15941514184087585,6427.932534192548,2655.7928058385364
15561.433391234605,0.2042225612438963,6428.175173675221,2655.883274122316
15562.108605569436,0.25856521456629167,6428.5252940809,2656.0138166783427
15563.079455699408,0.3228204928349729,6429.028711185813,2656.201515860868
15564.46742420813,0.39586912211853514,6429.74841763627,2656.469858331355
15566.43252821842,0.4735030581480367,6430.767387489962,2656.8497806378628
15569.166429497294,0.5456548108873722,6432.185003591472,2657.378337005201
15572.824077193602,0.5920984698278969,6434.081612134365,2658.085483357369
15577.878309484593,0.5745385792735989,6436.702395100329,2659.062633285725
15581.428069841346,0.5026345801643177,6438.543060813907,2659.7489169049754
15584.419888360313,0.39211239815472493,6440.094415691459,2660.327330875235
15585.8820552097,0.3134470808993009,6440.85259662261,2660.610013901835
15587.05325274144,0.23123903172595886,6441.45990053827,2660.8364431461555
15587.613151145439,0.18219885650883957,6441.750226028537,2660.944689011148
15588.078746185498,0.1333571125020954,6441.991652166495,2661.0347030530415
15588.313102485989,0.10438723501592725,6442.113173514377,2661.0800114229296
15588.498782631383,0.07813454745773085,6442.209454696355,2661.115909170763
15588.618334756735,0.05897414354019035,6442.2714463537795,2661.139022312703
15588.71632697512,0.04149022421638316,6442.322258499733,2661.157967252916
15588.780231454637,0.029332106346458144,6442.355395046673,2661.1703219734236
15588.823896398528,0.02153470230149122,6442.378036737443,2661.178763762794
15588.860893154295,0.017344699847115442,6442.397220756233,2661.1859163841473
15588.88872702333,0.017555252462043376,6442.41165352083,2661.191297534928
15588.916560892365,0.020672982827949948,6442.4260862854335,2661.196678685595
15588.94556530998,0.025545214586520343,6442.441126017478,2661.2022861395094
15588.97340913172,0.030769042073992982,6442.455563942895,2661.2076692141136
15589.02596181246,0.04077682638648777,6442.482814213799,2661.217829277453
15589.10826855537,0.05563438163215999,6442.525492931844,2661.233741723156
15589.207883421695,0.0720473601411461,6442.57714647381,2661.253000364514
15589.350401985836,0.0931495372484107,6442.651046976002,2661.2805536180076
15589.564551377995,0.12111567261424601,6442.762090388227,2661.3219553240333
15589.879385396887,0.15676876871867565,6442.925342048813,2661.3828224727604
15590.336072165519,0.20097716653823194,6443.162148967094,2661.4711141176613
15590.99518939028,0.25466772207458765,6443.503922652754,2661.598541762873
15591.943163821992,0.3182792337699221,6443.995478186775,2661.7818142855504
15593.299072985026,0.39083043933648887,6444.698561141442,2662.0439528719635
15595.220359147776,0.46838646325030175,6445.694810464452,2662.4153956144646
15597.897452900925,0.5413837072146255,6447.082970637643,2662.9329579359132
15601.493702851218,0.5904078152372615,6448.947743279955,2663.628219012453
15606.418223722514,0.5793448663030987,6451.501267789746,2664.5802709477503
15609.934761871336,0.5143832478448706,6453.324707503465,2665.2601170544876
15613.451300020159,0.38768578507648044,6455.148147314431,2665.939961367384
15614.747898173739,0.31786490035764753,6455.820475802922,2666.190629283497
15616.044496327318,0.22692696209596402,6456.492804304627,2666.4412969558975
15616.528096518647,0.1844077735681198,6456.743566806136,2666.5347899576427
15617.011696709975,0.13395732937240404,6456.994329309484,2666.6282829254924
15617.234191793363,0.10663059540675772,6457.109700282018,2666.6712972181786
15617.43241902515,0.07881586728239653,6457.212487580681,2666.709619875435
15617.552274301277,0.059684295117545666,6457.274636458925,2666.7327911222833
15617.65107992334,0.0421221110307895,6457.325870403597,2666.751892903574
15617.716490990526,0.029688352686550203,6457.359788180049,2666.76453861944
15617.76074435041,0.021738802574906537,6457.382734993693,2666.7730939819535
15617.79780475895,0.017412095628182245,6457.401952026956,2666.780258753649
15617.826898023155,0.0175576731080415,6457.417037835458,2666.785883262362
15617.85599128736,0.020866025993475267,6457.432123643966,2666.7915077709517
15617.8859482626,0.025955741301225105,6457.447657314886,2666.7972992579307
15617.913832190823,0.03120623503571341,6457.46211604317,2666.802689969191
15617.969409670264,0.04177196405814723,6457.490934783054,2666.813434586393
15618.052038896856,0.056606779352836326,6457.533780738186,2666.8294090309414
15618.153676516264,0.07324617264603404,6457.586483166449,2666.849058306024
15618.300139757977,0.09476717059876796,6457.6624291454,2666.8773735723103
15618.519885012454,0.1232101642826524,6457.776374243995,2666.9198562080155
15618.842604868512,0.15939753420577063,6457.943715040751,2666.9822465760144
15619.310466716557,0.204200671026217,6458.186316707252,2667.0726967410023
15619.985575385172,0.2585383940972793,6458.536382629869,2667.203213184192
15620.956274081394,0.3227882921271363,6459.039721654693,2667.390874917799
15622.344027804183,0.3958316450938132,6459.759317365197,2667.659164182415
15624.308832577657,0.4734616084493777,6460.778132951584,2668.0390121030605
15627.042331334225,0.5456130251634472,6462.195541579219,2668.567467655723
15630.699491018546,0.5920639514823243,6464.0918987395125,2669.2744889102596
15635.752912376774,0.574528958071684,6466.7122635128835,2670.251439597854
15639.301975038898,0.5026631212262949,6468.552569064934,2670.9375585285466
15642.294703349615,0.3921285858137626,6470.104397060719,2671.5161232723713
15643.756763276222,0.3134781750024513,6470.86252321395,2671.7987733600994
15644.928339485346,0.23125126384200922,6471.470024018889,2672.025265986455
15645.48818418167,0.1822192497784807,6471.760321914535,2672.133496772189
15645.953930899284,0.13336476529548258,6472.001826913976,2672.2235362317642
15646.188272684783,0.10439810183448943,6472.1233408419,2672.268839830073
15646.374001951632,0.07813970202743799,6472.21964757938,2672.304745516983
15646.493558603031,0.05897921914061294,6472.281641638056,2672.3278585313024
15646.591556481606,0.041494821943829134,6472.332456763549,2672.3468037439716
15646.65547179258,0.02933474623491372,6472.365598956006,2672.3591600225327
15646.69914116777,0.02153621521171093,6472.3882429644,2672.367602302396
15646.736138751794,0.017345176002790372,6472.407427429486,2672.3747547736143
15646.763980186173,0.0175551838276623,6472.421864129617,2672.3801371535324
15646.791821620553,0.020673920757326558,6472.436300829751,2672.385519533338
15646.820829142374,0.025546918138899276,6472.451342184616,2672.391127344137
15646.848672564842,0.030770739908069514,6472.465779915653,2672.396510108057
15646.901237223241,0.040780717661044526,6472.493036421256,2672.4066720462506
15646.983544998851,0.05563810358796648,6472.5357157122035,2672.4225840013924
15647.08316785043,0.07205193375036718,6472.587373440065,2672.441843351145
15647.225701832664,0.09315567756839321,6472.661282001826,2672.469398390213
15647.439873244108,0.1211235727001151,6472.772336929112,2672.510802557357
15647.754738047375,0.15677854119318058,6472.935604695502,2672.5716730175204
15648.211467953286,0.2009888584547728,6473.172434189435,2672.659969172728
15648.87064621626,0.2546812392144669,6473.514239824944,2672.7874030920525
15649.818706147189,0.31829404698315217,6474.005840123857,2672.970684196868
15651.174732636096,0.3908451503952926,6474.708984531827,2673.2328341004013
15653.096173632286,0.4683980555123753,6475.705315013655,2673.6042906760877
15655.773454007374,0.5413862951107689,6477.093573171854,2674.121866650126
15659.369855266574,0.5903910764219643,6478.958425904649,2674.8171268663864
15664.294921103832,0.5792861007351361,6481.512235230259,2675.7692429467334
15667.809576547423,0.5143303541698666,6483.334700292459,2676.448695681255
15671.324231991013,0.3876941136814638,6485.157165450875,2677.1281466387486
15672.621154478753,0.31785868080111296,6485.829662704273,2677.3788664214667
15673.918076966493,0.2268943720816049,6486.502159970763,2677.6295859623774
15674.40150875407,0.18438656380725577,6486.752835368172,2677.7230423691894
15674.884940541648,0.13395149805471102,6487.0035107674,2677.816498742412
15675.107433662048,0.10662445518936192,6487.118880822723,2677.859510797427
15675.305638682914,0.07881229280780923,6487.221656693966,2677.897827505437
15675.425490032583,0.059681046561130296,6487.283803590434,2677.920996992299
15675.524292067981,0.0421192513310885,6487.33503572,2677.9400972550943
15675.58969626325,0.029686778214736313,6487.368949962725,2677.952741096249
15675.63394706653,0.02173790860874413,6487.391895470704,2677.961295594971
15675.671007468352,0.0174117882714463,6487.411112517249,2677.968460055883
15675.700093993371,0.017557608128040608,6487.426194844422,2677.9740830188352
15675.72918051839,0.020864838585350366,6487.4412771716,2677.979705981666
15675.75912994096,0.025952892212344928,6487.456806939762,2677.9854957584134
15675.787012395549,0.031202967305752692,6487.47126491653,2677.9908859519437
15675.84256763616,0.04176458563705324,6487.500072149986,2678.0016258058645
15675.925194016114,0.0565994519390539,6487.54291666642,2678.0175990101084
15676.026816638307,0.0732371279206369,6487.595611364106,2678.0372445372377
15676.173250440144,0.09475493516130581,6487.671542143756,2678.06555288925
15676.39295412214,0.12319427586370726,6487.785465785036,2678.108025653351
15676.715615136509,0.15937745055928404,6487.952776216395,2678.1704019515605
15677.183393073063,0.20417574644148664,6488.195334583607,2678.2608319886467
15677.858380951484,0.25850793287397245,6488.54533817781,2678.391319444745
15678.828906729745,0.32275185517122146,6489.048587977854,2678.5789396472815
15680.21641557772,0.3957894787130369,6489.768057340019,2678.847169990953
15682.180880039441,0.4734154181455542,6490.786697351464,2679.226935729014
15684.913923173763,0.5455673269267487,6492.203870958754,2679.755280401589
15688.570538250418,0.5920279895327498,6494.099947373189,2680.462165883809
15693.623030104565,0.5745241012775603,6496.719832447867,2681.4388947787265
15697.17128009458,0.5027053973682373,6498.559718202533,2682.124827055621
15700.165208644654,0.39215396571705746,6500.112169911019,2682.7035989163933
15701.627162584336,0.31352123815028177,6500.870241765102,2682.986216350787
15702.799236598557,0.23126957047162758,6501.478001226224,2683.2127954643565
15703.359024287429,0.1822471669771056,6501.768269813705,2683.3210105731855
15703.824970308522,0.13337601962084117,6502.00987836836,2683.4110846874196
15704.059297788113,0.10441305051501101,6502.131384983703,2683.456383571277
15704.245092227353,0.0781471027193497,6502.227725598862,2683.492300312371
15704.364655694613,0.058986417101210255,6502.289723245615,2683.515413650047
15704.462661563315,0.04150132488420728,6502.340542558375,2683.5343595923737
15704.526592106628,0.0293384835025121,6502.373692678083,2683.5467182840516
15704.570267794383,0.02153834309606222,6502.396339979412,2683.5551614210767
15704.607266488856,0.017345843032489785,6502.41552503696,2683.5623137992975
15704.635118708373,0.01755508859853215,6502.429967342078,2683.5676980326148
15704.66297092789,0.02067527576926283,6502.444409647201,2683.5730822658215
15704.691982930484,0.025549385567118582,6502.4594533385525,2683.578690701601
15704.719825695149,0.030773189992920422,6502.473890741032,2683.584073106822
15704.772407602186,0.04078633779172449,6502.501156214293,2683.5942379423177
15704.854716841388,0.055643493856568554,6502.5438363012145,2683.610149495961
15704.954351146722,0.07205856647770213,6502.595500013078,2683.6294102314832
15705.096907287472,0.0931645966285304,6502.669420128933,2683.6569683689013
15705.311110306544,0.12113507441972354,6502.780491542237,2683.698376865402
15705.626019413015,0.1567928383212178,6502.943782423047,2683.7592532719837
15706.082811601851,0.201006102309314,6503.180644418331,2683.847557669976
15706.742078303378,0.25470142852141436,6503.52249620885,2683.9750032055495
15707.690262683875,0.3183166427612809,6504.014161465648,2684.158300487276
15709.046461115073,0.3908685120764365,6504.717395641535,2684.420472359236
15710.968131666763,0.4684184627660153,6505.7138460198175,2684.7919573450818
15713.64569576671,0.5413963059122974,6507.102252502617,2685.3095659275364
15717.242354510769,0.5903774265219555,6508.967240366134,2686.0048460580274
15722.168191877841,0.5792195146264513,6511.521451967554,2686.957070416374
15725.680604124618,0.5142689020906541,6513.3427554342825,2687.6360603684743
15729.193016371395,0.3877040670499572,6515.164058996189,2688.3150485605042
15730.490316231359,0.3178513062291847,6515.8367525111635,2688.5658305478687
15731.787616091322,0.22685588426364756,6516.509446039111,2688.8166122952866
15732.270848474274,0.1843614545844924,6516.760018255174,2688.9100261509316
15732.754080857227,0.13394450099991992,6517.010590473037,2689.0034399732917
15732.976571118428,0.1066171128798062,6517.125959145464,2689.0464496329555
15733.17474935769,0.07880802113053828,6517.228721218355,2689.084759522366
15733.294596049458,0.05967714254715223,6517.290865753243,2689.1079271162794
15733.39339376585,0.04211580434827318,6517.342095687527,2689.1270257259666
15733.458789626622,0.029684883379257985,6517.37600563784,2689.139667414359
15733.503037377659,0.02173682491358857,6517.398949582955,2689.1482209566084
15733.540097742416,0.01741141435393634,6517.418166626884,2689.155385103459
15733.569176181742,0.01755753060355975,6517.433244774383,2689.1610062625005
15733.598254621067,0.020863420917463887,6517.448322921889,2689.1666274214213
15733.628195041058,0.025949496493112532,6517.46384803533,2689.172415209871
15733.656075724619,0.0311990723277232,6517.478305106253,2689.1778048301535
15733.711604438706,0.04175579240313556,6517.5070986097035,2689.188539096185
15733.794227417226,0.056590726392872305,6517.5499413993975,2689.204510958693
15733.895832134103,0.07322636155712056,6517.602626858104,2689.2241521830465
15734.042230803532,0.0947403767006229,6517.678539486022,2689.2524525310705
15734.26188485926,0.12317538254623624,6517.792437492838,2689.294913882717
15734.58447568702,0.15935359875341998,6517.959711674622,2689.3572739415495
15735.052153625975,0.20414620386205548,6518.202218399254,2689.4476807751735
15735.726997697462,0.25847193063992474,6518.552147727048,2689.578134843932
15736.69731786108,0.32270897065686255,6519.055291343619,2689.7657072654065
15738.08453604066,0.3957401747121499,6519.774610605688,2690.0338699366666
15740.048597675474,0.4733620114763823,6520.7930426171515,2690.4135415500527
15742.781104366235,0.5455156713998487,6522.209939283264,2690.941759917175
15746.437088670578,0.5919898259697598,6524.105690256231,2691.6484932345693
15751.48847049947,0.5745264872258132,6526.725002003188,2692.624965807893
15755.035732181874,0.5027685796378333,6528.564376871456,2693.3106777397734
15758.031303366277,0.3921933408781789,6530.117681677507,2693.889742423782
15759.493152703511,0.3135825262996843,6530.875699943933,2694.1723275757818
15760.665905958525,0.2312971284290258,6531.483812137164,2694.3990283223875
15761.225631618881,0.18228654190040958,6531.774048810423,2694.507226823506
15761.691849485967,0.13339275871942646,6532.015798534203,2694.597349644353
15761.926162974103,0.10443421580289491,6532.137297998997,2694.642643891041
15762.112047037712,0.07815792388724478,6532.23368517027,2694.678576424847
15762.231620807785,0.05899684712938085,6532.295688212694,2694.7016907681113
15762.329638216146,0.041510729088961404,6532.346513552858,2694.720638132909
15762.393590705218,0.02934388987366404,6532.379675080688,2694.7330005396316
15762.437275560826,0.021541407498653596,6532.402327155333,2694.741445088689
15762.474275790319,0.017346801468024545,6532.421513025338,2694.748597458532
15762.502143733345,0.017554954980203184,6532.435963496046,2694.75398450162
15762.530011676372,0.020677275923802193,6532.450413966759,2694.7593715445973
15762.55903032475,0.025553040979780055,6532.465461117111,2694.764981025805
15762.586872041958,0.030776812257052304,6532.479897988863,2694.770362998948
15762.639479408846,0.04079465131785312,6532.507176687362,2694.7805323223847
15762.721790786936,0.05565148384507055,6532.5498579200685,2694.7964436107536
15762.821441951275,0.07206840786413178,6532.601530418318,2694.815706783634
15762.964030755245,0.0931778457084778,6532.6754675347165,2694.843270059545
15763.178280324673,0.121152188385893,6532.786563181455,2694.884685788255
15763.493254801753,0.1568141858442512,6532.949888099529,2694.945572234815
15763.950139109595,0.20103199712013425,6533.186798065266,2695.033890673726
15764.609536949105,0.2547320140280082,6533.528718149135,2695.1613561238382
15765.557906476817,0.3183513644283432,6534.020479833627,2695.3446813793335
15766.914361959245,0.3909053513177049,6534.723847903613,2695.606891762864
15768.83637850198,0.4684526020744087,6535.7204785460535,2695.9784277957415
15771.5143776264,0.5414178768911793,6537.109111796167,2696.49609841415
15775.111459240581,0.5903685795202405,6538.97432053305,2697.191430672943
15780.038420986695,0.5791407228057052,6541.529117354132,2698.1438318436817
15783.548054439041,0.5141934231743869,6543.348981482777,2698.82225575985
15787.057687891387,0.3877140541711803,6545.168845705552,2699.5006779332143
15788.355422145185,0.3178405154577189,6545.841765044522,2699.7515332309135
15789.653156398983,0.22680812268295472,6546.514684396354,2700.0023882904834
15790.136143159325,0.18432997459949244,6546.765129463225,2700.095750697528
15790.619129919667,0.13393508752646785,6547.015574531878,2700.1891130715953
15790.841614038745,0.10660746542761046,6547.130940118145,2700.232119716699
15791.039757207825,0.07880234054674101,6547.233684093901,2700.270421199416
15791.15959771066,0.05967192294564888,6547.295825472803,2700.2935866127677
15791.258389641536,0.0421111779962879,6547.347052450942,2700.31268329275
15791.323774230286,0.029682345289715122,6547.380956585347,2700.3253222651956
15791.36801793317,0.021735360392654918,6547.4038984509925,2700.333874661562
15791.405078200341,0.017410906830750604,6547.423115460766,2700.341038485207
15791.434145849009,0.01755742778944359,6547.438188025845,2700.3466573196
15791.463213497676,0.02086154046392249,6547.453260590932,2700.3522761538734
15791.493142001545,0.025945002221609878,6547.468779538744,2700.3580613930444
15791.521020317421,0.031193916971419558,6547.483235394313,2700.363450326695
15791.57651389034,0.04174415643725659,6547.512010700513,2700.374177343876
15791.659132351824,0.05657919146770785,6547.554851184632,2700.39014765475
15791.760713320155,0.07321213578389742,6547.607524373992,2700.40978345412
15791.907065419255,0.09472115045088175,6547.68341291857,2700.438073597855
15792.12665366712,0.12315045140075986,6547.79727689923,2700.480520425073
15792.449151513221,0.15932217542363655,6547.964503009986,2700.5428598615968
15792.91669713213,0.2041073819547952,6548.206941329657,2700.6332372776546
15793.591351147339,0.25842479405593105,6548.556772406166,2700.763649067878
15794.561399994973,0.3226531295965417,6549.059775766542,2700.95116107838
15795.948235486208,0.3956765265891035,6549.778897206845,2701.2192383900274
15797.911768668053,0.47329410077620915,6550.797056068171,2701.5987917370353
15800.643576491191,0.5454520390640104,6552.213591558523,2702.1268525990617
15804.298756814798,0.5919472281945607,6554.108927259357,2702.8334005325105
15809.348665736328,0.5745434082605455,6556.727477489261,2703.8095470051653
15812.8945850256,0.502873769031433,6558.5661578496565,2704.4949704079454
15815.892688361439,0.3922608452529702,6560.120776987005,2705.0745000366283
15817.354435821884,0.31368044798193223,6560.8787430728,2705.3570535351582
15818.52823309838,0.23134328638125454,6561.487397145028,2705.583946495553
15819.087886652853,0.18234895003128662,6561.777596676168,2705.6921264804173
15819.554522227969,0.1334205244448441,6562.019563201795,2705.782326230215
15819.788822351147,0.10446787942273805,6562.141055839891,2705.8276159771203
15819.974845212842,0.07817562122839929,6562.237515064824,2705.863573820083
15820.094436295476,0.059013774703630235,6562.299527137213,2705.8866905319283
15820.192472382461,0.041525965523646735,6562.350362206172,2705.905640705669
15820.25646033992,0.02935264695280261,6562.38354215382,2705.9180094453545
15820.300160081502,0.021546354563215336,6562.406201966645,2705.926456514587
15820.337162687289,0.017348347424170858,6562.42538908518,2705.933609041178
15820.365056364051,0.017554749150892338,6562.439852912019,2705.939000830643
15820.392950040814,0.02068059654668089,6562.454316738863,2705.944392619998
15820.421979853125,0.02555914355119775,6562.469369690911,2705.9500040218613
15820.44981975074,0.03078285470969144,6562.4838056314375,2705.9553854155974
15820.502469525476,0.040808524453065126,6562.511106343091,2705.965562506173
15820.58478444675,0.055664841757568896,6562.55378944941,2705.981473806318
15820.68446363156,0.07208487438441359,6562.60547652124,2706.000741580593
15820.827106791654,0.09320003525463365,6562.679441886118,2706.0283141974173
15821.041433767929,0.12118089011956124,6562.790577765568,2706.069743136737
15821.35651711816,0.15685009017707385,6562.9539592771835,2706.1306480527146
15821.813555154251,0.20107575300473912,6563.190949158019,2706.218992471238
15822.473172301972,0.2547840633013041,6563.532983251836,2706.3464949219647
15823.421852309935,0.31841111992591514,6564.024906349635,2706.5298724396407
15824.778740578999,0.3909700130820966,6564.728499433022,2706.7921553924675
15826.701343525197,0.46851508586470614,6565.725434993863,2707.1637890690586
15829.380090050505,0.5414633022704345,6567.114456978222,2707.681582280438
15832.977935887293,0.5903696265527774,6568.980063576611,2708.3770328879887
15837.906750179038,0.5790366872534279,6571.535823176953,2709.3297519393955
15841.41255274071,0.514087554479193,6573.353702402159,2710.007406738605
15844.918355302383,0.3877189664201669,6575.171581720401,2710.685059813084
15846.216588919284,0.3178193397080509,6575.844760567075,2710.9360010605888
15847.514822536185,0.22674103787325764,6576.517939426501,2711.186942071736
15847.997472528108,0.18428473205330564,6576.768210079683,2711.2802354491323
15848.480122520032,0.1339194489477095,6577.018480734626,2711.373528793867
15848.702589834591,0.10659216836633638,6577.133837704969,2711.4165303786795
15848.900678416769,0.07879308653926179,6577.236553462629,2711.4548196963015
15849.02050876345,0.0596633808545647,6577.29868962789,2711.4779821705106
15849.119291210982,0.04210357215212395,6577.3499117320125,2711.4970762128405
15849.1846571089,0.029678181756381646,6577.383806203316,2711.509711039965
15849.22889424436,0.021732934061555013,6577.406744682971,2711.5182618065664
15849.265954259792,0.017410062118329125,6577.425961578499,2711.525425279734
15849.295004293532,0.017557261558499168,6577.441025022407,2711.5310404725446
15849.324054327271,0.020858493420346614,6577.4560884663215,2711.536655665237
15849.353963592714,0.02593774275131182,6577.4715974515,2711.5424369420048
15849.381838064928,0.031185593892575688,6577.486051326251,2711.5478249056628
15849.437274841415,0.04172537471770779,6577.514797205933,2711.558540492516
15849.519885989486,0.05656059587190937,6577.557633934108,2711.5745087169335
15849.621428523997,0.07318921545228968,6577.610287238854,2711.59413626005
15849.76770530913,0.09469019262863373,6577.686136794863,2711.622410654254
15849.987187083576,0.12311034519289588,6577.79994566189,2711.6648351126705
15850.309534660635,0.1592717219420696,6577.967093994692,2711.7271428770705
15850.776866727849,0.2040452369792917,6578.209421785898,2711.817475207996
15851.451214452898,0.25834967099803774,6578.559094336832,2711.9478223014657
15852.420826861022,0.3225647203661326,6579.061871814436,2712.135242054189
15853.807048389315,0.395576819615898,6579.78067550292,2712.4031894031004
15855.769737369055,0.4731897239514847,6580.798397478526,2712.7825635940007
15858.500438051546,0.5453582835479133,6582.21436007731,2713.310388232266
15862.154378827969,0.5918934515951743,6584.109054633614,2714.0166668523443
15867.20190217936,0.5745967988875683,6586.726370076626,2714.9923111825087
15870.745583226226,0.5030845770649178,6588.563891384123,2715.677273160353
15873.748457916823,0.3923991231124381,6590.120985946855,2716.2577007136197
15875.210110219654,0.31387054347307064,6590.878903329908,2716.540223958357
15876.38586964537,0.23143627076399856,6591.488575358184,2716.767486660182
15876.945425893817,0.18246932325126414,6591.778724677646,2716.8756432969476
15877.412846365165,0.13347604700634672,6592.021098403347,2716.96599097428
15877.647134702505,0.10453300251195102,6592.1425850325795,2717.0112765427084
15877.833420191853,0.07821062506210277,6592.239180520439,2717.0472836401573
15877.953046229964,0.05904705628221929,6592.301210770772,2717.0704061385914
15878.051118979065,0.041555879969673186,6592.352064893195,2717.0893626036304
15878.115176558504,0.02936981629128463,6592.385280970246,2717.1017442815705
15878.15890548281,0.021556039495428784,6592.407955934442,2717.110196637109
15878.195912523985,0.017351379867885732,6592.427145369066,2717.1173497209147
15878.223857513209,0.017554384681810573,6592.441635815398,2717.1227512023315
15878.251802502433,0.02068735033153855,6592.456126261734,2717.128152683639
15878.280855635847,0.025571682401329093,6592.471191319282,2717.133768357797
15878.308691829,0.030795289208831074,6592.485625351093,2717.139148809713
15878.361428743048,0.04083707374832981,6592.512971270535,2717.1493423164325
15878.443750970491,0.0556923789412957,6592.555658201362,2717.165254361209
15878.543487660601,0.07211884023953108,6592.607375135288,2717.1845324422798
15878.686242490548,0.09324583963189935,6592.681398467252,2717.212125486935
15878.90072838814,0.12124019766264035,6592.792616846665,2717.253583406004
15879.216035529174,0.15692444034785683,6592.956114539388,2717.3145290233197
15879.673390046954,0.2011666799776557,6593.193268726849,2717.4029309083853
15880.333459420546,0.2548927958753483,6593.535537603938,2717.530515421252
15881.28278099241,0.31853698247053164,6594.027793789712,2717.7140092550467
15882.640566261514,0.3911081379475595,6594.73185259198,2717.9764545890694
15884.564390634816,0.4686523952332284,6595.7294223455265,2718.3483087723607
15887.244709560788,0.5415716671074978,6597.1192608446845,2718.866384207665
15890.8442205982,0.5903967015969396,6598.9857324787345,2719.562127541159
15895.776808547174,0.5788657771796234,6601.543451002783,2720.51553609941
15899.276301413807,0.5138934998683142,6603.358059960272,2721.1919429569343
15902.77579428044,0.3876818616319067,6605.172669009594,2721.868348109976
15904.074405379351,0.3177522091657567,6605.8460441594125,2722.1193518284363
15905.373016478263,0.22662194860673163,6606.519419321868,2722.3703553123337
15905.855112834633,0.18419975882884604,6606.769403105881,2722.4635377805907
15906.337209191004,0.13388049513082545,6607.019386891635,2722.556720216528
15906.559609937087,0.10655699945774784,6607.134709440765,2722.599707137604
15906.757579026513,0.07877069927075626,6607.237363323512,2722.6379717589502
15906.87738425621,0.05964269228682553,6607.299486516913,2722.6611284105215
15906.9761437323,0.042085068607873435,6607.350696752548,2722.6802172149346
15907.041463837462,0.029668067703391556,6607.384567507168,2722.6928426630184
15907.085685162998,0.02172699054765044,6607.407497808086,2722.701390016491
15907.122744339333,0.0174079876044669,6607.426714284647,2722.7085530281483
15907.151751936251,0.017556871186610774,6607.4417557362285,2722.714159783896
15907.18075953317,0.02085121932250144,6607.456797187818,2722.719766539527
15907.210623305711,0.02592051443306969,6607.472282596361,2722.725538781598
15907.238488923364,0.031165908438556423,6607.486731891849,2722.7309248086644
15907.29379116307,0.041680945698335886,6607.515408033648,2722.7416139437373
15907.376385074584,0.05651667664546984,6607.5582358600295,2722.7575781693686
15907.477836504368,0.0731351087305877,6607.6108419679995,2722.7771872831495
15907.623934910218,0.09461715487150393,6607.686599091803,2722.8054260178283
15907.843164371972,0.12301580403976903,6607.800277221436,2722.8477999352913
15908.165156223846,0.1591530007238348,6607.967241238624,2722.9100363399702
15908.631983418512,0.2038994203556839,6608.2093074392,2723.0002673125623
15909.305607999368,0.2581741404128042,6608.558605308105,2723.1304691878217
15910.274191763685,0.32235945536115385,6609.060849819899,2723.317682290764
15911.658969842796,0.39534771285456244,6609.778905632646,2723.5853394530122
15913.619682068918,0.47295444801342856,6610.79560344605,2723.9643157289534
15916.347810912646,0.5451563178470857,6612.210233643675,2724.491621242697
15919.998948057004,0.5917993296084811,6614.103476006297,2725.1973285046743
15925.04080669673,0.5747805520302647,6616.717856289365,2726.1718372707114
15928.578986826778,0.5036746365612915,6618.552526715973,2726.855707483173
15931.594695612868,0.3927920653344623,6620.116277509515,2727.438591476049
15933.056277654652,0.31439220740502605,6620.874159093382,2727.7210893794118
15934.237303744889,0.23169801573054022,6621.486562581712,2727.949360573791
15934.796674352696,0.1827983068739873,6621.776615882491,2728.0574768281026
15935.266201863931,0.1336315710866239,6622.020082384924,2728.148227998061
15935.50048442991,0.10471140724029965,6622.141566123031,2728.1935105663742
15935.687478838106,0.07830794872768665,6622.238529290933,2728.229653186505
15935.807203373945,0.05913923034563748,6622.300610667634,2728.2527937605228
15935.905377681298,0.04163863840691165,6622.351517494075,2728.2717690660666
15935.969628910694,0.029417091041013383,6622.384834013188,2728.2841876577663
15936.013437666423,0.021582778785486357,6622.407550391728,2728.292655091531
15936.050456023286,0.017359834953197453,6622.4267457099695,2728.299810064789
15936.078547892872,0.017553656465634754,6622.441312331036,2728.305239710728
15936.106639762458,0.02070745663456138,6622.455878952109,2728.310669356557
15936.135767509282,0.025609975447808932,6622.4709827119195,2728.3162992184402
15936.163593991629,0.030833581954856883,6622.485411720398,2728.321677569538
15936.216598676801,0.04092491342689203,6622.512896511424,2728.3319224073475
15936.298944036489,0.05577730107853868,6622.5555954728015,2728.3478382610256
15936.398857574877,0.0722236176606623,6622.607404151987,2728.367149721436
15936.541956158742,0.09338720082136884,6622.681605794285,2728.3948080592463
15936.756930934987,0.12142333312829032,6622.793077767384,2728.4363587445077
15937.07292700053,0.1571543180090709,6622.956932828277,2728.4974349823606
15937.531256811442,0.20144841484219644,6623.194592937636,2728.586021695411
15938.192721230167,0.2552307883852297,6623.537585480591,2728.7138705364896
15939.144024485613,0.31893017533727896,6624.030869650157,2728.8977397591466
15940.504585588837,0.39154325675037094,6624.736368408047,2729.1607106928977
15942.432201167894,0.46909204306532537,6625.735904868126,2729.533282178964
15945.117429883498,0.5419339992221157,6627.128290426198,2730.052285040563
15948.722244777995,0.5905279967282026,6628.997513854365,2730.74902458659
15953.666354545281,0.5784221872036378,6631.561208980344,2731.70462046797
15957.152812210305,0.5132552117388292,6633.369060238419,2732.3784798088714
15960.639269875328,0.3871596164968578,6635.176911586792,2733.052337471738
15961.934538622403,0.31729512797050025,6635.848554169627,2733.302684776827
15963.229807369478,0.22628175228272432,6636.520196764918,2733.553031850457
15963.710734731418,0.18391680578428138,6636.769574591995,2733.64598451503
15964.191662093357,0.13367159676942483,6637.018952420788,2733.7389371477007
15964.413557566359,0.10638697285380179,6637.134013063899,2733.781824628957
15964.610997739983,0.07865453319178958,6637.236392770497,2733.8199854366753
15964.730668029677,0.059535785415425556,6637.2984460444095,2733.8431150476054
15964.829309183406,0.041989154741181055,6637.349594968312,2733.862180191808
15964.894392331536,0.029615458353263784,6637.383342880508,2733.8747593181142
15964.938531111735,0.021696069509885948,6637.4062303978235,2733.883290363177
15964.975584425707,0.017397292421708288,6637.425443850524,2733.890451944911
15965.004378179883,0.01755517125017536,6637.440374429598,2733.8960171372523
15965.03317193406,0.020815342216192873,6637.455305008678,2733.901582329479
15965.06282181743,0.025837519344685554,6637.470679521005,2733.9073129923167
15965.090654760737,0.031072976650067655,6637.485111885709,2733.9126924809516
15965.145319337269,0.041470697492297634,6637.513457400466,2733.9232579269506
15965.227835322014,0.05630959209753302,6637.556244854682,2733.9392064295007
15965.32885623797,0.0728799825272673,6637.608627769766,2733.958731521944
15965.474112931777,0.09427287633856989,6637.683948499128,2733.986806402267
15965.69215063771,0.12257027283397484,6637.797008755778,2734.0289482240723
15966.012463168743,0.158593980412855,6637.963102124588,2734.090857474837
15966.4769090862,0.20321386012374845,6638.203933750016,2734.180624461564
15967.14712548665,0.2573507599748586,6638.551464647271,2734.310162218523
15968.110865740433,0.32139994859370935,6639.051198045031,2734.496431426404
15969.488856064738,0.39428290240318653,6639.76573476348,2734.7627655873407
15971.440292282221,0.471872807305815,6640.777623482655,2735.1399333377612
15974.156402079221,0.5442526180754187,6642.186022553388,2735.664894035294
15977.794607707649,0.5914386987663184,6644.07256103738,2736.368072766526
15982.809510815605,0.575792815337674,6646.672966087913,2737.3373314341197
15986.320732918413,0.5066947051644853,6648.493659339305,2738.015963116084
15989.401339712675,0.39484251066769227,6650.091063348473,2738.611366200127
15990.863280410837,0.31705400448775833,6650.849131535677,2738.8939217655284
15992.07085809388,0.2330656064664409,6651.475303475247,2739.127315275715
15992.629637837208,0.18447617522860607,6651.765050631879,2739.235312869307
15993.109803161018,0.13444103781756506,6652.014033419781,2739.3281163056718
15993.344161622204,0.10562454881896659,6652.135556612812,2739.3734116736177
15993.534760601407,0.07881105537344674,6652.234388959184,2739.4102494713484
15993.654998686407,0.05961477203246282,6652.296736680771,2739.433488345889
15993.753700832647,0.04206502199814186,6652.3479172525795,2739.4525648856984
15993.818982105979,0.029655077499496904,6652.381767913671,2739.4651820453482
15993.86317664529,0.021720397101216735,6652.404684353519,2739.47372369149
15993.900234921502,0.017405696614206392,6652.423900387251,2739.4808860848034
15993.929195663855,0.01755646225867938,6652.438917561795,2739.486483436967
15993.958156406208,0.02084322881256593,6652.453934736346,2739.492080789015
15993.98797104115,0.0259017348984394,6652.46939468457,2739.497843175988
15994.01582798494,0.03114462662653832,6652.483839500335,2739.5032271924965
15994.070984601583,0.04163285773442324,6652.512440167089,2739.5138875193456
15994.153560241404,0.05646918428067976,6652.55525857225,2739.5298472231984
15994.25491325196,0.07307658262782103,6652.607813711823,2739.549436098693
15994.400819007158,0.09453813817718501,6652.683471033693,2739.5776358473327
15994.619775914118,0.12291348644506672,6652.797007975443,2739.6199544586184
15994.94138337761,0.15902443641049063,6652.963772881362,2739.6821127107128
15995.407664857745,0.20374137613758417,6653.205556410754,2739.772232614529
15996.080507488283,0.25798364730093143,6653.554449245207,2739.9022752844517
15997.04797837383,0.32213625944560587,6654.056117314576,2740.0892616881342
15998.431193597014,0.39509779520649585,6654.7733636240155,2740.356600197285
16000.389762837844,0.4726962614069401,6655.788951487439,2740.7351388013103
16003.115096443134,0.5449314625924313,6657.202134012638,2741.2618713986485
16006.76315880378,0.5916867555967114,6659.093784342158,2741.9669406839107
16011.798886002272,0.574960356319446,6661.70498849944,2742.9402041021076
16015.331064468819,0.5042851535385461,6663.5365491248795,2743.6228720690797
16018.360242945879,0.39319875710769886,6665.107286372981,2744.20832332125
16019.821707905367,0.3149362680985983,6665.865108184794,2744.4907811349553
16021.008260537506,0.23197027236604414,6666.480378141523,2744.720106337695
16021.56742428582,0.18314202765881463,6666.770324537637,2744.8281759312686
16022.039164180214,0.13379344594304615,6667.014938541487,2744.9193490808366
16022.27343533349,0.10489787076723313,6667.136416512202,2744.964626645473
16022.46117424028,0.07840933317642038,6667.233765849371,2745.000910921614
16022.581001108747,0.05923534402721162,6667.295900366105,2745.0240698436814
16022.679281654147,0.0417249241505037,6667.346862343837,2745.043064509445
16022.743737155375,0.02946599373825466,6667.38028482647,2745.0555218134505
16022.787627347876,0.021610665864794078,6667.40304346103,2745.064004463333
16022.824656407633,0.017368813001620947,6667.422244352883,2745.071161063076
16022.852908819543,0.017553341156125772,6667.436894238931,2745.076621401537
16022.881161231453,0.020730529907729618,6667.451544124985,2745.0820817398885
16022.910384007138,0.025655607604568628,6667.466697179369,2745.08772962015
16022.938202949124,0.03087994807208663,6667.481122295774,2745.093106181633
16022.991531045229,0.04103106003641501,6667.508774820981,2745.103412892053
16023.073906043664,0.05588018454406353,6667.551489204003,2745.119333490685
16023.174033934987,0.07235052132664549,6667.603409097027,2745.1386851859447
16023.317549435995,0.093558401923236,6667.677827017688,2745.166422392475
16023.533116816056,0.12164506034688925,6667.789606415139,2745.2080850431316
16023.849947812047,0.1574325369805333,6667.953894620291,2745.2693188745798
16024.309459643064,0.20178926299814962,6668.1921679437155,2745.3581285637706
16024.972614572362,0.2556394719602979,6668.536037501671,2745.4862962316934
16025.926318682032,0.31940519975557924,6669.030567210913,2745.6706181092973
16027.290241592069,0.3920681819392317,6669.737810059473,2745.934222536553
16029.222445938887,0.46962096583806356,6670.739727197231,2746.307657884515
16031.913609674282,0.5423667885220115,6672.13519199872,2746.827775761798
16035.52480272253,0.5906770625062857,6674.007725040349,2747.5257050088544
16040.482804346186,0.5778670700706343,6676.5786267615695,2748.483926798905
16043.962015874462,0.5122361704254259,6678.382722871029,2749.156344160206
16047.441227402738,0.38568016490567125,6680.18681906916,2749.828759870699
16048.723868434372,0.31619221392688635,6680.8519145563805,2750.07665124641
16050.006509466006,0.22583558789417799,6681.517010055645,2750.3245423979033
16050.486695042748,0.18347074118575266,6681.7660035479785,2750.417345979448
16050.96688061949,0.1332148508409953,6682.014997041999,2750.510149529575
16051.187529262172,0.10603397869474397,6682.1294113006215,2750.552793401663
16051.383932335699,0.07840429945768176,6682.231253359751,2750.590751424935
16051.503306433606,0.0593064306658464,6682.293153124078,2750.613822368789
16051.601695340007,0.04178315610399446,6682.344171311734,2750.6328375890175
16051.666278636241,0.02950091775885092,6682.377660074349,2750.6453193369634
16051.710232878084,0.02162965827848437,6682.400451930106,2750.6538141921174
16051.747268108333,0.017375033931600645,6682.419656029435,2750.660971838214
16051.775634765043,0.017553381576340284,6682.4343651615145,2750.6664541447544
16051.804001421753,0.02074758790432288,6682.4490742936005,2750.6719364511846
16051.83330054645,0.025690454198533216,6682.464266943892,2750.677598971731
16051.861116555543,0.03091588201081232,6682.478690545388,2750.6829748565565
16051.914694669844,0.04111318644909464,6682.506472725337,2750.693329676416
16051.997093758455,0.05596000478027764,6682.549199617452,2750.7092546056415
16052.097387800619,0.07244896953139418,6682.601205686904,2750.728638016881
16052.241226749817,0.09369123376674528,6682.67579135753,2750.7564371683015
16052.45725357019,0.12181709894280189,6682.787809037036,2750.7981877620205
16052.774731995582,0.15764847088877684,6682.952433024824,2750.859545468614
16053.235160830909,0.2020539758034299,6683.191181945441,2750.9485305692747
16053.899627701021,0.2559571806825014,6683.535731932563,2751.076949172432
16054.855195763545,0.3197750417647824,6684.031228370697,2751.2616275232836
16056.221730123494,0.39247790701881935,6684.739825639263,2751.5257312699787
16058.157502132199,0.470035817363418,6685.743593147837,2751.8998484971858
16060.853287823296,0.5427105238111309,6687.141455170305,2752.420849017215
16064.469471888087,0.5908065010850636,6689.016576999115,2753.119728605069
16069.438172080085,0.577460386359349,6691.5930273641825,2754.079998489893
16072.917452617501,0.5113330842914189,6693.397159993877,2754.7524154738776
16076.396733154917,0.38404654381497216,6695.201292711838,2755.4248308136634
16077.66459953446,0.3150288461914427,6695.858727278856,2755.669861753716
16078.932465914004,0.2254870432556775,6696.516161857588,2755.914892475572
16079.412539552857,0.18307731082623088,6696.765097407491,2756.007672535027
16079.89261319171,0.1327484980860319,6697.014032959074,2756.1004525632047
16080.111939737313,0.10568021855237535,6697.127761709115,2756.1428400563677
16080.30732614139,0.07815026618097391,6697.2290766298165,2756.1806008237136
16080.426397721405,0.05907389558239092,6697.290819552875,2756.2036128329432
16080.524532665026,0.04157405848805698,6697.341706072411,2756.2225785849378
16080.588621640756,0.029382416636622395,6697.374938525592,2756.2349645455884
16080.632378257475,0.021562210929132453,6697.397627914851,2756.2434210344954
16080.669387787584,0.017353376534579173,6697.416818695547,2756.25057356811
16080.697365756183,0.017554181453621868,6697.431326284763,2756.2559806444965
16080.725343724782,0.020691684260805143,6697.445833873985,2756.2613877207764
16080.754412522292,0.02557981036686702,6697.46090709748,2756.267005612647
16080.782247035657,0.030803447295124874,6697.475340299983,2756.272384964276
16080.835041281309,0.04085575840742885,6697.502716026979,2756.2825880815208
16080.917368590728,0.05571032857297808,6697.545405716381,2756.298498814598
16081.017143453037,0.07214091950646198,6697.597142593459,2756.317781493843
16081.1599721717,0.09327552542862633,6697.6712044533515,2756.345384840724
16081.374563414945,0.12127846221204039,6697.782477779755,2756.3868571429143
16081.690018169083,0.15697197257678994,6697.946052487757,2756.4478225031926
16082.147580166484,0.20122395504135218,6698.183314946292,2756.5362517441113
16082.807944047325,0.25495975852641084,6698.525737525125,2756.663874785654
16083.757679831751,0.3186117510762597,6699.01820991743,2756.8474222274563
16085.116036927375,0.3911851026148277,6699.7225672663835,2757.109940258403
16087.040623661966,0.46871892025675116,6700.72053521296,2757.4818882091554
16089.721881905489,0.5416025615385929,6702.110864794834,2758.0000705702564
16093.322233052377,0.5903471907900507,6703.977777441988,2758.6958761139326
16098.257379457647,0.5786368793799023,6706.536829994004,2759.649641960138
16101.751221150813,0.5136322445157515,6708.3485138418055,2760.3248594247375
16105.245062843978,0.38752788355122564,6710.160197778205,2761.0000752380106
16106.543033927817,0.31760562230651324,6710.833242995431,2761.250919211112
16107.841005011656,0.22648473495252033,6711.506288224876,2761.501762956452
16108.322580581942,0.18409221111603993,6711.756002681744,2761.594831396912
16108.804156152228,0.1338115996431529,6712.005717140294,2761.687899806026
16109.026405492346,0.1064995565184093,6712.120961511746,2761.7308512942186
16109.224196004325,0.07873192349544758,6712.223523090947,2761.7690759098127
16109.343955958986,0.05960730201207797,6712.285622986334,2761.7922204867514
16109.442676350453,0.042053483193919,6712.336813102507,2761.81129899699
16109.507918931602,0.029650743649253176,6712.370643755554,2761.823907650203
16109.552112876812,0.021716895195019438,6712.393559924747,2761.8324484850104
16109.589170697855,0.017404495438213367,6712.412775753826,2761.839610206312
16109.618106479758,0.01755625141724966,6712.427780009984,2761.8452022782426
16109.647042261662,0.020838961022207635,6712.442784266149,2761.8507943500604
16109.676831081078,0.02589176566208529,6712.458230853319,2761.8565512780974
16109.704684028979,0.031133427919466772,6712.472673620649,2761.8619340833447
16109.75976403174,0.04160751973226914,6712.5012346070025,2761.8725787346875
16109.84233028773,0.056444148898208917,6712.544048216202,2761.8885353236733
16109.943631695663,0.07304570038644198,6712.596576683722,2761.908112629278
16110.089436391087,0.09449640619952168,6712.672181725917,2761.9362905479525
16110.308250361959,0.12285936851998644,6712.785644735423,2761.9785780852103
16110.629655916055,0.15895624283332163,6712.95230521616,2762.040692248774
16111.095650216092,0.2036571775322735,6713.193940226826,2762.130749305463
16111.768080505046,0.2578815086563154,6713.542619816519,2762.260701685888
16112.734962981447,0.3220154236475486,6714.043983592888,2762.447559133378
16114.117348702757,0.3949603614409564,6714.760800945491,2762.714715547497
16116.074773433753,0.47255018020611683,6715.7757969952145,2763.0930021239424
16118.798595753367,0.5447957048706534,6717.188198167604,2763.6193997519463
16122.44492680341,0.5915983923182189,6719.078953831758,2764.324077047846
16127.477438728403,0.5750042854550789,6721.688495004095,2765.2966399079096
16131.006563654415,0.5045274029161337,6723.518475237341,2765.978662252604
16134.04152844555,0.3933568893353661,6725.092215455318,2766.5651841553695
16135.502801581726,0.3151613827066086,6725.849939031739,2766.847581947917
16136.691734273774,0.23207856876320776,6726.466444136679,2767.0773484778183
16137.250755367251,0.18328548332583033,6726.7563170322555,2767.185381724313
16137.723448844363,0.13385834774823382,6727.001425901159,2767.27673175238
16137.957695864045,0.10497549290831557,6727.12289155512,2767.322000975651
16138.145753438093,0.07845045586434617,6727.220406291112,2767.3583438886444
16138.265620808752,0.059274612890511995,6727.282561910677,2767.38150875705
16138.3639449437,0.041760229729825696,6727.333546573989,2767.4005103040226
16138.4284850112,0.029485873510374867,6727.3670129616385,2767.4129829391018
16138.472407841986,0.021622111837995322,6727.389788557322,2767.421471207562
16138.509441095968,0.01737255377264257,6727.408991655232,2767.428628036647
16138.537761264672,0.01755334027568062,6727.423676699461,2767.4341010259377
16138.566081433375,0.020740543287151574,6727.438361743697,2767.4395740151213
16138.595348532648,0.025675948028077395,6727.453537806104,2767.445230002422
16138.623165775463,0.03090090520396195,6727.467962064866,2767.4506057988924
16138.67663987041,0.04107895137564504,6727.495690340746,2767.460939887164
16138.759028930193,0.055926660545809054,6727.538412084492,2767.4768619102856
16138.859253970222,0.07240780929443211,6727.5903824370325,2767.4962308083823
16139.00295842716,0.09363564496510915,6727.664898459168,2767.524002278918
16139.218794352932,0.12174500250905364,6727.776817289006,2767.565713443835
16139.536003340043,0.1575577205542185,6727.941301763294,2767.627015351159
16139.996049767899,0.2019422161190033,6728.179852681831,2767.7159211419753
16140.65996835572,0.25582213794639597,6728.524118783264,2767.844225983436
16141.61475528838,0.3196162144595845,6729.019210779087,2768.028742156416
16142.980190903196,0.3922989547547517,6729.727239168974,2768.292617521708
16144.914452144378,0.46984879940651453,6730.73022450843,2768.666420064998
16147.608255591786,0.5425431868457335,6732.127060362094,2769.1870058768277
16151.222207646671,0.5907122802695204,6734.001027087376,2769.8854117086876
16156.186496936532,0.577560008222294,6736.57519336203,2770.844770936801
16159.66486560732,0.5116289123825393,6738.378855341586,2771.5169709439856
16163.143234278106,0.3846484145105607,6740.182517408146,2772.189169327581
16164.416707473702,0.3154512568028603,6740.842860111501,2772.4352689486623
16165.690180669297,0.2255968149281442,6741.5032028265105,2772.6813683522573
16166.170207939376,0.1832100220301512,6741.752114633802,2772.7741338328483
16166.650235209456,0.1329164951723655,6742.00102644275,2772.8668992825446
16166.870046842374,0.10580677553744369,6742.115006866058,2772.909377952606
16167.065796175979,0.0782414851433449,6742.21651010169,2772.94720656999
16167.18497631262,0.059157532702183824,6742.278309390073,2772.970238164598
16167.28320246307,0.041649370204765175,6742.329243265287,2772.9892203941054
16167.347468328358,0.029425337547741074,6742.362567482432,2773.0016397888394
16167.391297121068,0.0215865515022363,6742.385294325055,2773.0101097138067
16167.428316922844,0.01736109683055117,6742.40449045521,2773.017263799402
16167.456429554679,0.01755358870584658,6742.4190678898285,2773.022696572141
16167.484542186514,0.020710275909338667,6742.433645324452,2773.0281293447742
16167.513681299572,0.02561544865258381,6742.448755027387,2773.0337604850306
16167.541507381497,0.030839189820558284,6742.463183875344,2773.039137881614
16167.594551499178,0.04093771455159164,6742.490689203313,2773.0493886689856
16167.676900650018,0.05578958111822739,6742.533390269954,2773.065302659693
16167.77684068866,0.07223868561429599,6742.585212859646,2773.0846160919436
16167.919990470284,0.09340740940232456,6742.659441292124,2773.1122798132474
16168.135038310007,0.12144927853695267,6742.770951515254,2773.1538378421765
16168.451136339632,0.15718629208961934,6742.934859983201,2773.2149238249835
16168.90960877566,0.201486446141687,6743.172594824755,2773.303523655407
16169.571274541602,0.2552743525851933,6743.515692893224,2773.431390561424
16170.522858935083,0.31897716565384454,6744.009124453147,2773.615284137928
16171.8838039468,0.39158844968351747,6744.714824583846,2773.8782863968013
16173.81192183071,0.4691244572284234,6745.714624768232,2774.250894236494
16176.497744194665,0.5419325061845581,6747.107322695488,2774.7699272672244
16180.102992236483,0.5904559380410347,6748.976776819072,2775.466637059105
16185.048894407302,0.5781987255650044,6751.54140972289,2776.422423798708
16188.532086099849,0.51296203592158,6753.347573338046,2777.0955423940377
16192.015277792396,0.38684176524073366,6755.1537370400465,2777.768659367783
16193.308185010572,0.3170467714940427,6755.8241572668385,2778.018509629839
16194.601092228748,0.22614971884737783,6756.494577505589,2778.268359668617
16195.081689595361,0.18379748859857276,6756.7437850285105,2778.361233461422
16195.562286961975,0.13356658855130077,6756.992992553084,2778.4541072233833
16195.78391337506,0.10630420364243255,6757.107914052637,2778.4969357429904
16195.981110019797,0.07859645144041616,6757.210167813234,2778.53504329085
16196.100711305922,0.05948288123024389,6757.272185507914,2778.5581558100425
16196.19929426291,0.04194183904741471,6757.323304420883,2778.5772066111463
16196.264262384311,0.029589285042009358,6757.3569927971375,2778.5897614657256
16196.308359185075,0.02168091383591019,6757.379858620944,2778.598283012727
16196.345409440917,0.01739215443326171,6757.39907055033,2778.6054428402485
16196.374100821664,0.017554534541703217,6757.413948093513,2778.6109873453584
16196.40279220241,0.020798503097813014,6757.428825636701,2778.6165318503586
16196.432348352417,0.025799722650423216,6757.444151594772,2778.622243468759
16196.460172830579,0.031031799387970425,6757.458579616885,2778.6276204477713
16196.514553882933,0.041377188422113055,6757.4867782059755,2778.6381293876775
16196.597037713635,0.05621774461963394,6757.529549126176,2778.6540690861852
16196.697868513767,0.07276670055917872,6757.581833629393,2778.6735542681777
16196.842753725194,0.09411989527732242,6757.656961976148,2778.7015528010593
16197.060265183476,0.1223720109483462,6757.769749721293,2778.7435860830933
16197.379835154636,0.15834458810445115,6757.935458585007,2778.8053417825017
16197.843226729292,0.20290687875010868,6758.175744277141,2778.8948904436284
16198.511931585535,0.2569800553798695,6758.522492511805,2779.0241150657994
16199.473518930146,0.3209643641237732,6759.0211111697245,2779.209937989279
16200.848482310188,0.39379288774970234,6759.734080626036,2779.475643970391
16202.795759856417,0.47136218058810986,6760.743816205436,2779.8519468632708
16205.506423172184,0.543798757018648,6762.14939564469,2780.37576988459
16209.138545945583,0.5911898492740345,6764.032786062206,2781.077659105116
16214.141481010578,0.576086053774092,6766.626993667069,2782.0444479382777
16217.641707373843,0.5077700904948967,6768.441991116197,2782.7208448535916
16220.746580263527,0.3955842949041059,6770.051983169717,2783.3208408107766
16222.208587321458,0.3180322458031327,6770.810088220364,2783.6033634698247
16223.426075387304,0.23356993691389055,6771.44140108838,2783.838634323407
16223.98463723403,0.18509688224322174,6771.7310361949685,2783.9465723359544
16224.46878056415,0.13473999558571695,6771.982082532717,2784.040129478096
16224.703160641517,0.10596319320565477,6772.103617327671,2784.085421695146
16224.895111822285,0.07899668017359764,6772.2031511606065,2784.1225148361873
16225.015538144089,0.05979078937171933,6772.265596691669,2784.1457863265828
16225.114437704864,0.042222837150891035,6772.316879795822,2784.1648979291836
16225.18011492127,0.02974077906535413,6772.350935877636,2784.177589560763
16225.224440780814,0.02177146039923763,6772.373920486043,2784.1861552017613
16225.261506212413,0.017423811241340924,6772.393140292268,2784.1933178191343
16225.290835638127,0.017560250130965096,6772.408348691438,2784.1989855111124
16225.32016506384,0.02090704594472993,6772.423557090614,2784.2046532029767
16225.350395609961,0.026055750322662396,6772.439232754276,2784.210495029491
16225.378355265591,0.03132482643995223,6772.4537308766785,2784.2158980233257
16225.434739641218,0.04203821157875446,6772.482968274688,2784.2267938808814
16225.51748190914,0.056870832564737024,6772.525873221226,2784.2427832026037
16225.619671061657,0.07357089092126208,6772.578862101529,2784.262530487433
16225.767215128071,0.09520497675123206,6772.655369193482,2784.2910422656632
16225.988488137364,0.1237755423773316,6772.770107487761,2784.333801600701
16226.313357118972,0.160104588879212,6772.938564151648,2784.3965800618535
16226.78426231736,0.20506374897288893,6773.1827460331215,2784.487578886869
16227.463718027819,0.25956790269749475,6773.535069124126,2784.6188784500196
16228.440577499587,0.32397535672285294,6774.041607147405,2784.8076488832608
16229.836929784808,0.3971256457440144,6774.765667831989,2785.077482793173
16231.813405277404,0.47473071733185157,6775.790544037285,2785.4594204296563
16234.561813049497,0.5465774067889123,6777.21569594524,2785.990526769002
16238.23416276769,0.5922111741341572,6779.119946286454,2786.700175436287
16243.321478348766,0.572690708548249,6781.757909377001,2787.683250616676
16246.899775037415,0.49810525362659375,6783.61338993467,2788.3747202422105
16249.801053029938,0.3890565609945618,6785.117811064184,2788.9353616093877
16251.26120746387,0.309607598830943,6785.8749557617675,2789.2175206289057
16252.395281622166,0.22925241709279479,6786.463015648375,2789.436667974225
16252.955652469547,0.1798014285376433,6786.753588904432,2789.5449534080894
16253.406445250883,0.13218278880385934,6786.987341833937,2789.632064069214
16253.640513317707,0.10308691956135096,6787.108714887909,2789.6772950935497
16253.821196861523,0.07740652668282591,6787.202406068749,2789.712210153585
16253.939997283705,0.058289038842037,6787.26400853473,2789.7351669949185
16254.037266394076,0.040871171245437994,6787.314446209627,2789.7539631517598
16254.099802012639,0.02896566512863497,6787.346873268843,2789.766047452991
16254.14280889429,0.021335307751479904,6787.369173946938,2789.774358046315
16254.17968692623,0.017286893871228084,6787.388296587034,2789.781484308575
16254.20667376151,0.0175761051507104,6787.4022902713905,2789.786699208922
16254.233660596788,0.020593536278656878,6787.41628395575,2789.7919141091725
16254.262514487411,0.02541963778186684,6787.431245778207,2789.797489796614
16254.290427381064,0.030650142196974397,6787.445719658514,2789.802883646948
16254.342138015836,0.040501383480966664,6787.472533558496,2789.8128761407575
16254.424383858814,0.05536936007702582,6787.515181107099,2789.828769216576
16254.523450760182,0.07171992449022319,6787.566551004266,2789.8479127698515
16254.664904288491,0.0927072870273018,6787.639899954468,2789.8752470550126
16254.877538073782,0.12054156094060729,6787.750158533047,2789.916336110098
16255.190231994982,0.15604555527972336,6787.912302038879,2789.976760634933
16255.643883563067,0.20008617367258674,6788.1475373635,2790.064423590256
16256.298649056476,0.2535906147376471,6788.487057791499,2790.190949453792
16257.240422394534,0.31701154274253907,6788.975402540147,2790.372936166402
16258.587605675437,0.38940047206841516,6789.673967539168,2790.63326341759
16260.496885038046,0.4668888349750052,6790.664000435678,2791.0022086835565
16263.15819709094,0.5400370931621659,6792.043990506285,2791.5164744143035
16266.736525378772,0.5896356048670867,6793.899487952131,2792.207940745693
16271.625224056252,0.5800938986306086,6796.434461745327,2793.1526167163884
16275.222777243931,0.514419604001613,6798.299928238407,2793.847793984073
16278.428444852292,0.4023766312244292,6799.962187411897,2794.467243357583
16279.94280973208,0.32379000436795913,6800.747442560539,2794.7598722193875
16281.19872709899,0.2381290406005494,6801.39868296527,2795.002559650143
16281.77666849043,0.18867806205802648,6801.698367323721,2795.1142381946743
16282.276125659568,0.13735130281798405,6801.957354661571,2795.2107507996075
16282.517518393426,0.10802363800792252,6802.082525878837,2795.257396312183
16282.715615006702,0.08044436493691917,6802.18524642845,2795.2956754953702
16282.837718489198,0.0611270844858363,6802.2485616797885,2795.319270149443
16282.938132997378,0.04341898071633179,6802.300630381705,2795.338673735287
16283.007030625975,0.030352615492331647,6802.336356395358,2795.35198715979
16283.052167726015,0.022159613886047282,6802.359761680655,2795.3607092212387
16283.089129928294,0.01758256756589651,6802.378927973777,2795.3678516072187
16283.12455958427,0.01782600322878264,6802.397299583965,2795.374697851659
16283.157365219015,0.02201466767093345,6802.4143105403855,2795.3810370435895
16283.19694504591,0.029126368384978434,6802.434834170425,2795.3886852453397
16283.233584984799,0.03612805441143352,6802.453833357888,2795.3957653580997
16283.315264262597,0.0512205445193963,6802.496187137913,2795.4115486397086
16283.406275272037,0.06665726334281202,6802.543379772104,2795.4291351358866
16283.531409906649,0.08584722469716624,6802.608266790511,2795.453315502905
16283.7207370902,0.11161123745292799,6802.706440062109,2795.489900100827
16284.000359639715,0.14476593571896224,6802.851434880453,2795.5439328958787
16284.407376469178,0.18620179043931542,6803.062488429705,2795.6225826750656
16284.995393329496,0.23684080984842887,6803.367397311219,2795.7362079042177
16285.842139170358,0.29736057235058433,6803.8064669148425,2795.899828455917
16287.055705067065,0.3673443339520185,6804.435746539242,2796.134331151258
16288.781248010297,0.4439944993914408,6805.330505562907,2796.4677650970216
16291.200986697077,0.5198728209950798,6806.585231267864,2796.9353407551757
16294.501608569253,0.5791402627997146,6808.296728169932,2797.5731317045447
16298.762720220107,0.5936155020569478,6810.506275354221,2798.3965194014754
16303.914160162063,0.5200541454415923,6813.177491524568,2799.391944778512
16306.741027180928,0.428169610989094,6814.643328918704,2799.9381857436592
16308.770370301032,0.32876616702980677,6815.6956200625755,2800.3303189800235
16309.868100990085,0.25664771479578397,6816.26483494569,2800.5424350217104
16310.66368869764,0.19099580044811215,6816.677377269856,2800.696167452036
16311.093955839495,0.14784773535719503,6816.900487062154,2800.779308487529
16311.412306951392,0.11024247462064563,6817.0655641593885,2800.8408238387615
16311.595292626373,0.08521594837954895,6817.16044915597,2800.8761823650157
16311.724921282073,0.0652207248408065,6817.227666519189,2800.9012306522063
16311.830105922667,0.04708685616633559,6817.282208735683,2800.9215555939486
16311.910112632982,0.03204695313707521,6817.323695242609,2800.937015376048
16311.956720591708,0.02340138449377965,6817.347863232974,2800.9460214813125
16311.99262742361,0.018291741086000343,6817.366482284134,2800.9529597963037
16312.028263712615,0.017291964309337708,6817.384961048572,2800.9598458338382
16312.062437850604,0.020936824836299835,6817.402681632386,2800.9664493382406
16312.091130901515,0.025810226529385433,6817.417560065132,2800.9719937263394
16312.118878324465,0.03102801720442832,6817.431948154,2800.97735538966
16312.173294852226,0.04138004544273425,6817.460165182989,2800.9878703514746
16312.255780971762,0.05622063999415154,6817.502937357621,2801.0038092287327
16312.356618147052,0.07277014435288544,6817.555225249215,2801.0232940980522
16312.501516408807,0.09412448962374403,6817.630360481768,2801.051292933312
16312.719046211361,0.12237776061261506,6817.743157917322,2801.0933264282735
16313.038641220182,0.15835131802433208,6817.908880025826,2801.1550820708662
16313.502066867535,0.2029141939503519,6818.149183765564,2801.2446302184844
16314.170818337068,0.2569871777538272,6818.4959567187525,2801.373853606547
16315.132467955731,0.32096969667805025,6818.994608455711,2801.559673838201
16316.507510536103,0.39379334356169465,6819.7076201063455,2801.8253740713776
16318.4548783018,0.47135204961909316,6820.717404062157,2802.201664589731
16321.165611836084,0.5437678740323274,6822.123022130726,2802.725459699598
16324.797636875926,0.591121631577165,6824.006364840655,2803.427274479058
16329.801023342492,0.5759439172493139,6826.600810603834,2804.3940740578873
16333.301839932115,0.5075311130419587,6828.416116966974,2805.070531546048
16336.402541698391,0.39541003569541655,6830.023948669407,2805.6696741119176
16337.864124257609,0.31784060021566185,6830.781834794507,2805.9520924277767
16339.079929975158,0.23345833845696942,6831.4122762943525,2806.1870196233153
16339.638368754997,0.1849786725392339,6831.7018480417655,2806.2949253319994
16340.121837687711,0.13467541818956025,6831.9525450737465,2806.3883447743497
16340.356158289269,0.10589808109254376,6832.074049219415,2806.4336219227357
16340.547872764646,0.07895801352687752,6832.173460468171,2806.4706663970123
16340.66825743832,0.05975484779844477,6832.23588450132,2806.4939280024128
16340.76711703804,0.042190762897457476,6832.287146964811,2806.5130303744822
16340.83271397074,0.029723435952253283,6832.321161470038,2806.525705490999
16340.87701336574,0.021761167838938167,6832.344132391723,2806.5342653420353
16340.91407811412,0.017420135084991326,6832.363351873904,2806.5414272618787
16340.94333033116,0.017559366032151278,6832.378520261361,2806.5470795875553
16340.9725825482,0.020893358921069027,6832.393688648824,2806.55273191312
16341.002719873626,0.026021924690752384,6832.409315998664,2806.5585552656303
16341.030652073525,0.031284291321337386,6832.42379990703,2806.563952527693
16341.08676173215,0.041947269001474885,6832.452894899808,2806.574794442198
16341.1694649438,0.05678028494247169,6832.495779661665,2806.590774954819
16341.27146648064,0.07345940081748663,6832.548671339445,2806.610484428157
16341.418642474708,0.09505448033977282,6832.62498769221,2806.638922833852
16341.639395642767,0.12358079906839085,6832.739456609483,2806.6815783457737
16341.96353153834,0.15986000594062172,6832.907533405291,2806.744210198935
16342.43339541859,0.20476314384042218,6833.15117570767,2806.835000629872
16343.111359000308,0.2592056652585914,6833.502725627123,2806.9660015099334
16344.08609509395,0.3235510932720396,6834.008163394378,2807.1543467516117
16345.479466118155,0.3966509002675321,6834.730679319724,2807.4235833107587
16347.451855576906,0.4742408856588358,6835.753438371313,2807.8047012879847
16350.194940090398,0.5461521043348513,6837.175832205374,2808.3347371531563
16353.86147458669,0.5920009026603347,6839.0770701217225,2809.043206236601
16358.937313703393,0.573041001675716,6841.709086365661,2810.0239864429013
16362.506898157819,0.49921165434507997,6843.560052205581,2810.7137182234997
16365.431692264006,0.38978668602393457,6845.076669695538,2811.2788593620817
16366.891843246882,0.3105745490991625,6845.833813789583,2811.560995518541
16368.035598830758,0.22973309506430886,6846.426894786446,2811.781996308583
16368.595619447126,0.1804089950171223,6846.717286889357,2811.890205552978
16369.050267788858,0.13246941768287324,6846.953039440388,2811.9780543486186
16369.284336130078,0.10341499429701591,6847.074412826692,2812.0232818688983
16369.466307603656,0.07758630225863956,6847.168771995067,2812.0584430415433
16369.585290189276,0.05845923095237583,6847.23046901621,2812.0814332758246
16369.682723291548,0.04102809618613267,6847.280991806149,2812.100259641655
16369.745600073713,0.029059603173526984,6847.313595822514,2812.112408913429
16369.788780250065,0.02138562587863771,6847.335986395455,2812.1207523378366
16369.825693479801,0.017300858192015114,6847.355127316895,2812.12788484075
16369.85285940311,0.01756876715303457,6847.369213887153,2812.1331339350268
16369.88002532642,0.02060385635445581,6847.383300457417,2812.138383029208
16369.908875543273,0.025431689762446766,6847.398260398309,2812.14395756834
16369.936778201221,0.03066082281737993,6847.412728993672,2812.149349016745
16369.988567547749,0.04052661678016297,6847.439583750693,2812.159355933747
16370.070818865672,0.055393449655800175,6847.482234205033,2812.175248817703
16370.169936431419,0.07174959455834413,6847.533630454043,2812.1944006551917
16370.311488357973,0.09274726562184119,6847.607030542333,2812.2217518038306
16370.52426233884,0.12059322850180647,6847.717361990293,2812.2628647171146
16370.83715318148,0.156110035617005,6847.879607861255,2812.3233225407052
16371.291082125745,0.20016441513115096,6848.114987384269,2812.4110321991457
16371.946242508984,0.2536830756265899,6848.454713109188,2812.5376244173094
16372.88857347327,0.31711659698028766,6848.94334777266,2812.7197045702005
16374.236531181534,0.38951211003231356,6849.6423154350105,2812.9801609972715
16376.14685353897,0.46699265860450156,6850.632890713071,2813.3492788013427
16378.809478948295,0.5401035535797553,6852.013563967387,2813.8637579025467
16382.3890948653,0.5896111101854841,6853.86973199863,2814.555418734865
16387.281243280606,0.5798605243954673,6856.40649857305,2815.5006871298046
16390.863558472945,0.5143697712146265,6858.2640664926375,2816.1928655731135
16394.073162627206,0.40215265012874307,6859.928369509582,2816.81302700851
16395.582839718223,0.323785408468048,6860.7111950842245,2817.104727162516
16396.840578109044,0.23798640772613006,6861.363380775198,2817.347747436971
16397.41666808783,0.18868418509939233,6861.6621055722,2817.459059502727
16397.916877500455,0.1372747257395621,6861.921483380914,2817.55570989579
16398.15764487881,0.10801829447893094,6862.046330522413,2817.60223092353
16398.355917728848,0.0804122813577036,6862.149142617662,2817.640541160817
16398.47797075011,0.061099924980506586,6862.212431801592,2817.664124216702
16398.578355091056,0.04339468797172201,6862.264484941789,2817.683520453854
16398.647184033172,0.030340831820412122,6862.300175394543,2817.696819564011
16398.6923078192,0.022151751771070007,6862.3235738124895,2817.7055383697875
16398.729275105845,0.017578972636303813,6862.342742771921,2817.7126811787543
16398.764714312714,0.017831088012530014,6862.361119363246,2817.7195287324002
16398.79744284924,0.022012307653513346,6862.378090367787,2817.725852530935
16398.836935848976,0.029107094250312618,6862.398569006593,2817.7334833569453
16398.873528199278,0.036099518814947044,6862.417543547152,2817.740553720128
16398.955179711116,0.05118892397336666,6862.459882995466,2817.756330400649
16399.046141558,0.06662028288698595,6862.507050210527,2817.773906020283
16399.17115717467,0.08579647237909527,6862.571875614674,2817.7980614969224
16399.36031756108,0.11154490759646267,6862.66996254853,2817.834611001172
16399.639700037274,0.1446813355629134,6862.814833105569,2817.8885931778163
16400.04637873001,0.18609659793980052,6863.025711646788,2817.967171463283
16400.633909843145,0.23671212846632694,6863.33036912478,2818.0806939392155
16401.47996013423,0.2972064474627861,6863.769078743114,2818.2441672862587
16402.69253948143,0.3671655533624421,6864.397847783827,2818.478461003159
16404.416706597953,0.44379778516350143,6865.29189478177,2818.8116030155443
16406.834586583183,0.5196764430432632,6866.545658631689,2819.278782951961
16410.13289199996,0.5789829864920637,6868.255957025505,2819.916076435604
16414.38934277309,0.5935717891394932,6870.463090800977,2820.7384992024035
16419.545066426672,0.5200952786968779,6873.136532391799,2821.734674503806
16422.372083478924,0.42826752179864624,6874.602449860396,2822.280901807731
16424.403000740276,0.3288304035296705,6875.65555889083,2822.673308586552
16425.500855860773,0.2567258596042796,6876.224839179873,2822.8854321172835
16426.297097641913,0.19103644001840234,6876.6377213066335,2823.039278929737
16426.72738627073,0.1478947669692787,6876.860842586932,2823.1224176300234
16427.045983042313,0.11026723684382049,6877.02604732433,2823.183975647342
16427.228996004746,0.08524051002065117,6877.120946617721,2823.219336687454
16427.358706540366,0.06523512186447256,6877.1882065431255,2823.2443988410405
16427.463905229306,0.0471005136415058,6877.242756128848,2823.2647249115435
16427.543954316076,0.032053344308617136,6877.284264673964,2823.280191675406
16427.59056767709,0.023406260784070758,6877.30843550312,2823.2891981219027
16427.62647261293,0.018294763042860634,6877.327053599983,2823.2961355292828
16427.662115697767,0.01729085697917715,6877.34553591699,2823.3030223426986
16427.696279501964,0.020931689236042782,6877.363251169823,2823.309623335308
16427.724949854543,0.02579982037136989,6877.378117855688,2823.3151629052113
16427.752692395683,0.03101616735651842,6877.392503435471,2823.320523207029
16427.80702989074,0.04135355914499378,6877.42067952672,2823.3310220782046
16427.889507395936,0.056194625666861314,6877.463447300836,2823.3469580476735
16427.990291066395,0.07273799571273373,6877.515707529221,2823.36643105905
16428.13508505599,0.09408104488945215,6877.590788809182,2823.3944075631994
16428.35246697429,0.12232132593732595,6877.703509736007,2823.4364092058045
16428.671852765277,0.15828001564512847,6877.869123614034,2823.498119607208
16429.134980482148,0.20282583421268907,6878.10927323802,2823.587603205514
16429.803303477012,0.2568794339796063,6878.455824548336,2823.7167337273777
16430.76434030421,0.32084124853821416,6878.954159302479,2823.90242106767
16432.138516203584,0.393645473672993,6879.666722650948,2824.1679331284845
16434.08468186255,0.47119151130267045,6880.675884833059,2824.5439620496586
16436.793811616644,0.543611884290017,6882.080673457389,2825.0674064688546
16440.423936878404,0.5910049532658892,6883.963033975364,2825.7687995195815
16445.423975213474,0.575946198680995,6886.555747617574,2826.7348769349987
16448.921942515648,0.5077075142668398,6888.36957932195,2827.4107312776055
16452.02735178309,0.3955284129075764,6889.979854531578,2828.010736804395
16453.48873916313,0.318017226941446,6890.737640619741,2828.2930954545473
16454.706476722044,0.2335432819356857,6891.369084828271,2828.5283776465467
16455.264794922212,0.18509287353389806,6891.658594497722,2828.6362516717863
16455.749040188435,0.13472665867240233,6891.909694475984,2828.7298138517317
16455.983337335085,0.10596018155763694,6892.0311866470265,2828.7750829500014
16456.17531231452,0.07899054512938317,6892.130733130783,2828.8121748783437
16456.295728823818,0.05978608253096703,6892.1931737683435,2828.8354408272817
16456.394623818338,0.04221884010123423,6892.244454664579,2828.854548553771
16456.46029211218,0.029738593100558038,6892.278506225859,2828.8672364732656
16456.504614401754,0.02177030017734075,6892.301489054745,2828.87580008271
16456.54168032541,0.017423429554361446,6892.3207091760305,2828.8829616731487
16456.570999815092,0.017560143886668402,6892.33591247039,2828.8886265575397
16456.600319304776,0.020905169006422537,6892.351115764755,2828.8942914418203
16456.63053720734,0.026051055649131967,6892.366784921106,2828.9001299103497
16456.65849382677,0.03131927707171956,6892.381281514312,2828.905531471203
16456.714841015924,0.042025689840189805,6892.410499720828,2828.9164184371098
16456.79757847255,0.056858217165941555,6892.453402306259,2828.932404324626
16456.89974264571,0.07355519900660627,6892.5063783989635,2828.952143689918
16457.047237975203,0.09518367072338554,6892.5828604574,2828.9806415855637
16457.268442024957,0.12374759548402227,6892.697563351104,2829.02338089923
16457.59321213328,0.16006856038406844,6892.865969270388,2829.086130424015
16458.063974220484,0.20501769108469667,6893.110077704153,2829.177087346061
16458.743220775083,0.2595092622909696,6893.4622934376475,2829.3083259353916
16459.71977503483,0.3239010941930246,6893.968674774929,2829.497007838689
16461.115683364842,0.39703232371127467,6894.69250750712,2829.7667137251615
16463.091515863143,0.47461476270533864,6895.717053486782,2830.148467344228
16465.838996042097,0.5464357669867891,6897.14172883849,2830.6793113568197
16469.509992644093,0.5920431873180247,6899.045283461715,2831.3885875936635
16474.595764711954,0.5724965609426192,6901.682454383361,2832.37121088476
16478.17290743432,0.49789174195809743,6903.537342330247,2833.062349532085
16481.07159396338,0.38889649768143975,6905.040424357302,2833.622402660978
16482.531058508,0.3094607030866305,6905.797213671078,2833.9043843422687
16483.664100947342,0.2291567849537523,6906.384740396519,2834.1232981473504
16484.224238718063,0.17971460164213968,6906.675193695067,2834.231521650314
16484.67462279802,0.13212856436243295,6906.908735422379,2834.318539753716
16484.90859590903,0.10303887831946525,6907.030059614704,2834.3637453740866
16485.089130493587,0.07737511374825065,6907.123673845089,2834.398626206053
16485.20789520376,0.05826048925334334,6907.185257984155,2834.4215725655963
16485.30513766606,0.04084506239895033,6907.235681997495,2834.440360641107
16485.367618508983,0.028949872132833895,6907.268080754024,2834.4524324737695
16485.410595625584,0.02132706882777717,6907.290366066975,2834.460736019584
16485.447468228343,0.017284694375826887,6907.309485951166,2834.4678601210226
16485.474427055935,0.01757747682300685,6907.323465155862,2834.473068796407
16485.501385883526,0.02059225886153713,6907.337444360564,2834.478277471698
16485.530242901823,0.025418540629280315,6907.352407851266,2834.4838528935106
16485.55815813003,0.030649356317803075,6907.366882987039,2834.489246353351
16485.609863049005,0.040499385844680755,6907.3936940063595,2834.499236183799
16485.692108964347,0.05536727084477631,6907.436341724812,2834.515126793997
16485.79117281384,0.07171719580316839,6907.48771019885,2834.5342667709256
16485.932620522446,0.09270347454349338,6907.56105635889,2834.5615956671586
16486.14524601281,0.1205362498450547,6907.671310978315,2834.6026767093094
16486.45792663989,0.1560379499394448,6907.8334480936755,2834.663089239144
16486.911556636038,0.20007502850645692,6908.068672962176,2834.750734351536
16487.56628709856,0.25357400200695746,6908.408176278496,2834.877233710804
16488.508003010655,0.31698642542116834,6908.896492764211,2835.0591809443235
16489.855090313366,0.3893619983212838,6909.595010161101,2835.3194490556325
16491.764204041185,0.4668291917582821,6910.584960238892,2835.6883047981473
16494.425212776237,0.5399437343195633,6911.964797304181,2836.202431772494
16498.002891895136,0.5894896328231769,6913.819963878244,2836.893664954321
16502.89157226884,0.5798555730652165,6916.354936027496,2837.838190299872
16506.480928306333,0.5142812979407778,6918.216157747892,2838.53167565173
16509.687373492314,0.4021832274438572,6919.878825265234,2839.1511789110614
16511.199063224885,0.3237166608727656,6920.662695672087,2839.4432454207026
16512.455421239003,0.2380110354009318,6921.314166581989,2839.685980259741
16513.03232026642,0.18864016925378496,6921.61331135968,2839.7974400554704
16513.531965681475,0.13728703923743002,6921.872397110502,2839.8939740300775
16513.77300021591,0.10799827006867739,6921.9973829739765,2839.9405430873007
16513.971115178058,0.08041334712287647,6922.100113355497,2839.9788198665606
16514.093175982922,0.061100065991876576,6922.163406672383,2840.0024026083115
16514.193560230953,0.04339504193634505,6922.215459844056,2840.0217973323224
16514.262391101907,0.030340931095612814,6922.251151351603,2840.0350957899695
16514.307514643537,0.02215193177839669,6922.274549678626,2840.0438138764375
16514.34448209985,0.017579072038542476,6922.293718755369,2840.0509561675835
16514.379921480806,0.017831040472890265,6922.312095465087,2840.0578032270255
16514.412651204817,0.022012336885767078,6922.329067111355,2840.064126767525
16514.452145700063,0.029107355542763384,6922.349546556978,2840.0717572942644
16514.48873910652,0.036099931250965896,6922.368521674229,2840.078827316496
16514.5703907816,0.05118921226849254,6922.4108612719765,2840.094602812449
16514.66135372675,0.06662056739198037,6922.458029128708,2840.112177289517
16514.786371527327,0.08579680459564577,6922.522855764489,2840.1363313261813
16514.975535182155,0.11154520562617815,6922.620944543232,2840.1728786447097
16515.25492177132,0.14468135006012697,6922.765817454668,2840.2268574552468
16515.661605000987,0.18609585719143934,6922.976698671103,2840.3054305610176
16516.24914081063,0.23670987124995435,6923.281359050499,2840.418945195426
16517.095194644742,0.29720137233178384,6923.72007117712,2840.5824066297128
16518.307772766668,0.36715542313746835,6924.348840544144,2840.8166820576835
16520.031924785133,0.4437787725398025,6925.24288108023,2841.149795489759
16522.44975213899,0.5196420687380012,6926.496619555213,2841.61692927889
16525.74789300589,0.5789227036180054,6928.206835236643,2842.2541419103673
16530.004832306586,0.5934681936078118,6930.414225703214,2843.07659578219
16535.157485449643,0.5199756063950213,6933.08607919283,2844.07210125378
16537.98361188986,0.4281457688382136,6934.551537079405,2844.618114511685
16540.013357629326,0.32874103511334324,6935.604040234854,2845.0102648039037
16541.110832246068,0.256647027250665,6936.173124085253,2845.222298527936
16541.906608711604,0.19098442017156994,6936.585765556643,2845.376043625652
16542.336766445806,0.14784924896166177,6936.808819302864,2845.45915065259
16542.655184667707,0.11023749123723599,6936.973931706896,2845.5206694470053
16542.838139682004,0.08521566909865672,6937.068801096465,2845.556016576278
16542.967783677337,0.06521845892927258,6937.136026620569,2845.5810639498523
16543.0729645627,0.04708540955902666,6937.1905670575325,2845.6013850200097
16543.15296936801,0.03204604367713021,6937.2320527041975,2845.6168420410913
16543.199575339026,0.023401027158532005,6937.256219738167,2845.6258463683153
16543.23548271231,0.018291557230189527,6937.274839127301,2845.632783713959
16543.271118772846,0.01729212286966579,6937.2933178300855,2845.6396686415064
16543.3052942526,0.020937313575944246,6937.311039164141,2845.6462713830297
16543.333990275274,0.025811277924857313,6937.32591918361,2845.651815487103
16543.361739296357,0.031029344246127626,6937.34030814541,2845.657176629297
16543.416165112412,0.04138292619762638,6937.368530077501,2845.6676917581053
16543.498652826427,0.05622330602925902,6937.41130321044,2845.6836284764086
16543.599496811228,0.07277326748567908,6937.463594793792,2845.703111645513
16543.744408586183,0.0941285716117286,6937.538737264471,2845.7311087580197
16543.96195745271,0.12238265352317429,6937.651544932227,2845.773139430589
16544.281577644055,0.15835648435964317,6937.817280608332,2845.834890380827
16544.745036175213,0.20291865309859783,6938.057602138325,2845.924431023397
16545.41383040802,0.2569892059274611,6938.404398331861,2846.0536426766307
16546.37553286125,0.32096612405648056,6938.903078998174,2846.239444364303
16547.750633333228,0.393778451150251,6939.616122858852,2846.505114677317
16549.69804414692,0.4713157252044484,6940.625932238834,2846.8813553120604
16552.408739942603,0.5436926690377877,6942.031535054981,2847.405062141512
16556.040376707664,0.5909797986622356,6943.914682209815,2848.1066934383894
16561.044260109375,0.5756745299536585,6946.509393611537,2849.0734396897465
16564.54593517119,0.507095300622027,6948.325150690949,2849.7499586057024
16567.63919337184,0.3950920494238218,6949.929127535796,2850.3475706380505
16569.099965457714,0.31749486791925285,6950.686595719429,2850.6297888082345
16570.312770827986,0.2332557542178611,6951.315483350689,2850.8641001119713
16570.87097049927,0.18476598009571701,6951.604931997346,2850.9719429859233
16571.353237109317,0.13455837219742386,6951.855006344812,2851.065115737806
16571.58744447804,0.10578089949384765,6951.976452146693,2851.1103640288297
16571.778736193944,0.07888806420920123,6952.075644482196,2851.1473211154926
16571.899045261398,0.059689923578763786,6952.138029501592,2851.1705645275574
16571.997832853594,0.04213283431966028,6952.189254783232,2851.189650042854
16572.06328564876,0.029691983738659215,6952.223194651544,2851.202295358204
16572.10753662255,0.02174259285190434,6952.24614053522,2851.2108445346985
16572.144599716474,0.017413567718810367,6952.265359218325,2851.218005030747
16572.17371511235,0.017557923293807547,6952.28045670501,2851.2236300515024
16572.202830508224,0.020869400077566033,6952.2955541917,2851.22925507215
16572.232810099737,0.025963701999623473,6952.311099798087,2851.2350470530914
16572.260702613366,0.031215919746428466,6952.325563171878,2851.2404358157833
16572.316347416818,0.041793477512318246,6952.354417207873,2851.25118624999
16572.398987418772,0.05662757922519447,6952.397269324248,2851.267152087021
16572.500672681246,0.07327128160421123,6952.4499971631085,2851.2867974184883
16572.647228942522,0.0948005215575611,6952.52599239342,2851.315111709338
16572.867106140762,0.12325202235359409,6952.640007435936,2851.3575914105754
16573.190006412966,0.1594468451634817,6952.807444026398,2851.419974889895
16573.65811499819,0.20425498573633902,6953.050176884269,2851.510412208098
16574.333562665914,0.25859269701789983,6953.400423278207,2851.640906829774
16575.304716976534,0.322832055311109,6953.9040052952105,2851.8285310558085
16576.693055921234,0.39584426204647866,6954.623914097683,2852.0967539483872
16578.658541208566,0.47340467166514516,6955.643096189856,2852.4764793541735
16581.392611067036,0.545417839539588,6957.060819915135,2853.004692001323
16585.049214131777,0.591618464462591,6958.956913797947,2853.711133328131
16590.105604222852,0.5735832912150696,6961.578852983817,2854.688005213052
16593.6588020771,0.501049643508964,6963.421327366001,2855.3744651652273
16596.623557463106,0.39099465358407887,6964.9586709935975,2855.9472397706863
16598.083360545443,0.3121981166911397,6965.715636995271,2856.229265373243
16599.24356460725,0.23053415267722996,6966.317248990285,2856.4534099672446
16599.802890189316,0.18143201083911828,6966.607281575164,2856.5614683158833
16600.264100209013,0.13294743465199846,6966.846437335884,2856.6505712964545
16600.49812626546,0.10396774666043405,6966.9677891656775,2856.6957837019304
16600.68229008365,0.07788690460560214,6967.06328543955,2856.7313630224976
16600.80157588301,0.05874419321370489,6967.125139877079,2856.754408305308
16600.899318931268,0.04128446124495318,6967.175823540291,2856.7732916597556
16600.962760334845,0.029212082481193946,6967.208720434682,2856.7855481472366
16601.006214532837,0.02146872728924495,6967.231253166977,2856.793943229706
16601.043179393353,0.017324896151019994,6967.25042091935,2856.8010846120974
16601.070689489487,0.0175597179909234,6967.264685999844,2856.8063993923843
16601.09819958562,0.02063455257267616,6967.278951080342,2856.8117141725756
16601.12709941857,0.025478525153062218,6967.293936794735,2856.817297441209
16601.1549752653,0.030704852894138386,6967.3083915314955,2856.822682881951
16601.20707800186,0.04062867946780482,6967.335408875547,2856.8327488073232
16601.289351759842,0.055491191415315326,6967.378071095895,2856.8486435861064
16601.388673692352,0.07187012821046532,6967.429573473799,2856.86783196513
16601.53062243424,0.09290980303550536,6967.503179550263,2856.895255576184
16601.74396159707,0.12080363193259054,6967.613804403709,2856.936471366241
16602.05764784575,0.15637353407634164,6967.7764632186545,2856.9970735743423
16602.512700081603,0.2004859942859908,6968.012425930124,2857.084986778952
16603.1694638737,0.254066420803662,6968.352984121212,2857.2118693302323
16604.114066709128,0.31755817957709387,6968.8427983285965,2857.394360442585
16605.46519518197,0.3899927353182267,6969.543412287188,2857.655389463145
16607.379822779585,0.4674626611622508,6970.536223019616,2858.025282366227
16610.04795979938,0.5404576470466314,6971.91975846568,2858.540747343285
16613.63331076093,0.5896547304711371,6973.778905992786,2859.2334100752414
16618.539118057117,0.5791629230617582,6976.3227629543735,2860.181172373504
16622.07578415366,0.5141312678522584,6978.156665636954,2860.8644257821093
16625.612450250206,0.3865676750672257,6979.990568403205,2861.547677615082
16626.897697649474,0.3171953485392606,6980.6570205843755,2861.7959753727437
16628.182945048742,0.2270009790663501,6981.3234727765885,2862.0442729224487
16628.66808314956,0.18436064655138598,6981.575036292446,2862.137996926321
16629.15322125038,0.13373308208559886,6981.826599809876,2862.2317209005705
16629.374981656674,0.10647717579562944,6981.941591454511,2862.2745628496737
16629.572852596997,0.07869581866024028,6982.044195455355,2862.3127895815655
16629.692556440703,0.05957742564574988,6982.106266688685,2862.33591519192
16629.79124556736,0.042027026668613715,6982.15744095032,2862.35498096338
16629.856424939568,0.029636199710229773,6982.191239063272,2862.3675729782267
16629.90059556645,0.021708637356238417,6982.214143301026,2862.376106309415
16629.937653034256,0.017401714320978073,6982.233359081138,2862.383265447959
16629.966529063488,0.017555793674227244,6982.248332457931,2862.3888440128653
16629.99540509272,0.020828687686556775,6982.26330583473,2862.3944225776663
16630.025133224917,0.0258679294355014,6982.278721061026,2862.4001657602694
16630.052978788553,0.03110696686649141,6982.293160100185,2862.4055452490506
16630.107878023933,0.04154749084278302,6982.321627550878,2862.4161512406095
16630.190423259384,0.05638472095417171,6982.36443055908,2862.4320981663755
16630.29160365505,0.07297217587256763,6982.416896643731,2862.451645220221
16630.43717191447,0.09439690414334652,6982.492379612375,2862.479767569
16630.65565112192,0.12272983747875083,6982.605669825982,2862.521975587211
16630.976581697814,0.15879181654043645,6982.77208517528,2862.583976183836
16631.44189701611,0.2034518726026228,6983.013369793938,2862.673870454227
16632.113347130875,0.2576284388156582,6983.36154355849,2862.8035878597284
16633.07882114436,0.32170892786069377,6983.862180490417,2862.990107624349
16634.459201479596,0.3945988918758173,6984.577962973125,2863.2567828688375
16636.41381518056,0.47214160299488445,6985.591508473549,2863.634393667463
16639.13381206792,0.5443667392731216,6987.001935857708,2864.159867644304
16642.775343084166,0.5912088963978884,6988.8902156934755,2864.86337059109
16647.80036370024,0.5747939931759809,6991.495890501679,2865.834145475412
16651.32306600668,0.5046077874980416,6993.322553089177,2866.5146882408117
16654.363509305596,0.39337910079015037,6994.899145084319,2867.1020632445543
16655.82348778782,0.31530998421723205,6995.656202601382,2867.3841121200717
16657.01472921059,0.23211350375410963,6996.273909163548,2867.6142442889586
16657.573183991182,0.1833897468539961,6996.563490418802,2867.7221303433307
16658.046805804675,0.13388398314167527,6996.809082371708,2867.813627763329
16658.28087935245,0.10503017871928588,6996.930458918026,2867.858847641685
16658.469227644215,0.07847100614101947,6997.028125080814,2867.895234007235
16658.589108274693,0.05929631952337806,6997.090288008255,2867.9183933359755
16658.687457830492,0.041780132885702634,6997.141286207757,2867.9373931487385
16658.75204786332,0.02949699481104357,6997.174778737099,2867.9498710745934
16658.7959883604,0.021628806246335466,6997.1975636518055,2867.9583597875003
16658.833025047177,0.017374828466096767,6997.2167686632565,2867.965514776945
16658.861383356314,0.017553392318858146,6997.231473586924,2867.9709932205074
16658.88974166545,0.020746039960414745,6997.246178510597,2867.9764716639693
16658.919034589497,0.025687225492042883,6997.2613680696895,2867.98213066234
16658.94685308212,0.030912797879421913,6997.275793076805,2867.98750482032
16659.000410705168,0.04110596668841764,6997.303564858127,2867.997851431245
16659.0828089354,0.05595261452282902,6997.34629165411,2868.0137696580628
16659.183090586364,0.07243951824636906,6997.398291722979,2868.0331427194333
16659.326905312442,0.0936781410119237,6997.4728654421,2868.0609257811093
16659.542897931402,0.12179928750882543,6997.584866301643,2868.1026526314618
16659.860324514673,0.15762397216632357,6997.749464751632,2868.163975140119
16660.3206736914,0.20201978908385865,6997.988174315717,2868.2529083320464
16660.985017068288,0.255908765760653,6998.332663080028,2868.381250378639
16661.940392141554,0.31970549014635485,6998.828063490889,2868.565815668246
16663.306620491596,0.3923765366601392,6999.5365078652,2868.8297519465827
16665.241895007377,0.4698859185368278,7000.540025595181,2869.2036196140784
16667.936830853236,0.5424859508853757,7001.937458342141,2869.7242423259436
16671.55134176295,0.590469090979492,7003.8117278618965,2870.4225122412586
16676.519467839567,0.5769286840347794,7006.387901518529,2871.3822778690865
16679.996416443104,0.5106299060354634,7008.1908396371755,2872.053969083478
16683.47336504664,0.383080211783384,7009.993777835974,2872.725658786798
16684.733401579404,0.31432514922902094,7010.647157659668,2872.9690768998676
16685.993438112167,0.22521731673831655,7011.300537493882,2873.2124948146056
16686.47316092264,0.1828061418792187,7011.549293149538,2873.305169159726
16686.952883733113,0.13246586815790345,7011.79804880672,2873.397843476105
16687.171451628183,0.10546304957335184,7011.911385090574,2873.440067079494
16687.366223029123,0.07799515198788226,7012.012381931098,2873.4776935995437
16687.48510912964,0.058933141867044514,7012.0740291775655,2873.5006603686365
16687.583092207467,0.04144797973738295,7012.124837362296,2873.519589028555
16687.64689251743,0.02930973169421908,7012.157920400812,2873.531914159931
16687.690523893427,0.02152181826965685,7012.180545032172,2873.540342997078
16687.7275160837,0.01734094327860102,7012.199726977493,2873.547489256674
16687.755280313417,0.017555969677783476,7012.2141238524155,2873.5528528317263
16687.783044543132,0.020663723778503888,7012.228520727342,2873.5582164066823
16687.812021863443,0.0255285513146231,7012.243546638763,2873.563814329918
16687.839875745,0.03075317780664678,7012.2579900018045,2873.5691952238813
16687.892318693215,0.040740061243206185,7012.285183789456,2873.579326305093
16687.97461835487,0.055598303204391575,7012.32785948945,2873.5952251923222
16688.07416328946,0.07200232694502562,7012.379477560339,2873.6144555702417
16688.216544988198,0.0930881591331668,7012.453308224453,2873.6419612758077
16688.430500562903,0.12103477186168078,7012.5642528356475,2873.683293823576
16688.745055572745,0.15666373493574104,7012.7273623196215,2873.7440604465883
16689.201337237046,0.2008416649730551,7012.963962802363,2873.8322062020466
16689.859859449596,0.2544930988653406,7013.305433184991,2873.9594213008404
16690.806960112743,0.31805451644421734,7013.79654316273,2874.1423846688663
16692.161587463495,0.3905419559229137,7014.498972211441,2874.4040749071596
16694.0809941165,0.468017528706231,7015.494262183091,2874.774870205946
16696.75532187865,0.540914785354887,7016.881009319979,2875.2915020980067
16700.347374076584,0.5898197855598571,7018.74363377857,2875.985420396357
16705.26783619082,0.5786027500702994,7021.295092686646,2876.935960403194
16708.77271840336,0.5137139477741026,7023.112516175574,2877.613035367769
16712.277600615904,0.38734888494189984,7024.92993974559,2878.290108802801
16713.573424211056,0.3175479893906225,7025.601876853182,2878.5404357246885
16714.869247806208,0.22661420013538866,7026.273813971851,2878.790762437626
16715.351679908807,0.18416951736059065,7026.523974596996,2878.8839584357183
16715.834112011406,0.1338140150958736,7026.774135223675,2878.977154404856
16716.05632018321,0.10651041662633377,7026.8893591805,2879.0200804479427
16716.254191756423,0.078734346818591,7026.991963623374,2879.058305156151
16716.373949951434,0.05961141003511548,7027.054063108933,2879.0814399678743
16716.472676091566,0.04205773541708274,7027.105256620337,2879.10051181931
16716.537932107614,0.029652956784245534,7027.139094513734,2879.113117933314
16716.58212864902,0.02171858167218223,7027.162012214631,2879.121655791639
16716.619188179044,0.01740517128823059,7027.181229085408,2879.128814926689
16716.648132642655,0.017556348425726002,7027.1962379648185,2879.134406398556
16716.677077106266,0.020840144313902974,7027.211246844235,2879.1399978703193
16716.706873795938,0.02589445011254672,7027.226697637467,2879.1457539744233
16716.7347302999,0.03113673283494867,7027.2411423656495,2879.1511352746807
16716.78983384476,0.04161479274741486,7027.269715790687,2879.161780139256
16716.872404298738,0.05645097635659628,7027.3125319232095,2879.1777310415764
16716.97372285998,0.0730537563151932,7027.36506971053,2879.1973036889353
16717.11956115855,0.09450693447743201,7027.4406927891805,2879.2254766251394
16717.33842277026,0.12287210489437077,7027.554181420608,2879.2677561467785
16717.659891701314,0.1589700250934233,7027.720876113535,2879.3298572624412
16718.125969583587,0.20366984993899664,7027.962556420242,2879.419893798918
16718.79850980633,0.2578892227216296,7028.311295836257,2879.549814510473
16719.765530595105,0.3220110132493969,7028.81273538926,2879.7366226126833
16721.148073647717,0.3949307882451198,7029.529640122544,2880.003700685468
16723.105631759583,0.47247225663094916,7030.544713543372,2880.381859098012
16725.829414673106,0.5446292624983738,7031.9571056992245,2880.9080349829187
16729.474908279568,0.5912794821925598,7033.847442391108,2881.612263975118
16734.50856017633,0.57439154291938,7036.457595754615,2882.5846518320245
16738.04010845213,0.5035162065746617,7038.288847358836,2883.266865318925
16741.057723982314,0.39263815981414135,7039.853603969352,2883.849797654535
16742.517440560398,0.3143621811648254,7040.6105265153055,2884.131780154637
16743.699341760774,0.2316235654696075,7041.223390474002,2884.360095142556
16744.257961070005,0.1827942693337737,7041.51305736403,2884.4680069456613
16744.727844056913,0.1335944272489813,7041.75671085422,2884.558776997464
16744.961872815664,0.104706191777601,7041.878064309691,2884.6039856948437
16745.148953824923,0.0782913548165012,7041.975073442706,2884.640125217336
16745.268650054753,0.05912686158842042,7042.037140819559,2884.6632476292884
16745.366812579545,0.04162817746705091,7042.088042092189,2884.6822102497586
16745.43104274815,0.029411007279141366,7042.121348054252,2884.694617960838
16745.47484021082,0.021579806707030743,7042.144058824951,2884.703078568304
16745.511859137026,0.017359013153494033,7042.163254648036,2884.710229726755
16745.539930808547,0.017553752345267334,7042.177810954651,2884.7156524925517
16745.568002480068,0.020704253535447633,7042.192367261272,2884.72107525825
16745.59711909547,0.02560375847942445,7042.20746541392,2884.726699881645
16745.624949914494,0.030827666590006103,7042.221896828708,2884.7320761202895
16745.677914475822,0.040911135401821334,7042.249361114014,2884.742307587562
16745.76025768337,0.05576348909396126,7042.292059425687,2884.758214295283
16745.860146330564,0.07220617043011303,7042.343855763504,2884.7775103546664
16746.00319604977,0.09336320798527692,7042.418032877724,2884.8051440822132
16746.21810183598,0.12139118845943686,7042.5294702938545,2884.8466586499844
16746.533996162205,0.15711129314250008,7042.693274387842,2884.9076817355585
16746.992174122588,0.20139047735648616,7042.930858351286,2884.996190529872
16747.653409385293,0.2551520126933368,7043.273735811964,2885.1239249909613
16748.604365169922,0.3188219610981472,7043.76684518826,2885.307626267549
16749.96439500232,0.39139292938331655,7044.472076160135,2885.5703503976933
16751.891185744706,0.46888066454705274,7045.471195814522,2885.9425583275784
16754.575090265225,0.5416331725361075,7046.862909909956,2886.461020995995
16758.17753892092,0.590097964877196,7048.73092672392,2887.156921825519
16763.12037796522,0.5777796118345295,7051.293990857325,2888.111749141594
16766.599426846646,0.5125432634788769,7053.098020039846,2888.783808645161
16770.07847572807,0.3864710785290088,7054.902049301562,2889.4558666532407
16771.369072747395,0.3167545685383586,7055.571276707481,2889.705174659261
16772.65966976672,0.2259754748888583,7056.240504124293,2889.954482459608
16773.139802327314,0.1836476853428801,7056.489472525761,2890.0472307947025
16773.61993488791,0.13344496776575626,7056.738440928736,2890.1399791013378
16773.841268393913,0.10620760511623728,7056.853211419808,2890.1827345921483
16774.038189458166,0.07852870264404924,7056.955323059902,2890.2207742716346
16774.157709726253,0.05942194856612023,7057.017299216032,2890.243862265027
16774.256226548343,0.041887675106164216,7057.068384224905,2890.2628929751777
16774.3210654853,0.02955913555393705,7057.102005870454,2890.275418053891
16774.365113181833,0.021663736384464508,7057.124846405953,2890.283926843099
16774.402160305137,0.017386448271849493,7057.144056857394,2890.2910833161864
16774.430736992173,0.017553990911540283,7057.15887504056,2890.296603536629
16774.45931367921,0.020779846974131995,7057.173693223732,2890.302123756971
16774.48877164432,0.0257587535983171,7057.1889683857,2890.307814215596
16774.516592157404,0.030988024731198646,7057.203394461702,2890.313188363985
16774.570671591453,0.04127746458479025,7057.231436864221,2890.323635004378
16774.65312354093,0.05611981114197289,7057.274191578621,2890.3395624238033
16774.753753462544,0.07264564538188116,7057.326372316505,2890.3590013198473
16774.89824677819,0.09395622253005538,7057.401298021706,2890.386913398848
16775.115202593086,0.12215927838258489,7057.513798502389,2890.4288232070535
16775.433986059084,0.15807553844275413,7057.679100793536,2890.4904032649056
16775.89625698116,0.20257295972499323,7057.9188072120805,2890.5797010675165
16776.563348992207,0.25657198772195866,7058.26472176199,2890.708564524836
16777.522627536986,0.32047629837561664,7058.76214701062,2890.8938701251955
16778.894321156422,0.39322816465319316,7059.473426391802,2891.158842506613
16780.837053724972,0.4707437122121909,7060.480812901751,2891.5341230525864
16783.54162839543,0.543187170019273,7061.883245826379,2892.0565689979576
16787.166447732558,0.5907095498334998,7063.762863439532,2892.7567782994734
16792.156805215545,0.5760226088375906,7066.350568772339,2893.7207670674875
16795.64682256594,0.50831178612407,7068.160286216699,2894.394932884967
16798.767263588146,0.3959467456966398,7069.778363211596,2894.9977064620316
16800.228428843042,0.31860060643132665,7070.536037506955,2895.2799583988535
16801.45231141126,0.23383720583077966,7071.170670978426,2895.5163744570937
16802.01040288192,0.1854673520323764,7071.460064373333,2895.624180315439
16802.497117539704,0.1349022633004405,7071.7124459550205,2895.7181983693945
16802.73139345863,0.10616449145985991,7071.833927661585,2895.7634531415265
16802.92420487367,0.07910036132358998,7071.933908316508,2895.8006982647375
16803.044730672864,0.05989096331636233,7071.9964059044205,2895.8239800698757
16803.143744178575,0.04231302507206844,7072.047748482753,2895.843106373127
16803.20965311234,0.02978914076221809,7072.081924977909,2895.8558379108986
16803.254050747604,0.02180089791353538,7072.104946979342,2895.8644141405275
16803.29111930208,0.017434598692673643,7072.1241685507075,2895.8715746215994
16803.320670225065,0.017563082384965074,7072.139491920699,2895.8772829321383
16803.350221148048,0.0209465216297407,7072.154815290695,2895.8829912425704
16803.38073299679,0.02615527178177556,7072.170636940259,2895.8888851735733
16803.408796187574,0.03144806343771306,7072.18518885988,2895.8943061006544
16803.46601336668,0.042313378943337095,7072.214858322565,2895.9053586623413
16803.54888360851,0.057145431553290056,7072.257829954306,2895.921366589214
16803.651646202004,0.073908179697158,7072.311116589314,2895.941217092222
16803.800318054924,0.09565973071714583,7072.388209065338,2895.969935818823
16804.023181624463,0.12436223448632933,7072.503773000904,2896.012986046829
16804.35028706684,0.16083748314021626,7072.673390639512,2896.0761725130637
16804.824359350117,0.20595725767134176,7072.919216636897,2896.167748319524
16805.508336875628,0.2606318251890027,7073.273887147176,2896.29987114684
16806.491600235953,0.32519872134357236,7073.7837496914635,2896.489806431853
16807.896880301207,0.39845289852158666,7074.512445287325,2896.761261748586
16809.885449338504,0.4760199280733635,7075.543600262202,2897.14538948834
16812.649237490896,0.5475297190537758,7076.976738329967,2897.6792638834463
16816.336933970022,0.592283472386072,7078.888961021719,2898.3916059956196
16821.458820017044,0.5706385267330017,7081.54487029173,2899.380983764326
16825.04745708135,0.4937246112197713,7083.405726796104,2900.0741869865888
16827.867713298023,0.3859531893554694,7084.868146160642,2900.6189639271734
16829.321568075622,0.30597588997142505,7085.622029947593,2900.899798512048
16830.422543704502,0.2272564552444275,7086.192931321295,2901.1124688474283
16830.981721629505,0.17755040472546035,7086.482888192696,2901.22048258644
16831.41938619958,0.1310086101892002,7086.709835367431,2901.305024142159
16831.65259561404,0.10186194774314213,7086.830764091328,2901.350072071236
16831.828798059756,0.07669229843096943,7086.922132345102,2901.384108236825
16831.946846083683,0.05762008360505172,7086.983345126705,2901.4069109947477
16832.043455223087,0.04025946855885356,7087.033440960268,2901.4255725072044
16832.104752186322,0.02858459182546185,7087.065225970363,2901.4374129396183
16832.147018208423,0.02113871221979953,7087.0871426505555,2901.44557725862
16832.183738766806,0.017236340474880218,7087.106183778511,2901.4526703875713
16832.210232052777,0.017619197319736463,7087.119921642817,2901.4577879647068
16832.23672533875,0.020612290505013793,7087.133659507128,2901.4629055417568
16832.265861678654,0.025493943673176495,7087.148767904203,2901.468533664366
16832.293770516393,0.030727293451842146,7087.1632397906515,2901.4739246763584
16832.345999188496,0.040674303761087674,7087.190322516898,2901.484013430076
16832.42828279769,0.055534787075363926,7087.232989970897,2901.499907746346
16832.527696549143,0.07192390262998959,7087.284540112089,2901.5191110060427
16832.66982277217,0.0929822304988434,7087.358238436195,2901.5465648192394
16832.883414993088,0.1208972921100787,7087.468994835848,2901.587823357931
16833.197457051745,0.1564906098233216,7087.63183863101,2901.648485278131
16833.653011297527,0.20062846781865507,7087.86806234881,2901.736482372153
16834.31049077132,0.25423552400126265,7088.208992651172,2901.8634842894794
16835.256105962933,0.31775164005229667,7088.699333246235,2902.046143803811
16836.608643859403,0.39020080579642324,7089.400680107411,2902.307406247081
16838.525177314208,0.4676611829222481,7090.394482021434,2902.6776122839506
16841.195733666584,0.5405963060127688,7091.7792760535,2903.193467952652
16844.783524461134,0.5896415564797416,7093.639694190766,2903.886499032181
16849.695445440037,0.5787942640319791,7096.186728810528,2904.83530149481
16853.214148077346,0.5138803656346812,7098.011322069075,2905.514983606675
16856.732850714656,0.38702930364007837,7099.835915407577,2906.194664206271
16858.02441331072,0.3174085237610475,7100.505644231664,2906.4441449938236
16859.315975906782,0.22678077363225294,7101.175373066515,2906.693625577751
16859.799563956134,0.18425466914601335,7101.426133552616,2906.787036273941
16860.283152005486,0.1337854307008451,7101.676894040226,2906.8804469415904
16860.505190694596,0.10650077848284355,7101.792030322581,2906.9233362925543
16860.703079923223,0.07872095011120031,7101.894644106932,2906.961560889749
16860.82281787611,0.05960007094327085,7101.956733208928,2906.9846896602767
16860.92153186884,0.04204763046653378,7102.007920514405,2907.0037574084145
16860.986763353398,0.029647411604008207,7102.041745748678,2907.0163576226228
16861.030951067554,0.021715389174947853,7102.064658913916,2907.0248929893755
16861.06801029908,0.017404083545368893,7102.08387566482,2907.032051407288
16861.09693187329,0.017556167215527184,7102.09887270239,2907.037637942735
16861.1258534475,0.020836233248437405,7102.1138697399665,2907.0432244780795
16861.155626639873,0.025885330281885395,7102.129308376942,2907.0489755131807
16861.183479756117,0.03112652766106525,7102.143751374691,2907.054355663359
16861.238513436416,0.041591671041701354,7102.17228862396,2907.064986052237
16861.321075517426,0.056428129444357336,7102.215100492531,2907.0809338679164
16861.42234716666,0.0730255555772137,7102.267614049468,2907.1004956507836
16861.568093519058,0.09446879930327459,7102.343189587584,2907.128648231476
16861.78682509916,0.12282259823644809,7102.456610998373,2907.170898741684
16862.10811018602,0.1589075241970929,7102.623210663237,2907.232958625862
16862.573926285822,0.2035924580001941,7102.864755663824,2907.3229363036257
16863.246090135413,0.25779494755581117,7103.213300548088,2907.4527723495585
16864.212572904173,0.32189878118663423,7103.71446202593,2907.6394593252257
16865.594355572244,0.3948018667199633,7104.430973769833,2907.9063659317685
16867.55086025976,0.47233280667801014,7105.44550278882,2908.284286055283
16870.273241137955,0.5444947714144874,7106.857170493777,2908.810142704282
16873.917088320242,0.5911809579733386,7108.746656874468,2909.5139888987055
16878.947824071816,0.5744002976846031,7111.355302825768,2910.485724087616
16882.476687326292,0.5036876610671087,7113.185165451205,2911.167356262612
16885.49874375017,0.39274655446639806,7114.752227682813,2911.7510928640318
16886.958197496773,0.31452854195120866,7115.509015309454,2912.032998708398
16888.141931989714,0.23169959159875833,7116.1228310156675,2912.2616468549204
16888.700395534608,0.18290116692652864,7116.41241765942,2912.3695186667032
16889.171012987965,0.13364046972091068,7116.656452441856,2912.4604222563353
16889.405007374025,0.10476378904872999,7116.777788293163,2912.505620165546
16889.592331531505,0.07832097478044012,7116.874923684145,2912.5418033376427
16889.712056091088,0.05915537836222065,7116.937005863421,2912.5649290998676
16889.810250276998,0.041653871616325396,7116.987923645729,2912.5838960958413
16889.874541419656,0.029425603875474896,7117.021261285622,2912.5963144459743
16889.91836319288,0.021588165136754333,7117.043984703433,2912.6047789728477
16889.95538572187,0.017361700070735737,7117.063182429432,2912.611930170998
16889.98350396073,0.017553602126633868,7117.077762909484,2912.6173614340455
16890.011622199592,0.020710748920231285,7117.0923433895405,2912.622792696996
16890.040764302492,0.025616342815700247,7117.107454785827,2912.628421727382
16890.068592832053,0.03084038849504621,7117.121885039534,2912.6337970304685
16890.121646340023,0.04094024926375877,7117.149395497059,2912.6440447396503
16890.20399768326,0.05579161700465874,7117.19209810465,2912.659951559248
16890.303945441716,0.07224082191064704,7117.243925187801,2912.679257265861
16890.447109899076,0.09340988476045574,7117.318161932696,2912.706910620398
16890.662178941107,0.12145151013607475,7117.429684205317,2912.748452913148
16890.978302766805,0.15718665669755177,7117.593607600589,2912.8095147293607
16891.436804675268,0.20148216442992106,7117.831359974262,2912.8980779763187
16892.098501777087,0.2552608008335494,7118.174477537783,2913.025889926733
16893.050110762495,0.3189463531852336,7118.667926517477,2913.2097005228516
16894.411049748058,0.39152658834436643,7119.373630198046,2913.4725761662226
16896.339069194964,0.4690079302018513,7120.373388792677,2913.844987298356
16899.02453118913,0.5417214801929838,7121.765913017553,2914.363703275379
16902.62853721948,0.5900879665715736,7123.634740768586,2915.0598411535016
16907.57524474927,0.5775389877731825,7126.1998154989205,2916.0153282437327
16911.05135719038,0.5121573979903848,7128.002325267819,2916.686759040785
16914.52746963149,0.3859490089380926,7129.804835114073,2917.3581883731995
16915.813748086774,0.3163627018373204,7130.471824369481,2917.6066394256572
16917.10002654206,0.22580779059806902,7131.1388136354735,2917.8550902776897
16917.57985171273,0.18348400068885842,7131.387623090815,2917.9477707591022
16918.0596768834,0.13328253583215371,7131.63643254763,2918.04045121263
16918.28057346731,0.10608163406302223,7131.750976682976,2918.083118401293
16918.47712602357,0.07843949327962968,7131.852897420122,2918.121083424356
16918.59654042476,0.05934039592171179,7131.914818791437,2918.144148858521
16918.694967762825,0.04181451390590208,7131.965857491084,2918.1631605447865
16918.7596304127,0.0295183013498288,7131.999387784938,2918.175650427921
16918.803611760402,0.02164019997602362,7132.022193956916,2918.184145623761
16918.84065226334,0.017378634551328685,7132.041401010013,2918.1913001639223
16918.86907975729,0.01755351779525101,7132.056141856993,2918.196791062447
16918.897507251237,0.02075648816526022,7132.070882703978,2918.202281960874
16918.926849361644,0.02570894063258242,7132.0860978179335,2918.2079495214853
16918.954667983304,0.030935498230104125,7132.100522939132,2918.2133228132957
16919.00838351492,0.04115771215021205,7132.128376693483,2918.223698209398
16919.09079788831,0.05600288267021686,7132.1711120000955,2918.239616914961
16919.191185186693,0.07250141308581252,7132.2231670216215,2918.2590071704212
16919.3352053255,0.09376151485124826,7132.297847499711,2918.286825301938
16919.551489843816,0.1219069834310665,7132.410000087542,2918.328601615625
16919.869326671265,0.15775846486314665,7132.574811804541,2918.3899931978112
16920.330255089717,0.20218336379907131,7132.813822510232,2918.47902352889
16920.995424235407,0.2561027750866574,7133.158740596544,2918.607503800434
16921.951967053606,0.31992719308750694,7133.654748151561,2918.7922640518213
16923.319820270404,0.39261450112719737,7134.364037402913,2919.0564704368753
16925.257289597244,0.470111985654851,7135.368696513601,2919.430700091562
16927.955003808645,0.5426416592822126,7136.767574524391,2919.95177321428
16931.572272345937,0.5904481673135449,7138.64328010925,2920.65046015386
16936.547216482704,0.5764930668727699,7141.2229976222925,2921.6113838764772
16940.02667105679,0.5097281753236009,7143.027241071163,2922.2834480263427
16943.506125630873,0.38138792709047054,7144.8314845972,2922.9555107143483
16944.750912798965,0.31313938411899583,7145.47695911244,2923.1959431607106
16945.995699967058,0.2248949907067941,7146.122433637553,2923.436375420084
16946.475499151155,0.182427507773268,7146.3712297062475,2923.5290492061677
16946.95529833525,0.13199741241383514,7146.62002577641,2923.6217229644767
16947.172534580317,0.10510965234216023,7146.732671912736,2923.663682383242
16947.366305365722,0.07774024790376552,7146.833150220842,2923.701109417958
16947.48488664358,0.058700474313008254,7146.894639604653,2923.7240135165334
16947.582618682914,0.04123866804769958,7146.945317780785,2923.742890561479
16947.645947124274,0.029187332106976036,7146.978156243284,2923.7551225151133
16947.689363483398,0.02145430224836114,7147.0006694530075,2923.763508429288
16947.72631978306,0.017320741670071187,7147.01983284999,2923.7706465761908
16947.753765087535,0.01756103020720435,7147.034064395623,2923.775947664584
16947.781210392008,0.02062773762277497,7147.04829594126,2923.781248752886
16947.81009600282,0.02546743804149099,7147.063274346368,2923.786828037715
16947.837978670126,0.030694423486703183,7147.077732683055,2923.7922136028997
16947.890008068094,0.04060448600804891,7147.104712116033,2923.8022631331055
16947.97227702659,0.05546778922156992,7147.147372034086,2923.818153463976
16948.071551776826,0.07184110905211197,7147.198850171065,2923.8373284792883
16948.213408327993,0.09287044542015756,7147.272408764421,2923.8647282091238
16948.4266166155,0.12075223006025894,7147.3829662369235,2923.9059095911657
16948.740116855603,0.15630802305651328,7147.545529309366,2923.9664624485886
16949.194903119875,0.2004038121344671,7147.781355134408,2924.0543048094205
16949.851282191998,0.2539644545505165,7148.121715319928,2924.1810849517065
16950.795330598765,0.3174335170741124,7148.611244172491,2924.3634285647518
16952.145666322143,0.38984361667120404,7149.311450117239,2924.624246671669
16954.059175204722,0.46729025170923943,7150.303685084099,2924.993841615612
16956.725770539804,0.540269258122415,7151.686427141032,2925.508894748662
16960.309116577006,0.5894690328740246,7153.544543141924,2926.201017014658
16965.211968485877,0.57902365231106,7156.086878702305,2927.147998958686
16968.749370675294,0.5139927308480157,7157.921171071203,2927.831243579468
16972.28677286471,0.3863684538694936,7159.755463519518,2928.5144866949927
16973.570416899365,0.3170575509112708,7160.421087189786,2928.7624199483453
16974.85406093402,0.2269605327449013,7161.086710870505,2929.0103530036054
16975.339211244453,0.18431631202654222,7161.3382818123755,2929.1040586800023
16975.824361554885,0.13368085688240333,7161.589852755739,2929.197764328109
16976.045980174324,0.10643786666065286,7161.7047713782795,2929.2405694368636
16976.243747626908,0.07866703036129656,7161.807322162821,2929.2787677445367
16976.363415794054,0.05955178174264304,7161.869375166432,2929.301881360838
16976.462076889373,0.04200429419351768,7161.9205351153005,2929.320937510861
16976.527201629317,0.029623631959621068,7161.954305046174,2929.3335161949653
16976.571351935432,0.02170145794183991,7161.977198846409,2929.3420437182276
16976.608408603675,0.017399286415747207,7161.996414295523,2929.3492011225653
16976.63723395652,0.017555429768069387,7162.011361459617,2929.354768668463
16976.666059309366,0.020820119662005438,7162.026308623716,2929.360336214261
16976.695737706414,0.025848263691054797,7162.041698127304,2929.366068523338
16976.72357764854,0.031085267566218124,7162.056134314295,2929.371445739292
16976.778328071272,0.04149824451656655,7162.084524723199,2929.382020647735
16976.860856089723,0.05633613542441486,7162.127318989891,2929.3979607292586
16976.961936853146,0.07291217836876418,7162.179733639284,2929.4174842262196
16977.107309939227,0.09431575268482716,7162.255115730706,2929.4455626725103
16977.325513030057,0.12262443270756564,7162.3682632590535,2929.487708046447
16977.646053040124,0.15865863420417914,7162.534476807435,2929.5496195265764
16978.11081200516,0.2032867659360859,7162.7754739830325,2929.6393865057266
16978.781461807735,0.25742697713783347,7163.123234266352,2929.7689207161757
16979.745790969937,0.32146850027668467,7163.623279721856,2929.955178212478
16981.12455160905,0.39432164115035867,7164.338225436151,2930.2214818021694
16983.076917657938,0.4718397018735985,7165.350609840081,2930.598575210571
16985.793913318772,0.5440715805801958,7166.759487090621,2931.1233536802843
16989.431883098503,0.5909840862484111,7168.645928476415,2931.8260137809116
16994.450695975644,0.5747858539039375,7171.248395619404,2932.7953758962367
16997.96770352677,0.5049309216324591,7173.07211315855,2933.4746689742506
17001.01693577035,0.39358287932982894,7174.65326942995,2934.0636123037602
17002.476316082226,0.3156330204338999,7175.4100200515895,2934.3454836174224
17003.6711854746,0.23225922001790414,7176.029610546755,2934.576265905889
17004.22930812777,0.1835984982072035,7176.319020834558,2934.6840640920086
17004.704385155474,0.13397254013548246,7176.565368441844,2934.77582246297
17004.93838080565,0.10514269933772624,7176.686705120788,2934.821017354958
17005.127210646508,0.07852820119618265,7176.784621410333,2934.857488730118
17005.24714526702,0.059351604266393555,7176.846812603194,2934.8806533957286
17005.345556575227,0.041829967504837966,7176.897843044864,2934.8996609590395
17005.41026765107,0.029524863755071285,7176.931398485237,2934.912159520752
17005.4542531982,0.021645041748448862,7176.954206859008,2934.920655068842
17005.491295651827,0.01738023151644751,7176.97341494401,2934.927809599336
17005.519752598393,0.017553591281855466,7176.988171079072,2934.9333058898865
17005.54820954496,0.020760997625167487,7177.00292721414,2934.93880218034
17005.57757343077,0.025718419594983923,7177.01815363572,2934.9444736406285
17005.605392341018,0.030945456234470203,7177.032578921876,2934.94984669796
17005.65917705643,0.04118040437889483,7177.060468580532,2934.960234896116
17005.741598587178,0.05602496119692631,7177.103207643903,2934.976154124304
17005.84203216661,0.07252860630112991,7177.15528671938,2934.995552271408
17005.986142364876,0.09379816074979647,7177.230013976402,2935.023386294941
17006.20255479917,0.12195434674306346,7177.3422330131525,2935.0651850585846
17006.520571520574,0.1578176857360333,7177.507138187753,2935.126608070689
17006.98175417199,0.2022555374799218,7177.746280977727,2935.21568269738
17007.647286092975,0.2561886430439237,7178.091387544517,2935.344226098859
17008.6043425405,0.32002579948520954,7178.587661964533,2935.529075578572
17009.97291170357,0.3927212447088732,7179.297323217034,2935.79340598055
17011.911350904633,0.47021520776696224,7180.302486314458,2936.167802760955
17014.610300120243,0.5427168671278731,7181.702006210859,2936.6890862994314
17018.228821192075,0.5904505380673747,7183.578363276309,2937.3879774712404
17023.206736563723,0.5763219565079715,7186.159624233774,2938.349423262435
17026.687828052465,0.5093477798398,7187.9647184026735,2939.021767357625
17030.168919541207,0.38063915108257335,7189.769812647817,2939.694110006138
17031.406905813903,0.3126191445094047,7190.411761291682,2939.933215975795
17032.6448920866,0.22476331479658082,7191.053709945184,2940.172321762592
17033.124775761084,0.18226747579404867,7191.302550088791,2940.2650068797166
17033.60465943557,0.13179300081256612,7191.551390233845,2940.3576919693705
17033.821311016913,0.1049559657658779,7191.663733316184,2940.3995362078585
17034.01464818729,0.07762918825453544,7191.763986882625,2940.4368774799204
17034.133096615034,0.05859909568428873,7191.825407442987,2940.4597546872947
17034.230719789994,0.041147389466624926,7191.876029221868,2940.4786096903676
17034.29384671122,0.029133221938931964,7191.908763222295,2940.490802064106
17034.33716612643,0.021424811356865858,7191.931226186262,2940.499168803252
17034.374104795148,0.017312178672289423,7191.950380461103,2940.5063031608242
17034.401424280935,0.017564055695974464,7191.964546779425,2940.511579663286
17034.428743766723,0.0206158206111834,7191.978713097752,2940.5168561656583
17034.457608110675,0.025448838215371836,7191.993680490918,2940.5224310427957
17034.485501618125,0.030676924576409977,7192.0081444639645,2940.527818411879
17034.537407028103,0.04056393304520028,7192.035059632399,2940.537843454251
17034.619667359457,0.055428835670311066,7192.077715122001,2940.5537312638944
17034.718861527293,0.07179298186640783,7192.129151527979,2940.572889683781
17034.86056150604,0.09280544677382611,7192.202629009606,2940.6002576989376
17035.073546893298,0.1206678529403801,7192.313071015675,2940.6413938142687
17035.38673245533,0.15620175644766146,7192.475471085922,2940.701882636873
17035.841072586514,0.20027295332587383,7192.711065821152,2940.789634105706
17036.49681218599,0.2538063706665031,7193.051094772488,2940.9162839201476
17037.439949644635,0.31724765414227923,7193.540151776811,2941.0984417847594
17038.789004072925,0.3896343092547784,7194.239694055069,2941.3589983958973
17040.70075108729,0.46707170005677645,7195.231016465969,2941.728233181231
17043.365033656755,0.5400740925876992,7196.612560714976,2942.2428119443002
17046.945764304346,0.5893602391998051,7198.469322485317,2942.934391891683
17051.843347001595,0.579142031068099,7201.008928415111,2943.8803053005645
17055.392777629768,0.5140069593726981,7202.849459976933,2944.565836407644
17058.94220825794,0.3858392928880115,7204.689991617683,2945.251366016328
17060.219826304412,0.31675817751098206,7205.352491256133,2945.4981221273565
17061.497444350884,0.2270542014513651,7206.014990904804,2945.744878044363
17061.983594680998,0.18433112753775246,7206.26708066451,2945.838771838163
17062.469745011113,0.13358394703258974,7206.519170425694,2945.9326656038766
17062.691009438324,0.10637492629923398,7206.633905505356,2945.9754000102544
17062.888634080784,0.07861618881971982,7206.7363823446685,2946.013568688336
17063.008238047172,0.059505951522322624,7206.798402122747,2946.0366686660914
17063.106848887404,0.041963157528246434,7206.849536066044,2946.0557140885107
17063.171872767034,0.02960096891712099,7206.883253732067,2946.0682726184828
17063.215987158823,0.021688224063538188,7206.9061289332785,2946.0767927482566
17063.253041042597,0.017394767411815153,7206.925342958749,2946.083949231157
17063.281776880893,0.0175548337453919,7206.940243721448,2946.089499190035
17063.31051271919,0.02080535810041683,7206.955144484151,2946.0950491488156
17063.34010758491,0.025814914770612412,7206.970490689365,2946.1007650176284
17063.367938544467,0.0310486807043881,7206.984922233702,2946.1061402104883
17063.422437145717,0.04141524938390372,7207.013182092262,2946.11666591602
17063.50493599437,0.05625460113494305,7207.055961278199,2946.1325995093794
17063.605847506027,0.07281167435863657,7207.108288218462,2946.1520892710864
17063.750889892875,0.09418009023464316,7207.183498907497,2946.1801023421112
17063.968624494246,0.12244875891712698,7207.296403623062,2946.2221549744804
17064.28850405125,0.15843799998548383,7207.462274873144,2946.283935578501
17064.7523261862,0.20301583271768844,7207.702786515793,2946.373516810316
17065.42163441772,0.2571009507847824,7208.04985150293,2946.5027849724656
17066.384055550825,0.3210874509047861,7208.548908089628,2946.688663978293
17067.76013921176,0.39389669817605305,7209.262466427968,2946.9544362791335
17069.70884007965,0.47140400806298505,7210.272951342923,2947.3308016111914
17072.421068612264,0.543699014792999,7211.679358113854,2947.8546312799554
17076.053839657794,0.5908141460488427,7213.563105714603,2948.556249717105
17081.062034496033,0.5751355640767118,7216.160069680475,2949.52350927416
17084.568572910564,0.5060412872717289,7217.978360435577,2950.2007440943426
17087.642060417715,0.3943399460550359,7219.572095761045,2950.79434048828
17089.101529202664,0.31662191723739214,7220.328893053039,2951.0762138330074
17090.30631765305,0.23276740633874704,7220.953627655575,2951.3088995035246
17090.864213245964,0.18422322149993806,7221.242920506182,2951.4166480795784
17091.343266680808,0.1342735149485829,7221.491330309705,2951.5091695293063
17091.577286186945,0.10548293856873421,7221.612679486145,2951.5543666151952
17091.76746447702,0.07871525806296373,7221.711295107198,2951.591096473895
17091.887589486592,0.05952860982766354,7221.773585090143,2951.614296673069
17091.9861976517,0.04198870537771814,7221.824717664054,2951.6333412411027
17092.05129531291,0.02961297181577148,7221.858473600728,2951.6459137980937
17092.095422141963,0.021696304827803815,7221.881355259152,2951.654436178839
17092.132478051913,0.01739752615311151,7221.900570341963,2951.6615929261607
17092.161267833133,0.017555186916952296,7221.915499081569,2951.6671532048244
17092.190057614353,0.020814198123047654,7221.930427821179,2951.6727134833905
17092.21970217336,0.025834803566524286,7221.945799799835,2951.678438848298
17092.24753841959,0.031070469980784665,7221.960234090559,2951.6838149668797
17092.302187126817,0.04146466825624362,7221.988571795351,2951.6943694762963
17092.384703382806,0.05630309642254863,7222.031360022618,2951.7103061490634
17092.48571589423,0.07287142304665367,7222.0837393538,2951.7298150716397
17092.630955488894,0.09426069554921776,7222.1590523297255,2951.75786573342
17092.84896956492,0.12255305055886957,7222.272102004181,2951.7999715961046
17093.169242759304,0.15856876615574728,7222.438177429857,2951.8618271293153
17093.63362262211,0.2031759875296379,7222.678978362017,2951.951514488806
17094.303728565876,0.2572929197252403,7223.026457117943,2952.0809344240774
17095.26728244279,0.3213104742290901,7223.526101254545,2952.2670289053026
17096.644951709914,0.39414294110847886,7224.240482045973,2952.533102728315
17098.59581538209,0.4716517068371995,7225.252088819243,2952.909879098886
17101.310835939606,0.5439008081140647,7226.65994386398,2953.4342387171187
17104.946573998102,0.590881775465745,7228.545230643062,2954.1364177520454
17109.96111858519,0.5748689494239881,7231.145488128992,2955.104886520917
17113.47401670954,0.5052897141994822,7232.96707729891,2955.7833376130425
17116.531555207937,0.3938225804524373,7234.552542927945,2956.3738432567848
17117.990787702634,0.31596199092442384,7235.30921795555,2956.6556659828484
17119.18906389776,0.23242247489438797,7235.930575889081,2956.887089824503
17119.74703767254,0.18380757206820614,7236.219909380572,2956.9948515957644
17120.223480502173,0.13406986428652315,7236.466965558618,2957.086867223253
17120.457459869547,0.10525621749314548,7236.588293963403,2957.1320557585805
17120.646749384483,0.07858930683828841,7236.686448750322,2957.1686133188614
17120.7667450316,0.05940974410387238,7236.748671674818,2957.1917881243444
17120.86522102463,0.04188218088147646,7236.799735729508,2957.2108068294874
17120.930058756505,0.029553972092814025,7236.833356893285,2957.2233289641244
17120.974091299537,0.021661941450287908,7236.856189668259,2957.231832984823
17121.011138835114,0.017385881878353122,7236.875400415251,2957.2389879883704
17121.039702255763,0.017553952869054586,7236.8902117822945,2957.244504451713
17121.06826567641,0.020777615474338026,7236.905023149344,2957.2500209149603
17121.097712484247,0.02575388772888886,7236.920292590802,2957.255707986977
17121.12553362037,0.030982970987686015,7236.934719051281,2957.2610810923693
17121.179578377414,0.041265853112206395,7236.962743591635,2957.271518774244
17121.262027233355,0.05610831430993095,7237.005496883882,2957.287442148507
17121.362634678695,0.0726313353635285,7237.057666188944,2957.3068724959394
17121.507083657707,0.09393671656911298,7237.1325692225855,2957.334769970414
17121.723976907866,0.12213363389665378,7237.2450377395635,2957.3766586240004
17122.042670692437,0.15804240366075,7237.410294230531,2957.4382080329815
17122.504811861207,0.20253049389800154,7237.649934386494,2957.5274614492714
17123.171714014417,0.2565177263327748,7237.995751958889,2957.656260351025
17124.130715034516,0.32040723554741674,7238.493035415423,2957.8414722539715
17125.502003998048,0.39314076791550917,7239.204107990847,2958.106309154551
17127.444148386083,0.47063404746602105,7240.211193788172,2958.481394927065
17130.147869562006,0.5430513096225434,7241.6131901014105,2959.0035630599164
17133.7714301074,0.5905450071393084,7243.492162963962,2959.7033778968726
17138.760423805696,0.575825667570675,7246.079172104589,2960.666895024228
17142.24950448922,0.5080852408229138,7247.888411527032,2961.3407343832114
17145.366980293908,0.3957740994837173,7249.504957791842,2961.9428052044686
17146.827416322467,0.3184396716229126,7250.262257164573,2962.2248554108155
17148.050124187695,0.23373175560392928,7250.896284192167,2962.460993603372
17148.607961354865,0.18537108961916823,7251.1855469464135,2962.568727096207
17149.094206092355,0.13484237708259522,7251.437685923803,2962.662634118519
17149.328381365704,0.1061107810328447,7251.559115956155,2962.707859693429
17149.521020061038,0.07906556658081161,7251.659007472164,2962.7450634275833
17149.64150560573,0.05985936094985962,7251.721484451247,2962.7683324376826
17149.740484031685,0.042285005311300854,7251.772809056799,2962.787447841487
17149.806322986737,0.029774060067099577,7251.806949409798,2962.8001631189495
17149.85069762238,0.021792002645671448,7251.829959582496,2962.8087330572953
17149.887766488282,0.017431388586514315,7251.849181396809,2962.815892054386
17149.917247020658,0.017562171396074813,7251.864468331158,2962.821585539636
17149.946727553033,0.02093366448809102,7251.879755265511,2962.8272790247843
17149.97714626863,0.026122417286217933,7251.895528688551,2962.833153698284
17150.005174065904,0.03140702275568746,7251.910062316772,2962.838566620945
17150.06211503451,0.04222170552865619,7251.93958867807,2962.849563455564
17150.144942763924,0.05705352163629305,7251.982538447384,2962.865559720218
17150.24751582745,0.07379505120103784,7252.035727028701,2962.885369339407
17150.39581426796,0.0955068975381404,7252.1126262008875,2962.9140097573463
17150.61815172678,0.124164391201398,7252.227917814938,2962.9569490964564
17150.944514611576,0.1605886555233455,7252.397151123965,2963.0199785307173
17151.417530468818,0.20565062431969713,7252.642430360221,2963.111330568646
17152.099992223208,0.2602608520863007,7252.996316380065,2963.2431321757404
17153.08109510036,0.324761594622855,7253.505060779967,2963.432609270526
17154.483334908295,0.39795892878695194,7254.232182956798,2963.703418926344
17156.467721888443,0.4755009564335329,7255.261173719722,2964.0866562291717
17159.226023503903,0.5470596905661226,7256.691472845934,2964.619356029463
17162.90759663905,0.5920041587569248,7258.600528407689,2965.3303621886103
17168.018031745974,0.5708779502448169,7261.250511095968,2966.31731559256
17171.603317823283,0.49451244490331114,7263.109637829688,2967.0097225768627
17174.439849517286,0.38650729470413503,7264.580502912907,2967.5575255940403
17175.89452584086,0.30667057118595936,7265.334815889826,2967.838458482577
17177.002181615437,0.2276228477075661,7265.909183619532,2968.0523732136453
17177.561410244645,0.17798633924058413,7266.199168007006,2968.1603735366048
17178.0017208271,0.13122675045488424,7266.427488212088,2968.245407936164
17178.23503920629,0.1020981155596486,7266.548473949252,2968.2904672307195
17178.41213414023,0.07682639143705967,7266.640305382581,2968.324668444647
17178.53031948937,0.057746986611909724,7266.701589631584,2968.347492824529
17178.627069043585,0.04037302961628043,7266.751758487726,2968.366177445347
17178.688584257,0.028657607061577935,7266.783656804161,2968.378057483363
17178.730996972947,0.021175655112074164,7266.805649643978,2968.386248378492
17178.76774990866,0.017245494819843617,7266.824707641333,2968.3933462364853
17178.79431325734,0.017609589508868477,7266.83848189417,2968.398476244999
17178.820876606016,0.020602290126337543,7266.852256147012,2968.4036062534306
17178.849923497102,0.02546522634628426,7266.867318224729,2968.409215892316
17178.877838975295,0.030698306879845906,7266.881793615605,2968.4146070286274
17178.929870548123,0.04060861070787235,7266.90877425157,2968.424655550558
17179.012140136303,0.055471523913723696,7266.951434615093,2968.4405437446376
17179.1114238124,0.07184566478635045,7267.002917524056,2968.4597177585456
17179.25329695649,0.09287645238744097,7267.076484926665,2968.4871167988135
17179.4665292088,0.12075977049590057,7267.187055134217,2968.5282969564546
17179.7800622513,0.1563168822771461,7267.349635669369,2968.5888475435027
17180.234893210094,0.2004134855585885,7267.585485327929,2968.6766860530647
17180.89133350634,0.2539739428686286,7267.925878209639,2968.8034600043766
17181.83546391122,0.3174407620080071,7268.415450946284,2968.985793545797
17183.18590439645,0.3898446273616516,7269.115713166006,2969.246594833144
17185.09953388316,0.4672776286370007,7270.108013435934,2969.6161605754105
17187.76622755723,0.5402297924200828,7271.490810337211,2970.1311595693396
17191.349470180412,0.5893809662646744,7273.348877886353,2970.8231636316395
17196.25299863072,0.578839931988288,7275.891571336304,2971.7701419003806
17199.784375907842,0.5138596437538899,7277.722744625281,2972.452126117573
17203.315753184965,0.3864740093365603,7279.553917990731,2973.1341088791733
17204.601195346342,0.3170935534222013,7280.220475917297,2973.3823542663577
17205.88663750772,0.2268712117314296,7280.887033853991,2973.63059946079
17206.371246696897,0.18426650640801762,7281.138324899457,2973.7241873651715
17206.855855886075,0.1336849469207876,7281.389615946362,2973.8177752421634
17207.077534835174,0.10643540594530078,7281.504566171559,2973.8605859404724
17207.275281893297,0.07866791522836425,7281.607106665422,2973.8987749007188
17207.39495201287,0.05955277141664718,7281.669160853742,2973.9218856212756
17207.493614289335,0.042005404846278585,7281.720321557131,2973.9409393011633
17207.558742788406,0.029624182126614333,7281.754093531036,2973.9535169301826
17207.602893583175,0.021701919204456997,7281.776987648221,2973.962043340388
17207.639950803983,0.017399478687731364,7281.796203437214,2973.969199838014
17207.668778258187,0.01755546012678921,7281.811151732453,2973.9747670014167
17207.69760571239,0.020820385037081043,7281.826100027698,2973.9803341647216
17207.727285791985,0.025848830467992037,7281.841490446487,2973.986065987099
17207.755126658143,0.03108598053198185,7281.855927152709,2973.99144262015
17207.80988214878,0.04149977983718731,7281.884320268365,2974.0020170100283
17207.892411220342,0.056337551539738975,7281.92711519995,2974.017955038027
17207.993495893403,0.07291382946356113,7281.979532022176,2974.0374765257843
17208.13887629592,0.09431784824252228,7282.054918116768,2974.0655524096046
17208.35708994704,0.12262687849757778,7282.168071435199,2974.1076938560313
17208.6776438102,0.1586610579404778,7282.334292628428,2974.1695992463906
17209.14242062248,0.20328849556657075,7282.575299727576,2974.2593569641417
17209.813093137745,0.2574268409322361,7282.923072753673,2974.388877224419
17210.777449329413,0.3214643805360878,7283.42313361291,2974.5751135774326
17212.156237140705,0.3943097633468023,7284.138095401007,2974.8413847272495
17214.10861636087,0.47181344754083465,7285.150489443303,2975.2184273244447
17216.825566797226,0.5440195965945566,7286.559347150019,2975.7431228321725
17220.463255146427,0.5908884204678506,7288.445647830702,2976.445629235198
17225.482333778993,0.5746069553423827,7291.048259988555,2977.414905693051
17229.000002064982,0.5046394529693652,7292.872325196343,2978.094230433376
17232.044257302456,0.3933742055519899,7294.450905046796,2978.6821294747137
17233.503163778845,0.3154027397175257,7295.207412057121,2978.9638695029053
17234.696018933653,0.23212687011565947,7295.82595979517,2979.1942302437906
17235.254012581834,0.18345691397755823,7296.115303988463,2979.301988308109
17235.728283911667,0.1338958008424987,7296.361234487157,2979.393578140287
17235.962212629547,0.10506489728692762,7296.482536794231,2979.438753730925
17236.150761532594,0.0784819974535068,7296.580307675889,2979.4751657074194
17236.270645990542,0.059308780282887094,7296.642473029188,2979.498317418139
17236.36901020616,0.04179173486113645,7296.693479192358,2979.5173132058717
17236.4336302983,0.029503406504818086,7296.726987546451,2979.529792434071
17236.47758051344,0.021632807667824657,7296.749777662088,2979.538279960599
17236.51461960527,0.01737622588413978,7296.768984056949,2979.545432832679
17236.542999938378,0.017553448763743765,7296.7837005053625,2979.550913552597
17236.571380271485,0.02074916195177553,7296.798416953781,2979.5563942724207
17236.600688192993,0.025693631812401214,7296.813614397505,2979.5620541250737
17236.62850819155,0.030919656844851047,7296.828040287873,2979.5674266346823
17236.68211397713,0.04112145562104428,7296.855837240657,2979.5777788131886
17236.764517948202,0.05596743532318616,7296.89856731671,2979.5936924048638
17236.864832834573,0.07245757402366311,7296.950584988587,2979.6130648942267
17237.008711421528,0.09370217801490743,7297.02519235154,2979.6408502637896
17237.224795288595,0.12182977885126675,7297.137241321954,2979.6825796800995
17237.542347964234,0.1576606798480791,7297.30190632426,2979.743904414126
17238.002871358472,0.20206176577048987,7297.540707921408,2979.8328391648706
17238.66745710119,0.2559537555411802,7297.885324806975,2979.961181716234
17239.623163789205,0.3197482098113462,7298.380900688772,2980.1457444702196
17240.989830816296,0.39240604373889193,7299.089577560888,2980.4096702722964
17242.925646731106,0.46988113252366187,7300.09338314552,2980.7835076816145
17245.621134024586,0.5424083274099911,7301.491111747414,2981.304049214772
17249.235687172397,0.5902542691277619,7303.365416448164,2982.002075681175
17254.206078260973,0.5764348990438249,7305.942782852907,2982.9619330807227
17257.682801434865,0.5098450476002983,7307.7456168334365,2983.633339001386
17261.159524608756,0.38181251915222547,7309.548450887462,2984.3047435216818
17262.408663638613,0.31342201435438044,7310.196184494937,2984.545969630494
17263.65780266847,0.22492683254297768,7310.843918111894,2984.7871955586425
17264.13735760558,0.18249122254917874,7311.0925884757735,2984.879804165127
17264.616912542693,0.13210661100140964,7311.341258841051,2984.97241274499
17264.83448607151,0.10518974257833312,7311.454080303035,2985.014429143426
17265.02848520789,0.07779876060534234,7311.554677403986,2985.0518930024223
17265.147135845138,0.05875450955311218,7311.616202987953,2985.074806044254
17265.244926357926,0.04128761419110478,7311.666911678213,2985.093690712865
17265.308365402765,0.029216089248159535,7311.699807618591,2985.105941648531
17265.351832329154,0.021470260549272997,7311.722347135436,2985.114335698332
17265.388798370503,0.017325497765052367,7311.741515656915,2985.121474339371
17265.416313945967,0.017559636966344775,7311.755783695369,2985.1267879679135
17265.44382952143,0.020634872595607305,7311.770051733828,2985.1321015963686
17265.47273086737,0.0254790149278125,7311.785038355351,2985.137682835684
17265.500608463448,0.03070554362909531,7311.799494117463,2985.143066375016
17265.552716717175,0.0406300966819394,7311.826514543404,2985.1531291805018
17265.634991889907,0.0554922376063827,7311.869177846323,2985.169017623636
17265.734318778977,0.07187117717821927,7311.920683215685,2985.1881989816375
17265.876276016665,0.09291084298611657,7311.994294299647,2985.2156128312563
17266.089628028756,0.12080426717162991,7312.104926720818,2985.2568139665273
17266.403329603807,0.15637257138261051,7312.2675948135175,2985.317393938849
17266.858398514734,0.2004813845060041,7312.503568101533,2985.4052738153646
17267.51517833716,0.2540547645666429,7312.844137390024,2985.532106717107
17268.459789552027,0.31753364445813015,7313.333959947571,2985.7145235938638
17269.810900527922,0.3899453114390432,7314.034570560932,2985.975440753232
17271.725439121114,0.4673752686371947,7315.027343255142,2986.3451627757763
17274.393293206922,0.5403015447502034,7316.410743291558,2986.860359000441
17277.97772969963,0.5893847954446917,7318.269431809132,2987.5525575366114
17282.88414230252,0.578682647199091,7320.813623410408,2988.500043425091
17286.40731423812,0.5137586488031182,7322.640543731889,2989.1804075828145
17289.930486173722,0.386704599536293,7324.467464128528,2989.8607703078173
17291.218975413587,0.3172049755241736,7325.1356027781,2990.10959120167
17292.507464653452,0.22677538627168584,7325.803741437719,2990.358411904009
17292.99136909279,0.18422309398478706,7326.054667294779,2990.451858845593
17293.475273532127,0.1337143913115513,7326.305593153256,2990.5453057601712
17293.697094640243,0.1064504018400605,7326.420617211081,2990.588141684144
17293.894861761186,0.07868243361575546,7326.523168212668,2990.6263325324703
17294.014551136315,0.05956585977838794,7326.585232448943,2990.6494457694776
17294.11322776501,0.0420172659251553,7326.6364006466165,2990.6685012299554
17294.17838594654,0.02963066694657211,7326.670188046528,2990.6810839368095
17294.22254677212,0.021705782415954958,7326.69308738841,2990.68961184062
17294.259604954204,0.017400819857063543,7326.712303695405,2990.6967681516808
17294.288458404066,0.017555654492444766,7326.7272654857425,2990.702340045571
17294.317311853927,0.02082467172539662,7326.742227276083,2990.7079119393647
17294.347016887583,0.025858612053703517,7326.757630650306,2990.7136482825254
17294.37486127296,0.031096851827234515,7326.772069196078,2990.7190253155472
17294.429691573012,0.041524378530383356,7326.800501132592,2990.7296136019354
17294.51222972066,0.0563617043400753,7326.84330081404,2990.745552553731
17294.61336498496,0.07294355194621625,7326.895743923355,2990.765082795929
17294.75884413934,0.09435790516143684,7326.971181301801,2990.7931762896296
17294.977197731598,0.12267861567114259,7327.084407300943,2990.8353425685605
17295.297948375966,0.1587257210682907,7327.250730702922,2990.897282740103
17295.763003480573,0.2033673018685708,7327.491882353957,2990.9870895314666
17296.434073165456,0.2575206094713636,7327.839861683587,2991.1166797545293
17297.398991699858,0.3215720764852259,7328.34021465067,2991.3030150187633
17298.778563319782,0.3944263744755864,7329.055583604791,2991.569423687792
17300.732004127825,0.47192626255336817,7330.068529155967,2991.9466516915027
17303.45030522632,0.5441019115271662,7331.478088671712,2992.4715807621374
17307.089353590487,0.5908915070998624,7333.36509649535,2993.1743133092014
17312.11160411998,0.5744205375069429,7335.969356062899,2994.1441519710916
17315.63262772986,0.5041787760351233,7337.795163004514,2994.8240894046767
17318.66749741438,0.39305786194471687,7339.368877629012,2995.4101455364325
17320.126187029182,0.31500744664762775,7340.125272953357,2995.69182908089
17321.31520926835,0.23191870790310207,7340.741833780937,2995.921437718313
17321.873224879182,0.1832091933288905,7341.031189655855,2996.029194439123
17322.345961537925,0.1337731715617591,7341.2763246084605,2996.120483169299
17322.579856511722,0.10492984472685048,7341.397609540549,2996.165649902762
17322.76788275762,0.07840631493347532,7341.495109500255,2996.201959063788
17322.88768882781,0.05923757691614691,7341.557234268961,2996.2250944376565
17322.985974394778,0.041727934057438396,7341.608199700954,2996.244074053519
17323.05044247517,0.02946748163691916,7341.641629264129,2996.2565232806005
17323.094333425564,0.021612255668639762,7341.6643886714355,2996.264998922923
17323.13136573655,0.017369521717611153,7341.683591569573,2996.2721501149554
17323.15962201175,0.01755338778621073,7341.69824370335,2996.2776065944668
17323.18787828695,0.020730548750576065,7341.712895837133,2996.283063073886
17323.21710284649,0.025655569067118106,7341.7280500693605,2996.288706535518
17323.24492625038,0.030880418752786618,7341.74247774015,2996.2940794243527
17323.29825920547,0.0410317634815535,7341.770133246346,2996.3043783810563
17323.380636946833,0.05588018904995654,7341.81284976439,2996.320286083076
17323.48077071373,0.07234992835578406,7341.864773570436,2996.3396225933166
17323.624296476944,0.09355687154799602,7341.939198054137,2996.367338390645
17323.839879351388,0.1216414661066816,7342.050987351049,2996.4089688999234
17324.1567255758,0.1574240220593463,7342.215286193697,2996.4701540364067
17324.616247490812,0.20177106157787206,7342.453568721092,2996.5588907876418
17325.27939909591,0.2556038039082398,7342.797442291375,2996.6869497494504
17326.233065771834,0.31933895729068495,7343.291960837763,2996.8711090047004
17327.596869734884,0.3919491943453079,7343.999153800951,2997.1344682636773
17329.528763267557,0.4694118299263327,7345.0009264714245,2997.5075288827293
17332.219141030644,0.5420051514768484,7346.39600696784,2998.0270567956522
17335.82807721263,0.590066239714206,7348.267400916041,2998.7239624865015
17340.786887875154,0.5767981578632135,7350.838764957124,2999.681534026741
17344.25964516428,0.5108140915034456,7352.639544269039,3000.352139430104
17347.732402453403,0.38378364252918024,7354.440323653361,3001.0227434517656
17348.99977126281,0.3147969344123039,7355.097510867125,3001.267477349088
17350.267140072217,0.22527299805765647,7355.754698090528,3001.5122110624943
17350.746474788393,0.1829149151375968,7356.003254510765,3001.6047723622837
17351.22580950457,0.13264986233410428,7356.251810932382,3001.6973336357705
17351.44494877979,0.10559825415450105,7356.365444417433,3001.739650216443
17351.640110392516,0.07809370470865043,7356.46664441562,3001.7773366197894
17351.75911275604,0.05902446452145355,7356.528352447372,3001.8003163983976
17351.85719547111,0.041530745150692557,7356.579212708666,3001.819256517449
17351.921189317654,0.029357318023717986,7356.61239637163,3001.831613954874
17351.96490145247,0.021548823708318617,7356.635063062701,3001.840054921976
17352.001907658898,0.01734938200995207,7356.654252430887,3001.8472009505304
17352.029808881874,0.017554738268945734,7356.668720459157,3001.852588774669
17352.05771010485,0.020680925990794283,7356.683188487432,3001.857976598719
17352.086743207645,0.02555969926232119,7356.69824344587,3001.863582992637
17352.114588065982,0.03078398861816578,7356.712682246573,3001.8689599322956
17352.167247672598,0.04081071870934307,7356.739988600813,3001.8791286865053
17352.249565883358,0.055666143221680446,7356.782674263877,3001.895024620268
17352.349254634744,0.07208581256172078,7356.834367326908,3001.914274865005
17352.49191471913,0.0932004457733047,7356.908342942431,3001.9418230216747
17352.706267071077,0.1211795942067523,7357.019494195953,3001.9832151992746
17353.02137865399,0.15684389404839863,7357.182893604585,3002.044064321939
17353.478443443615,0.2010592656886903,7357.41990208258,3002.132325073349
17354.138078497996,0.25474843158699423,7357.761952279466,3002.2597027834972
17355.086746514244,0.3183413027063581,7358.253878963165,3002.442893627007
17356.443541992572,0.3908403946087994,7358.95743795069,3002.7048950164667
17358.365848942685,0.46828221835606887,7359.954239884927,3003.0760980539153
17361.043775719627,0.5410544321749534,7361.342864454893,3003.5932127631795
17364.639144237997,0.5896712298540738,7363.20722358769,3004.2874865983486
17369.569220680536,0.577804985801327,7365.763688508138,3005.239493166952
17373.0529376974,0.5128214340443724,7367.5701515280125,3005.912203472828
17376.536654714266,0.38690675532355157,7369.376614620448,3006.584912393388
17377.831243702745,0.31709504986119297,7370.047916933649,3006.8348983501332
17379.125832691225,0.22613139354030004,7370.719219256865,3007.0848841156844
17379.60633202479,0.18380021556424248,7370.9683796661475,3007.177668722877
17380.086831358352,0.1335939940801189,7371.217540076811,3007.270453303737
17380.308578278244,0.10632417200783939,7371.332525780197,3007.3132726987183
17380.505862878454,0.0786099166876865,7371.434826676141,3007.3513684079117
17380.625476473957,0.059497766954940856,7371.496851679593,3007.374465823111
17380.72407732652,0.04195631011315206,7371.547980635315,3007.393505671168
17380.789086231463,0.029597026500731,7371.581690662554,3007.4060589055516
17380.83319360467,0.02168614656853111,7371.604562309975,3007.414576049112
17380.870247619077,0.017394104925724106,7371.623776475134,3007.4217311873504
17380.898968244383,0.01755476063557522,7371.638669405012,3007.427277146234
17380.927688869688,0.02080276382673391,7371.653562334895,3007.4328231050226
17380.95726961186,0.025809070978848714,7371.668901273881,3007.438535152461
17380.98510022969,0.031042430998524745,7371.683332695056,3007.443909250436
17381.039555979234,0.04140095613787551,7371.711570438906,3007.4544246665146
17381.122050549784,0.05624045380049551,7371.754347566641,3007.4703543838687
17381.22293394571,0.07279411191318005,7371.806660123571,3007.4898349858654
17381.367920999284,0.0941562124602596,7371.881842401441,3007.5178320100968
17381.585577444057,0.12241749080655122,7371.9947070120525,3007.5598615013905
17381.90534548791,0.1583978912174414,7372.160521058609,3007.621608747592
17382.369007130183,0.20296497022210414,7372.400950379059,3007.7111418435593
17383.038081863524,0.25703688214036813,7372.747895586191,3007.840340178758
17384.000164105575,0.32100745516602164,7373.246778310716,3008.0261181762735
17385.375758432652,0.3937980819992029,7373.960085577988,3008.2917451382787
17387.3237583359,0.47128471920314585,7374.9702107921285,3008.6679031222247
17390.03499477975,0.5435588683207448,7376.376108380867,3009.1914410501267
17393.666385247394,0.5906572783787353,7378.259147132434,3009.8926587875344
17398.672850187406,0.5749730539510892,7380.8552237709555,3010.8593995196156
17402.178170371524,0.5058833686089237,7382.672889607922,3011.5362697950854
17405.249996412236,0.39421807051386376,7384.265769336122,3012.1294320747434
17406.708850281095,0.3165186574907648,7385.022250589854,3012.411132900553
17407.912989390687,0.23269531863429047,7385.64665081023,3012.643648797418
17408.470663612752,0.1841629426132208,7385.935829949003,3012.7513340753408
17408.949458356816,0.13423302754472255,7386.18410653609,3012.8437879262065
17409.18339330656,0.10544910603543355,7386.305412318747,3012.8889600645566
17409.3734730499,0.07869212053899036,7386.403977206611,3012.9256638892825
17409.493570354978,0.059507885185699924,7386.466253055793,3012.948854314289
17409.592155906368,0.04197036868175972,7386.517374094134,3012.967890883742
17409.657209809175,0.029602802524649852,7386.55110746597,3012.9804525934637
17409.701320101343,0.021690527519541047,7386.573980634594,3012.9889701557354
17409.738375342044,0.017395594876051284,7386.593195442014,3012.996125409013
17409.767124901937,0.017554942662121174,7386.608103380717,3013.001676860705
17409.79587446183,0.020807479635133158,7386.623011319425,3013.007228312303
17409.825481385316,0.025819617145953884,7386.638363839688,3013.0129453180753
17409.853314580596,0.031053940030087615,7386.652796602176,3013.0183198223017
17409.907849676856,0.041427067047730325,7386.681075500233,3013.028850381057
17409.990353376892,0.05626605535832946,7386.723857376209,3013.0447815902276
17410.091290149165,0.07282565070672715,7386.776197628529,3013.064272167555
17410.23638138561,0.09419875308402911,7386.851433954842,3013.0922888327905
17410.454185504663,0.12247251923921515,7386.964375178649,3013.1343461243864
17410.77416148866,0.15846685334069366,7387.130297106526,3013.19613247256
17411.238117635796,0.2030493595071602,7387.370879220742,3013.285720913154
17411.907613429274,0.25713790692569355,7387.718042881566,3013.4149983556367
17412.870293268348,0.32112459283011285,7388.21723565248,3013.6008885867586
17414.24672348909,0.3939269905043699,7388.930976604752,3013.866672438746
17416.195862190576,0.47141356115918803,7389.941692671909,3014.2430439233376
17418.908565160873,0.5436620603118211,7391.348351186583,3014.7668561304417
17422.541500785046,0.5906873273062048,7393.232191795251,3015.4683603129074
17427.551324619428,0.5748223868829059,7395.830011031437,3016.4357332081067
17431.060014945,0.5054714986297641,7397.649425040199,3017.1132427461002
17434.123171866486,0.3939334908883368,7399.237809966264,3017.704721000548
17435.58186483265,0.3161583248899718,7399.9942080348155,3017.98638597797
17436.78246619787,0.23250589090823023,7400.616773981605,3018.2182148141756
17437.340169607218,0.18393617027950487,7400.90596835087,3018.3259039018517
17437.817546124952,0.1341212942493517,7401.153509605686,3018.418082334351
17438.051454736655,0.10532533816147548,7401.274801770963,3018.4632486210826
17438.24105096515,0.07862313207114581,7401.373115967138,3018.4998584598306
17438.36107722764,0.05944282737645817,7401.435354998111,3018.5230347737865
17438.459590455528,0.04191207425025939,7401.486438550345,3018.5420570552837
17438.524502054956,0.02957053196291321,7401.520098142606,3018.5545910741566
17438.56856081979,0.021671727900073885,7401.542944599539,3018.5630985424236
17438.60561156485,0.017389218922063684,7401.562157082117,3018.5702528063157
17438.634236884605,0.01755424887076424,7401.577000601629,3018.5757801739096
17438.66286220436,0.020787354476506977,7401.591844121147,3018.581307541411
17438.692359874018,0.025775015106137302,7401.6071399934435,3018.5870033540427
17438.720184477435,0.031005657835272735,7401.6215683054315,3018.5923761081212
17438.77438638213,0.04131737194521174,7401.649674437975,3018.602842151182
17438.856852793502,0.05615855944819202,7401.69243699223,3018.618765890075
17438.957566073783,0.07269315009527896,7401.744661371162,3018.6382129821154
17439.10222103915,0.09401994719383251,7401.819671496096,3018.6661449312624
17439.319406719507,0.12224103185626742,7401.93229206885,3018.708082093395
17439.638511190533,0.1581763122949621,7402.097762132741,3018.7696991107473
17440.101231929333,0.20269300170772458,7402.337703711462,3018.8590474836074
17440.768959592835,0.2567098394162133,7402.683950631767,3018.987981320976
17441.729126524882,0.320625627252422,7403.18184051182,3019.173383176815
17443.102034709533,0.39337302055915824,7403.893755365029,3019.438482445329
17445.046359157597,0.47085034919945085,7404.901975357971,3019.813917957939
17447.75282068504,0.5431904684581731,7406.305397866603,3020.336516122039
17451.37902146044,0.5904967208743388,7408.1857467728005,3021.036707990813
17456.374768423917,0.5753421118840335,7410.77626737048,3022.001346408256
17459.869966220253,0.5070122699292487,7412.588685491029,3022.67623921666
17462.966273908718,0.39500177682242776,7414.194261111909,3023.2741086039796
17464.425479958772,0.3175243204322768,7414.950925486472,3023.555867897142
17465.639606692486,0.23322234862645788,7415.580505153816,3023.7903044409736
17466.197169684496,0.18479825639202072,7415.869626805473,3023.8979645966506
17466.679971294383,0.1345444092158799,7416.11998129761,3023.991189006145
17466.91396751993,0.10579606209765104,7416.241318934535,3024.0363714474147
17467.10541354912,0.07888455506137014,7416.340592368467,3024.0733378466593
17467.22570802664,0.059689745223711024,7416.402970501551,3024.096565558912
17467.32449668103,0.04213335551054667,7416.454196891704,3024.115640701334
17467.389954383478,0.02969209689510263,7416.48813967418,3024.1282799557566
17467.434204232213,0.021743165959743127,7416.511085224284,3024.136824176795
17467.471269159105,0.017413892636210102,7416.530305067105,3024.1439810582233
17467.500384506697,0.01755797256043321,7416.545402693121,3024.1496029521245
17467.52949985429,0.02086906011203347,7416.560500319143,3024.1552248459298
17467.559477723065,0.025962721408198008,7416.576045201459,3024.1610132841865
17467.58737255113,0.03121512624089069,7416.590509932853,3024.1663995072167
17467.64301263412,0.041791388086020224,7416.619361835208,3024.177143071881
17467.725653734662,0.056625154311433744,7416.6622149877785,3024.1931002725905
17467.82733763811,0.0732679252772661,7416.714942695957,3024.2127344541086
17467.973890127992,0.09479548770157727,7416.790936797954,3024.2410323250797
17468.193762685878,0.12324447431714784,7416.904950675428,3024.2834875888043
17468.51665237669,0.1594348679894369,7417.072383601637,3024.3458344543533
17468.98473899026,0.20423547852090465,7417.31510770839,3024.43621741563
17469.660144224617,0.25856069087533534,7417.665335910861,3024.566631537699
17470.631217837305,0.32277941301745244,7418.1688815627485,3024.7541362316865
17472.019402045556,0.39575754292513793,7418.8887179606545,3025.022180664674
17473.98458254518,0.4732616262004561,7419.907753093481,3025.4016369169963
17476.718014171784,0.545181962886183,7421.325161283504,3025.9294338797713
17480.373013572393,0.5912344365590854,7423.220444202775,3026.63517459382
17485.429300890497,0.5729292523655845,7425.842358576034,3027.611486316087
17488.983270794637,0.50005296829913,7427.68525330148,3028.297715866398
17491.931898443756,0.3902848016212009,7429.214250644945,3028.8670599092875
17493.38991824341,0.31143046915373895,7429.970300143679,3029.1485853920103
17494.543584247196,0.2300909124093783,7430.568528382403,3029.371343774151
17495.102426808706,0.18096335399380753,7430.85831364386,3029.4792491838757
17495.5610324708,0.13269059293982505,7431.096121519664,3029.5678000936045
17495.794809613853,0.10371083910327172,7431.217345592138,3029.6129394720097
17495.978067569573,0.07773249114852421,7431.3123731704045,3029.648324236735
17496.097184563037,0.058601528999001645,7431.374140744936,3029.6713242009173
17496.194773980234,0.041156863224536364,7431.424745292889,3029.6901674649494
17496.25793557783,0.02913648788035704,7431.457497451771,3029.7023631582806
17496.301253878923,0.02142783403429326,7431.479959959604,3029.710727365639
17496.338196308116,0.01731307479135096,7431.499116288097,3029.7178604738883
17496.365526225854,0.017563807812276743,7431.513288092537,3029.723137529629
17496.392856143593,0.020616590131117784,7431.527459896981,3029.728414585285
17496.421722186205,0.025449968829138067,7431.542428251992,3029.7339882468095
17496.44961637945,0.030678132330100086,7431.556892658941,3029.7393742566323
17496.501530745365,0.04056659544489464,7431.583812617115,3029.7493982525166
17496.583792479523,0.055431180315741485,7431.626469065008,3029.765281933997
17496.68299345561,0.07179570746295415,7431.677909279769,3029.7844363639356
17496.824705864718,0.09280886410499993,7431.751393604785,3029.811799201766
17497.037709449185,0.12067178560922792,7431.861845644665,3029.8529274415177
17497.35091875396,0.15620547509712743,7432.024258905508,3029.913404101754
17497.805289024556,0.20027513632563848,7432.259870544351,3030.001137096659
17498.461066324184,0.25380474736347136,7432.5999208849025,3030.127759130776
17499.40424737521,0.31723816378182773,7433.089003139942,3030.309874991969
17500.753342628614,0.3896097632801181,7433.788570372177,3030.5703673755147
17502.66510033832,0.4670195504561197,7434.779903690553,3030.939502059721
17505.329280766433,0.539972861366179,7436.1614024440405,3031.453918759956
17508.909480570997,0.5891757054372131,7438.017898982231,3032.1452049836353
17513.80771507195,0.5788008582559756,7440.557856617679,3033.090982838546
17517.34620410959,0.5137703683464074,7442.3927244002825,3033.7742119434993
17520.884693147233,0.3860512483729851,7444.2275922561985,3034.4574396452726
17522.165792075553,0.3168376347660635,7444.891900463108,3034.704799759556
17523.446891003874,0.2268947722685814,7445.556208679621,3034.9521596900204
17523.932053889836,0.18424476263083356,7445.807787763467,3035.0458369179155
17524.417216775797,0.13359729614419802,7446.059366848691,3035.1395141194535
17524.638609031255,0.10637489677099013,7446.174168831566,3035.1822614179064
17524.836210277797,0.07862096926772695,7446.276634091376,3035.220415048966
17524.95582148754,0.059510726119243997,7446.338657959741,3035.243510052805
17525.05443780872,0.04196787999871753,7446.389795020759,3035.262551279602
17525.11947527283,0.02960346033003652,7446.423519912682,3035.2751089681346
17525.16359290176,0.021689950502421788,7446.44639691579,3035.283627372611
17525.200648087422,0.017395424392307898,7446.465611719904,3035.2907821327285
17525.22939345021,0.017554926035823766,7446.480517501794,3035.2963323996523
17525.258138812995,0.02080675449331852,7446.495423283688,3035.301882666483
17525.28774176046,0.02581797004543869,7446.510773762365,3035.307598519014
17525.315574913653,0.031052182262433288,7446.52520652198,3035.312972652676
17525.370097961517,0.04142303491933334,7446.553479209531,3035.3235001749385
17525.452600519173,0.0562620549664571,7446.596260549311,3035.3394300892046
17525.553529449706,0.07282067422796687,7446.648596804064,3035.3589178380757
17525.698605213427,0.09419197254828968,7446.723825205862,3035.3869296265107
17525.91638749581,0.12246361053484796,7446.836755254665,3035.4289798657837
17526.23633220859,0.15845535620439083,7447.002661184859,3035.4907560097486
17526.700243146468,0.20303464874943547,7447.243220171898,3035.580329680536
17527.369672848305,0.2571191506560754,7447.590350016982,3035.7095856457076
17528.332256183825,0.3211007880521819,7448.089493401711,3035.895444711861
17529.708545900237,0.3938969802541922,7448.803162432875,3036.1611835197464
17531.657480810594,0.47137609791995805,7449.813774151293,3036.537490291909
17534.36988910165,0.5436159799313108,7451.220281706522,3037.0612103121084
17538.002393287887,0.5906320845323302,7453.103901064916,3037.7625839500165
17543.011737536253,0.5747573602334664,7455.701475017835,3038.7297991358155
17546.520134719496,0.5053968725028058,7457.520739401454,3039.4072064977295
17549.5823203262,0.39387739562217455,7459.108622735393,3039.9984574377736
17551.040785858782,0.31610563391613034,7459.86490385894,3040.280059568126
17552.241001036626,0.23247182524443696,7460.487270364341,3040.5117982576844
17552.798626483614,0.1839047112298202,7460.776424684833,3040.619465055355
17553.2758488102,0.1341019315655452,7461.023886308248,3040.7116075223025
17553.509725980366,0.1053078397416457,7461.145162328283,3040.756764703335
17553.69926595802,0.07861184419131004,7461.243447484401,3040.793361221203
17553.81927922902,0.0594325731537232,7461.3056798600865,3040.8165334694963
17553.917781251203,0.04190296505055692,7461.3567576684545,3040.835552309266
17553.982671134196,0.029565456587600313,7461.390406043769,3040.848081292953
17554.026721612998,0.021668839569263323,7461.413248233894,3040.856586589734
17554.063771831858,0.01738826367887311,7461.432460468736,3040.863740271337
17554.092377909765,0.01755416786944098,7461.447294029881,3040.869263552324
17554.120983987672,0.020784241917082114,7461.462127591031,3040.8747868332193
17554.150465402352,0.025768201843273872,7461.477415054381,3040.8804791246357
17554.178289453987,0.030998398045371526,7461.491843099112,3040.8858514111903
17554.232441236294,0.04130081551319908,7461.519923277658,3040.8963070733953
17554.314902430626,0.05614231815494918,7461.562683182558,3040.912228735107
17554.415582405953,0.0726730831946594,7461.614890359641,3040.9316680900233
17554.560172232552,0.09399280411987242,7461.689866805229,3040.959585585517
17554.77726562952,0.12220575984912,7461.802439672085,3041.0015021120175
17555.096239566097,0.15813173091073077,7461.967842264251,3041.06308978618
17555.55877443422,0.2026377273022361,7462.2076877742375,3041.1523962687793
17556.22623473348,0.25664238503961617,7462.553796506618,3041.281269822443
17557.18601917787,0.320545109032974,7463.051488700159,3041.4665853747106
17558.558386163295,0.3932801370201743,7463.763123847256,3041.73156234537
17560.501959405206,0.470749141744887,7464.770955622817,3042.1068276077717
17563.2074172894,0.543091389502449,7466.173859529629,3042.629196911216
17566.832424106546,0.5904209991894415,7468.0535917687685,3043.329111272714
17571.82608399554,0.5753384327469282,7470.643033502701,3044.293282034932
17575.31951274578,0.5071145143373467,7472.45453665501,3044.9677880477975
17578.418627586303,0.3950698083768229,7474.06157000579,3045.5661593826007
17579.877695285206,0.3176283305861345,7474.818163624826,3045.8478730929223
17581.092975085467,0.23327157304222476,7475.448342030307,3046.0825165698757
17581.65045725617,0.18486566613637442,7475.737422148999,3046.1901539123896
17582.133722228704,0.13457416100502098,7475.9880172420335,3046.283461545391
17582.36770130259,0.1058326398323894,7476.109346143065,3046.3286376501983
17582.559302394617,0.07890349646135589,7476.20870011349,3046.3656315138387
17582.679615028057,0.05970801708220315,7476.271087742491,3046.3888611766197
17582.77842431303,0.042149807827476,7476.32232489726,3046.40793902538
17582.843923646575,0.02970101844872283,7476.356289311578,3046.420585471719
17582.888187064127,0.021748529910631188,7476.379241927619,3046.4291317406173
17582.92525292668,0.01741580931806257,7476.398462280652,3046.4362883236026
17582.95440657209,0.017558374059617063,7476.413579785508,3046.4419172356083
17582.9835602175,0.020875656148319564,7476.428697290371,3046.4475461475195
17583.013580872834,0.025978575597391335,7476.444264379726,3046.4533424594088
17583.04148619283,0.031233639285867285,7476.458734570504,3046.4587303476333
17583.097252515192,0.041833009685248265,7476.487651971348,3046.469497567089
17583.17991084523,0.05666634495674826,7476.530514114006,3046.485457026242
17583.281680879565,0.07331858079366235,7476.58328655367,3046.5051065233824
17583.428402001788,0.09486377056985931,7476.659368198245,3046.533435059226
17583.64851302588,0.12333263706604437,7476.773505879872,3046.5759335235425
17583.97173810396,0.1595450710221694,7476.941112937809,3046.638340971581
17584.440299450747,0.20436988580281534,7477.184083531591,3046.7288095435533
17585.11638251871,0.2587208099965449,7477.53466367792,3046.859345811571
17586.088416294493,0.3229636628374184,7478.038707874024,3047.047023343102
17587.477939593206,0.3959576914088597,7478.75923958883,3047.3153083883617
17589.44493534216,0.4734565390893622,7479.77921733797,3047.6950897382158
17592.180679859302,0.5453270343237919,7481.197826712002,3048.223297966966
17595.83801232237,0.591248265088766,7483.094321895962,3048.9294419580806
17600.89959037622,0.5726263597122446,7485.718983166569,3049.9067099561266
17604.45818519843,0.49931566517691134,7487.5642785186155,3050.59378663293
17607.39210882728,0.3897874191062772,7489.085653134737,3051.160253691094
17608.849800210482,0.31080610712214995,7489.841533315469,3051.4416969777767
17609.997436612135,0.2297677734798721,7490.436635703593,3051.6632763347648
17610.556355249126,0.18057359459916203,7490.72646078959,3051.771189234172
17611.01255714459,0.13249957684312794,7490.963022509996,3051.8592701312155
17611.246286789035,0.10349945510929197,7491.084222109475,3051.9043973279217
17611.428733499528,0.07761407119433372,7491.178829142921,3051.9396231018263
17611.547728222,0.058490110461850556,7491.240533394412,3051.962597924535
17611.645197186044,0.041056755094365696,7491.291075547476,3051.9814166753413
17611.70814068532,0.029076661578352866,7491.3237146547945,3051.9935694460705
17611.751350638955,0.021395462039388483,7491.346121008603,3052.0019121764526
17611.78827271895,0.017303841147381375,7491.365266809941,3052.009040880039
17611.815472736493,0.01756765880054045,7491.379371273517,3052.0142925034324
17611.842672754035,0.020605850176387292,7491.393475737098,3052.0195441267447
17611.871525579067,0.025434266320265676,7491.408437257594,3052.0251148645534
17611.8994302025,0.030663587471852476,7491.4229070918345,3052.0305025289535
17611.95124084008,0.04053273608389586,7491.449773296993,3052.040505829013
17612.03349565043,0.0553986684885756,7491.492426209888,3052.0563871143254
17612.13262957057,0.07175552154433766,7491.543831719754,3052.075527320001
17612.27421161936,0.09275456474704488,7491.617248542223,3052.102863163707
17612.487029626394,0.1206012444921057,7491.727604494869,3052.143952830346
17612.799976761293,0.15611651313181604,7491.889882019135,3052.2043748392207
17613.253975040083,0.20016535970238522,7492.125301068558,3052.2920301616014
17613.909218627898,0.2536717287403121,7492.465075095781,3052.4185407065615
17614.851638435906,0.3170810525902289,7492.953763245205,3052.600497449213
17616.199661020386,0.38943152041760937,7493.652775155813,3052.8607653631107
17618.109939423703,0.46683091949862754,7494.643342670102,3053.2295898297216
17620.772166958624,0.5397992275334026,7496.02383054782,3053.743595203186
17624.35011881283,0.5890667575841017,7497.879163823596,3054.434401367486
17629.24398711064,0.578867955122997,7500.416860667435,3055.3792732733527
17632.791707550765,0.5137557679905426,7502.256517731768,3056.064239249606
17636.33942799089,0.38561110864173354,7504.096174868588,3056.749203835778
17637.615635813738,0.3165836569401714,7504.757947669422,3056.9956031708743
17638.891843636586,0.2269580036971758,7505.41972047963,3057.242002326194
17639.377766765512,0.18424730885308777,7505.6716941096,3057.3358201089027
17639.86368989444,0.13351344440320845,7505.92366774093,3057.429637865554
17640.084785129216,0.10631935713265665,7506.038315853108,3057.472324976966
17640.282257024293,0.0785767275283433,7506.1407141705295,3057.5104510984356
17640.40181261523,0.059470864578105895,7506.202709278072,3057.533533829108
17640.500385319858,0.04193213040144926,7506.25382378793,3057.55256536944
17640.56533565526,0.029583697754021684,7506.28750354314,3057.565105401436
17640.609421737903,0.02167846787470135,7506.31036421758,3057.5736171491626
17640.64647438541,0.017391539595232246,7506.329577730357,3057.5807709437836
17640.675143153272,0.017554488526412573,7506.344443813485,3057.5863060536144
17640.703811921136,0.020794271844970295,7506.359309896615,3057.591841163355
17640.733346574383,0.025790181736977735,7506.374624981403,3057.59754345042
17640.761174227733,0.031022052221958234,7506.389054907735,3057.6029161651018
17640.815489501194,0.04135456833684684,7506.417219891152,3057.6134028725746
17640.897968828183,0.05619489471900899,7506.459989240003,3057.6293272431208
17640.998758533286,0.07273785648295747,7506.512253367511,3057.6487868166387
17641.14356233913,0.09408015663864239,7506.587340843706,3057.6767442365444
17641.360959224887,0.12231874396115155,7506.700071192346,3057.7187172727977
17641.68036041947,0.15827327050846426,7506.865695497417,3057.7803843744978
17642.143500137023,0.20281080204371965,7507.105854881617,3057.869803193723
17642.811824888304,0.25684934442371765,7507.4524122068415,3057.998837237956
17643.772835679865,0.32078465789587524,7507.950740799052,3058.1843803456054
17645.146916948404,0.39354298079504585,7508.663265568817,3058.4496751174493
17647.09282330673,0.47101032947697313,7509.672308146731,3058.8253721782758
17649.80127977077,0.5432973039010248,7511.076768310725,3059.348294453771
17653.429425817558,0.590472369929709,7512.958130200192,3060.048780129212
17658.43002502033,0.5750108971441392,7515.551172787973,3061.014242776818
17661.930022967772,0.5062527692240067,7517.366084120337,3061.689983614698
17665.011174085754,0.3944635014773522,7518.963803995677,3062.284857030187
17666.469689933896,0.3168750497954897,7519.72011218321,3062.5664502233794
17667.677657791155,0.23286746193283586,7520.346499613523,3062.7996703617073
17668.235104762578,0.18439171340358293,7520.6355617580775,3062.9072955717993
17668.715436411283,0.1343363865671166,7520.884636027713,3063.000032248073
17668.9493304444,0.10557324099493613,7521.005920947951,3063.045189694763
17669.139925579824,0.07875753592061314,7521.1047533787905,3063.081987506628
17669.26008684828,0.05957056523081207,7521.167062578069,3063.105186794213
17669.35874267621,0.04202672970920008,7521.218220207553,3063.1242340696854
17669.423936251424,0.02963379419412307,7521.252026104664,3063.1368208570475
17669.468095168795,0.021708834337980397,7521.2749245546,3063.1453465267014
17669.50515478756,0.017401924673051385,7521.294141688438,3063.152501549482
17669.534027428548,0.017555831170662357,7521.309113494,3063.1580759295493
17669.562900069537,0.020827747132577283,7521.324085299567,3063.1636503095247
17669.592623328044,0.025865597874272898,7521.3394981898355,3063.169388916337
17669.62047136384,0.031104755866257654,7521.353938690023,3063.1747654777682
17669.675356186595,0.04154213490354479,7521.3823990202045,3063.1853619742824
17669.75790167594,0.05637903150420241,7521.425202690977,3063.201298856502
17669.859074530006,0.07296474518271305,7521.477665515721,3063.2208320834234
17670.00462666314,0.09438628996843734,7521.553141058371,3063.248933521027
17670.223083885732,0.12271491207514763,7521.666421276936,3063.2911105832336
17670.543978880778,0.15877020788017027,7521.832820239865,3063.353065074503
17671.009235738333,0.2034198266692651,7522.074077536252,3063.4428911731125
17671.68058955192,0.25758007461344934,7522.4222056817525,3063.5725079071185
17672.6459032832,0.32163489677512863,7522.922765707381,3063.7588787183363
17674.02601120023,0.39448414384386754,7523.638415802142,3064.02533267216
17675.9801456296,0.47196174568629806,7524.651725339784,3064.402612118645
17678.69924325595,0.5440824286574181,7526.061703889984,3064.9275802417437
17682.338765489174,0.5907612752796606,7527.948965462388,3065.630250746297
17687.36338961388,0.5740546776928759,7530.554466918802,3066.600335897069
17690.887438319245,0.5034828342916907,7532.381850269064,3067.2807089822045
17693.909480761144,0.39257014817970376,7533.948920052408,3067.8641607700924
17695.367401425377,0.314438627202536,7534.704919850461,3068.1456344266567
17696.551206234864,0.23160516778235365,7535.318777813982,3068.374185696109
17697.109071001876,0.18285666231475975,7535.608056697068,3068.4818898012522
17697.57972093171,0.13359005822744136,7535.852110623482,3068.5727557561086
17697.813505549337,0.10473698659959296,7535.973338845291,3068.617891337608
17698.000813379953,0.0782947744790461,7536.070466686805,3068.6540538829877
17698.12050093945,0.05913350742939914,7536.132530265734,3068.6771613334913
17698.218672301777,0.04163482588939778,7536.183436693497,3068.69611476328
17698.282921714384,0.02941464218079541,7536.216753009042,3068.7085190596645
17698.32672410847,0.02158236922831556,7536.239466592319,3068.716975757397
17698.36374586336,0.017359973380580897,7536.258664098089,3068.7241233526365
17698.391828306518,0.01755376890281158,7536.273226154002,3068.7295450819397
17698.419910749675,0.020705420695315134,7536.28778820992,3068.734966811156
17698.44903290202,0.025605938093854648,7536.302889403525,3068.740589271451
17698.476866142486,0.030830186280687368,7536.31732223624,3068.745962888244
17698.529849050097,0.040916613465672456,7536.34479634381,3068.7561920182616
17698.612195556278,0.05576837838214421,7536.387496846153,3068.7720902224914
17698.712098342476,0.07221184076420972,7536.439301098187,3068.791377923812
17698.85517406553,0.09337032032908336,7536.51349253077,3068.8190007932762
17699.07011775513,0.12139935324710091,7536.624950854704,3068.8604988248794
17699.386061461904,0.15711897976085662,7536.788782396738,3068.921496381861
17699.844302139267,0.2013949307682054,7537.0264015532675,3069.0099664323507
17700.505615814844,0.2551484900494984,7537.369323529694,3069.137642648322
17701.456662112752,0.3188019786786852,7537.862485384785,3069.3212558737705
17702.816776241336,0.3913414705961854,7538.567767994883,3069.5838453807232
17704.743587294237,0.46877152245571224,7539.566909408501,3069.95584349635
17707.427273093814,0.5414215145952733,7540.958525720545,3070.473966305666
17711.028587659428,0.5897126306517291,7542.825975430253,3071.1692488523004
17715.972636276878,0.5770664498050923,7545.389695544239,3072.1237620811557
17719.444513426548,0.5116510117614977,7547.190026079334,3072.7940517627253
17722.916390576218,0.3854379117289984,7548.990356682998,3073.464340127419
17724.199147559342,0.3159694226856892,7549.655526161765,3073.7119917254317
17725.481904542467,0.22559945153587252,7550.320695649887,3073.9596431437817
17725.96123786571,0.18329783434758595,7550.569252397997,3074.0521840691354
17726.440571188956,0.1331202857359226,7550.817809147414,3074.1447249694065
17726.661063009054,0.10595399071156686,7550.932144470308,3074.187293483858
17726.857253010316,0.0783492951279813,7551.0338781635755,3074.225170244621
17726.976558604376,0.0592591806518065,7551.095743695226,3074.2482035746166
17727.07489763798,0.041742195227177536,7551.14673708452,3074.2671890655397
17727.139390329135,0.029477529139124353,7551.18017956193,3074.2796401269475
17727.183303701087,0.021617218639715215,7551.2029506996205,3074.288118112038
17727.220338130635,0.017371218761568115,7551.222154783875,3074.2952680374565
17727.248622710744,0.017553410597315043,7551.236821661869,3074.300728703032
17727.276907290852,0.02073460136638811,7551.251488539867,3074.3061893685203
17727.306149878128,0.025663716966809788,7551.2666521894025,3074.3118349882857
17727.333973579473,0.030888914827350858,7551.281080080209,3074.3172066756215
17727.387365946688,0.04105105443380317,7551.308766520446,3074.3275146893775
17727.469750096,0.05589876348554974,7551.351486556043,3074.343419901229
17727.56992416813,0.0723726837355215,7551.4034314989385,3074.3627596622187
17727.71352780086,0.09358735071004866,7551.477896700896,3074.390483999304
17727.929221639148,0.12168049794154058,7551.589744047337,3074.432126177561
17728.24622254151,0.1574719353415068,7551.75412384666,3074.4933268414325
17728.705960524832,0.2018277133288551,7551.9925195016785,3074.5820845181456
17729.369416514273,0.2556680784624124,7552.336552476744,3074.7101722456514
17730.32350687126,0.31940711767994434,7552.831292975176,3074.894370160427
17731.687886539494,0.3920124056415743,7553.5387876906825,3075.1577788862132
17733.620526625375,0.4694519044827086,7554.540952047317,3075.530896281705
17736.31176811196,0.5419875062018441,7555.93648677772,3076.0504693310963
17739.921255604302,0.5899314594505386,7557.808175124265,3076.7473183862357
17744.8827548707,0.5764147715442518,7560.380945029484,3077.705185042048
17748.354976601062,0.5101883074417922,7562.181454815787,3078.3755302999857
17751.827198331423,0.3827760193382986,7563.981964670391,3079.0458742455407
17753.08586983817,0.3140759432791162,7564.634644909772,3079.2888718892846
17754.34454134492,0.22503685404362572,7565.287325158124,3079.5318693606723
17754.823716481613,0.1826604354224013,7565.535799957554,3079.6243782392294
17755.302891618307,0.13236184721071434,7565.784274758285,3079.716887092811
17755.521233081694,0.1053788819402998,7565.897495056373,3079.759039769258
17755.715771907984,0.07793625127173305,7565.998372570018,3079.7965971398103
17755.834585852597,0.058881080230480005,7566.059983177874,3079.8195351776085
17755.93251350042,0.04140201080336251,7566.110763260422,3079.838440937849
17755.996213013605,0.02928285095058992,7566.143794448371,3079.850738666792
17756.039796377314,0.02150742777335279,7566.166394468482,3079.8591528029497
17756.07678332414,0.017336721116781605,7566.185573936778,3079.866293445
17756.104472529314,0.017556926467754714,7566.199932089546,3079.8716390795053
17756.132161734487,0.02065425588605387,7566.2142902423175,3079.8769847139265
17756.161112882204,0.02551183387787481,7566.229302771546,3079.8825739769027
17756.18897675453,0.03073727794281538,7566.2437514974445,3079.8879533321183
17756.241308892582,0.04070313608213753,7566.270888167823,3079.898056491871
17756.32360171371,0.05556226190429316,7566.313560858948,3079.9139438130796
17756.423076179013,0.07195744044599212,7566.365143039251,3079.933148194212
17756.565319232523,0.0930269815145826,7566.4389027404995,3079.9606094086944
17756.779078603013,0.12095430403738411,7566.5497470098535,3080.001877443843
17757.0933525097,0.1565597908996588,7566.7127127857375,3080.0625506422575
17757.549228092998,0.2007085944423612,7566.9491056801835,3080.15056120607
17758.207156571752,0.2543233232409041,7567.2902724898895,3080.2775797179684
17759.15339001609,0.31783885676023754,7567.780938966096,3080.460257795603
17760.50675416648,0.3902697568260951,7568.4827218411365,3080.721535604742
17762.424327523506,0.4676771720103649,7569.477073706605,3081.091738187795
17765.09600236485,0.5404951480224589,7570.862462650996,3081.607525313419
17768.68417199729,0.5893147616909384,7572.723097273152,3082.3002475014573
17773.600439274163,0.5780051298308497,7575.27241307141,3083.249366308522
17777.097197762687,0.5131687544353263,7577.085646885535,3083.924437701315
17780.59395625121,0.3870178874521086,7578.89888076865,3084.5995077678813
17781.888520883163,0.31725786162230507,7579.570173488297,3084.849430849292
17783.183085515117,0.22636907245157878,7580.241466217392,3085.099353749031
17783.664673583775,0.18397684809275397,7580.491192313759,3085.1923269568692
17784.146261652433,0.13368694412725662,7580.740918411432,3085.285300139572
17784.368199370187,0.10640577851645608,7580.856003572383,3085.328146408509
17784.56576787414,0.07866229724268378,7580.958452148309,3085.3662880652896
17784.685438951627,0.0595471494784483,7581.020507239296,3085.389391205042
17784.784094878672,0.042000969832144935,7581.071664984886,3085.4084372567545
17784.849215082977,0.02962157210918043,7581.105432878487,3085.421009058154
17784.893360799895,0.021700733270055405,7581.12832451233,3085.429531623073
17784.930418870925,0.01739915344505878,7581.1475408679025,3085.4366858801786
17784.95923581434,0.0175554243281451,7581.162483810588,3085.442249143798
17784.98805275776,0.020818446982617846,7581.177426753277,3085.447812407328
17785.017722035336,0.02584432524200398,7581.192811671386,3085.453540218387
17785.04556327075,0.031081206956367253,7581.207248663521,3085.4589151161445
17785.100286325924,0.04148876417776231,7581.23562514559,3085.4694796911485
17785.18281269339,0.056326498005866116,7581.278418954908,3085.485411841914
17785.283876736863,0.07289997680256462,7581.330825422589,3085.504922787857
17785.42921607309,0.09429883178716923,7581.40619071548,3085.532981310345
17785.64737199091,0.12260160843293494,7581.5193148366,3085.5750974521998
17785.96784199931,0.15862776419222746,7581.685493634378,3085.6369658554436
17786.43249554618,0.20324461799118979,7581.926438390854,3085.7266696215365
17787.102984721816,0.25736871595910715,7582.274118621056,3085.856110977202
17788.067067509157,0.3213869344378732,7582.774040977142,3086.0422319919353
17789.44544592597,0.39420590291558366,7583.488795149219,3086.308334679806
17791.397206920632,0.47167315025098694,7584.500875229732,3086.6851313238353
17794.113203517052,0.543828687622576,7585.909247531031,3087.2094665606146
17797.749294332192,0.5906285020683146,7587.794732134484,3087.911428833469
17802.76713157218,0.5742392415760029,7590.396717558864,3088.880140582608
17806.28451336655,0.504136820114962,7592.220646105501,3089.5591823217937
17809.3211289284,0.3930069694463923,7593.795274715328,3090.145409535731
17810.778903189697,0.31502528537292546,7594.551199549284,3090.4268366217793
17811.968685800457,0.2318988340786635,7595.168158058744,3090.6565270574433
17812.52632464392,0.18322779405614992,7595.457320154259,3090.7641805439994
17812.999368405493,0.1337647273576758,7595.702615703043,3090.855502725271
17813.23313917922,0.10493841434645357,7595.823836898857,3090.900632699468
17813.421252968605,0.07840416148382533,7595.921382790445,3090.936948485757
17813.54105066465,0.05923728331868432,7595.983503558565,3090.9600756959803
17813.639336690874,0.04172802168576894,7596.034469509105,3090.9790500296017
17813.703806828606,0.029467457265647944,7596.067900323029,3090.991496130978
17813.747697169732,0.02161249467547817,7596.090659539617,3090.9999692572615
17813.784730482846,0.017369673811476975,7596.109863063053,3091.007118619139
17813.812986314308,0.01755342283639317,7596.124515047342,3091.0125734689373
17813.84124214577,0.02073031959023367,7596.139167031635,3091.018028318649
17813.870466188495,0.025655057831956384,7596.154321079242,3091.0236700835603
17813.8982911352,0.03088006067003031,7596.16874962943,3091.029041749862
17813.95162193611,0.04103078137630057,7596.19640417073,3091.039337376393
17814.034000398235,0.05587903363251883,7596.239121297527,3091.0552407161827
17814.134133784435,0.07234831317668233,7596.291045191818,3091.074571681372
17814.277658081322,0.09355441626540445,7596.365469324591,3091.1022793531415
17814.493239299947,0.12163773860247637,7596.477258377856,3091.143897763229
17814.810081116746,0.15741801666392294,7596.641555838751,3091.2050647367964
17815.26959309516,0.20176113427218015,7596.87983452426,3091.293774463374
17815.932724659924,0.25558731353895703,7597.223699594064,3091.421793327068
17816.886352078738,0.31931156537264105,7597.718200503428,3091.6058929082837
17818.250079066045,0.39190371533449614,7598.42535743967,3091.8691628181814
17820.181818355213,0.4693363405278704,7599.427055634698,3092.2420881653693
17822.87186928673,0.5418800323391657,7600.821974320197,3092.7614061125414
17826.479985163973,0.5898614263910309,7602.692953181223,3093.457956505844
17831.43889880546,0.5764487580043439,7605.264384737721,3094.415277474329
17834.910157303784,0.5103374073535616,7607.064396735298,3095.0854042340547
17838.38141580211,0.3831144586671645,7608.864408800309,3095.7555296962023
17839.64330795278,0.3143101333515782,7609.5187597093645,3095.9991372941677
17840.905200103454,0.2250892155183682,7610.173110627328,3096.2427447207524
17841.384305273867,0.18272879667616174,7610.4215493792735,3096.3352356051196
17841.86341044428,0.13245416309493824,7610.669988132503,3096.427726464787
17842.08202238547,0.10544797462749958,7610.783348792478,3096.469929312287
17842.276758515443,0.07798622789890641,7610.884328712163,3096.5075229506047
17842.395631896874,0.05892695097772698,7610.945970198678,3096.53047135015
17842.493609269735,0.04144338343693854,7610.9967761136995,3096.549385792861
17842.55740365402,0.02930683877233123,7611.029856527829,3096.5617012401653
17842.601028498917,0.021520823924583557,7611.052478079123,3096.57012297616
17842.638022341194,0.017340814812962946,7611.071661141045,3096.577264603066
17842.66577762341,0.01755613005955828,7611.086053571375,3096.582622734433
17842.693532905625,0.020662208466779686,7611.100446001708,3096.5879808657164
17842.7225070763,0.025525796683613888,7611.11547048353,3096.5935743021896
17842.750365493135,0.030750876900142693,7611.129916394064,3096.598952343345
17842.80279325128,0.040734423623686095,7611.157102673475,3096.6090734724944
17842.885093655976,0.05559235457741626,7611.199779337106,3096.624961487225
17842.984631027764,0.07199455381760549,7611.251394185836,3096.6441770810607
17843.126996158702,0.0930770177414147,7611.325217259273,3096.671660530732
17843.34092933956,0.12101907235699381,7611.436151761616,3096.712960118537
17843.655447942667,0.15664093399554685,7611.599244577198,3096.7736776131333
17844.11166936803,0.20080771376094475,7611.835817029084,3096.8617506737
17844.770091761966,0.25444164422596927,7612.177240277503,3096.9888583765573
17845.717025430018,0.3179754426688995,7612.6682703134775,3097.171662774747
17847.07136760064,0.39041895072832095,7613.370560997024,3097.4331167235323
17848.99027046489,0.46782411016052655,7614.365603208059,3097.8035580231926
17851.6636509882,0.5406081335689844,7615.751877928997,3098.3196494355398
17855.25360517524,0.589335103848881,7617.613439671972,3099.0126825749803
17860.174007031525,0.5778021045852458,7620.164901834968,3099.9625536025937
17863.663596031143,0.512939754099426,7621.974419626324,3100.6362082826067
17867.153185030762,0.38696569461775704,7623.783937485552,3101.309861655975
17868.448104730254,0.3171743195979068,7624.455414952665,3101.559841199224
17869.743024429747,0.22623080003038062,7625.126892429118,3101.809820562649
17870.22398026038,0.18387742614531363,7625.376290913555,3101.902667225748
17870.704936091013,0.13363979180331229,7625.625689399279,3101.9955138640444
17870.926790726066,0.10636359974711616,7625.740731585522,3102.038342023561
17871.12421763092,0.07863525173861492,7625.843106831381,3102.076454501976
17871.24385818296,0.059522212180213606,7625.905146151501,3102.0995506324607
17871.34248653759,0.041978667574003,7625.95628964732,3102.1185904410463
17871.40755226644,0.029609266997851373,7625.990029324381,3102.131151118664
17871.451678408284,0.021693571596933227,7626.012910829023,3102.1396694928567
17871.488735068702,0.01739671002290019,7626.032126471096,3102.146823131934
17871.51750329431,0.017555096453060737,7626.0470441652515,3102.1523767219455
17871.54627151992,0.020810386083770414,7626.061961859412,3102.157930311868
17871.575895026945,0.02582607562867858,7626.077323057697,3102.163649010325
17871.603731286872,0.031061165913407286,7626.091757483305,3102.1690226878586
17871.658316464192,0.04144329885772187,7626.120062495679,3102.1795601356007
17871.740826865145,0.056281806739717284,7626.162848065613,3102.195488434231
17871.841798293746,0.07284487447305518,7626.215206557078,3102.214980558465
17871.98695659461,0.0942244318708928,7626.290478044985,3102.243002777025
17872.20485609264,0.12250522463180279,7626.403469306012,3102.2850673830876
17872.524964464166,0.1585066128300625,7626.56946073323,3102.346862984527
17872.98910475541,0.20309565197497012,7626.810139567494,3102.4364633347714
17873.658858490096,0.25718911004485245,7627.157438761577,3102.565756463269
17874.621894491505,0.32117639397431513,7627.656818776607,3102.7516664098603
17875.99880260039,0.3939699641900283,7628.370811191985,3103.0174724091876
17877.94854683125,0.471429027039275,7629.381846430014,3103.393861532014
17880.661910839826,0.5436152838400858,7630.788854924493,3103.917663250098
17884.295096655922,0.5905197901876102,7632.672834907658,3104.6190308576624
17889.307143853694,0.574403700924081,7635.271820346516,3105.586578158053
17892.81881605258,0.504704714841205,7637.092789895966,3106.264484968996
17895.868041526668,0.39338919264656264,7638.673958814431,3106.8531182024726
17897.325739975226,0.3155344729281379,7639.4298450401375,3107.1345170980035
17898.520689416582,0.2321559880212928,7640.04948337264,3107.365193892967
17899.078157469266,0.1835499007798737,7640.338557174317,3107.472809225359
17899.553271338853,0.133917472510853,7640.584926401412,3107.5645266289735
17899.787037619266,0.10511346562617004,7640.706145380128,3107.6096535626607
17899.97585016117,0.0784995749532812,7640.804053699109,3107.6461024895393
17900.095744229773,0.05932774043904427,7640.866224498856,3107.669247190216
17900.194130461623,0.04180922032381988,7640.917242458264,3107.688239954211
17900.258795042995,0.02951310687160476,7640.950774131635,3107.700722992278
17900.302760330684,0.021638733915087468,7640.973572232788,3107.7092101784883
17900.339802531893,0.017378275849613205,7640.9927803830105,3107.7163609119148
17900.368216745872,0.01755355081052826,7641.0075145098435,3107.721846073686
17900.39663095985,0.02075410930989966,7641.022248636679,3107.7273312353714
17900.425962659243,0.02570385503950154,7641.03745852352,3107.7329935109915
17900.453784345205,0.03093052653594229,7641.051885396295,3107.7383642891914
17900.507466103896,0.04114605097922666,7641.079721951717,3107.7487271699024
17900.58987888813,0.0559911140454111,7641.122456915948,3107.7646363696144
17900.69024575001,0.07248651665717704,7641.174501926882,3107.7840114748756
17900.834224644568,0.09374086044436723,7641.249161859562,3107.811805569426
17901.050451476618,0.12187913460892943,7641.361285798321,3107.853546606777
17901.368202812464,0.15772083942956308,7641.526055041269,3107.9148862115467
17901.829002673636,0.2021320709811802,7641.76500177737,3108.00384028376
17902.49397615006,0.2560319965066,7642.109822286514,3108.132208552081
17903.45021922852,0.3198282931642448,7642.6056800007345,3108.316804204968
17904.817608196485,0.3924744574003653,7643.314736507181,3108.580768360916
17906.754344296554,0.46991089637578554,7644.319026719726,3108.954640357011
17909.45085226578,0.5423490343929503,7645.717294985843,3109.4751797974077
17913.065872845782,0.5900204581678662,7647.591856005656,3110.1730295828397
17918.0397266252,0.5758374722919161,7650.171037129022,3111.1331885865297
17921.51772653871,0.5088325008348816,7651.974546545703,3111.8045845076567
17924.99572645222,0.38007754648714914,7653.778056029261,3112.475979140072
17926.22974196669,0.3121987784457297,7654.417952174872,3112.714193727886
17927.46375748116,0.2245630351225866,7655.057848328899,3112.952408153557
17927.94323884477,0.1820829724690298,7655.306482385524,3113.044967219746
17928.422720208382,0.1316230096512641,7655.555116443422,3113.137526261461
17928.638943340666,0.10482337785984294,7655.667238496686,3113.1792659485486
17928.831910872756,0.07753493036461806,7655.7673014073,3113.216516373209
17928.950245326207,0.05851441907326981,7655.828663491012,3113.239359637135
17929.04777862254,0.041071798331206076,7655.879239178199,3113.2581874479038
17929.11074380827,0.02908792840793061,7655.91188964383,3113.2703422360028
17929.153980290346,0.02140070445508809,7655.934309831377,3113.2786885984624
17929.190905204563,0.017305429977222484,7655.953457168588,3113.285816576878
17929.21812552701,0.017567011757666354,7655.9675722099955,3113.2910711826516
17929.24534584946,0.02060728465620533,7655.981687251407,3113.296325788347
17929.27420023952,0.025436240147949304,7655.996649635173,3113.3018958340467
17929.302104360675,0.030665493145161985,7656.011119258986,3113.307282439942
17929.35392895102,0.04053709447033385,7656.037992792206,3113.317286648145
17929.436185222174,0.05540270286059435,7656.080646610061,3113.3331653811306
17929.5353288184,0.07176038665201533,7656.132057315164,3113.3523040387786
17929.676929131965,0.0927609528490545,7656.20548386261,3113.379638529834
17929.889773467214,0.12060918652425184,7656.315853849207,3113.4207259459786
17930.202756451097,0.15612566346135334,7656.478150523877,3113.4811440925355
17930.656803151967,0.20017497607655196,7656.7135954962605,3113.5687931205307
17931.31211237815,0.25368040960806265,7657.0534047345545,3113.6952937625097
17932.25461874325,0.3170860324487338,7657.542139456943,3113.87723475004
17933.60274897833,0.3894275727321774,7658.241209605027,3114.1374770152825
17935.51314411902,0.4668085081171522,7659.2318410754215,3114.5062582350984
17938.175444854314,0.5397415111746804,7660.612371678763,3115.0201860896586
17941.75319330845,0.5889462160192012,7662.46760588669,3115.7108298638286
17946.647838564702,0.5786252576783066,7665.005714375985,3116.6556834312146
17950.18716772088,0.5135941410765165,7666.841026499722,3117.338907617073
17953.726496877058,0.38579952342906976,7668.676338692439,3118.0221304730885
17955.005575109673,0.3166629948185949,7669.339602218437,3118.269040067288
17956.28465334229,0.2268423521341041,7670.002865753439,3118.515949487906
17956.76982482785,0.18418778071043665,7670.254450487979,3118.6096054889786
17957.25499631341,0.13353083910516525,7670.506035223814,3118.7032614650807
17957.4762085539,0.10632479782109662,7670.620744403871,3118.745963571252
17957.67367739578,0.0785843349702078,7670.723141490663,3118.7840823230126
17957.793243295648,0.05947806589972541,7670.785142157352,3118.807162938748
17957.891824010767,0.041938904755617255,7670.836260997037,3118.826192640952
17957.95679225031,0.029587367254010552,7670.869950152372,3118.8387338990888
17958.000883725184,0.021680782768817363,7670.89281370166,3118.8472451740654
17958.037937518657,0.01739236645535783,7670.912027874831,3118.854397917743
17958.066620301226,0.017554582707241036,7670.926901276444,3118.859934748624
17958.095303083795,0.02079642922010055,7670.941774678061,3118.865471579418
17958.124849614578,0.02579490796096671,7670.957095974653,3118.8711751452583
17958.152679067036,0.03102726434721195,7670.9715268835935,3118.8765472518203
17958.207030566573,0.041366310885750116,7670.999710748948,3118.8870390874454
17958.28951452754,0.0562062703593822,7671.042482647998,3118.902961520773
17958.39032917839,0.07275175046915688,7671.0947598910225,3118.922422449382
17958.535181249095,0.09409872608592382,7671.169872653395,3118.9503842147883
17958.752646796787,0.12234242030472882,7671.282638994668,3118.992363041835
17959.072143388647,0.1583021125009875,7671.44831333802,3119.054037593669
17959.535415933984,0.20284449559504053,7671.68854242658,3119.1434661547096
17960.203926983057,0.2568868221175276,7672.035197549125,3119.2725132203645
17961.165195468686,0.3208229808751688,7672.533661483304,3119.4580730881125
17962.53962346215,0.3935756385709353,7673.246368498665,3119.723387635435
17964.485971402348,0.4710243301154062,7674.255643529677,3120.0991031726185
17967.194916311088,0.5432683896569879,7675.660361806281,3120.622026833935
17970.82327649638,0.5903595228373284,7677.541841204781,3121.322429447271
17975.82548832976,0.574722818352275,7680.135728928382,3122.28803202497
17979.3275002408,0.5057249495064465,7681.9516908298865,3122.964041749883
17982.399043822446,0.3940854975045461,7683.544434218164,3123.5569550935875
17983.8568252327,0.3164442475108185,7684.300364159122,3123.838356595814
17985.060901278557,0.23262373334472886,7684.924735646275,3124.0707841454664
17985.618162348495,0.1841247673338239,7685.2137023833875,3124.1783543965166
17986.09693484158,0.134194526687693,7685.461969009869,3124.2707736690018
17986.330723796476,0.10542657852112164,7685.58319985792,3124.3159028299788
17986.520777112513,0.07867174289167994,7685.681751668203,3124.3525895318894
17986.6408463501,0.05949067383339824,7685.74401335871,3124.3757669436063
17986.739413604057,0.041955368476310706,7685.795125233745,3124.394793746275
17986.804432978213,0.02959442396335278,7685.828840915133,3124.4073446766965
17986.848529264433,0.021685933403870764,7685.851706966317,3124.4158567457657
17986.885584526175,0.01739411182072872,7685.870921906726,3124.4230096597043
17986.914301099252,0.017554781220517242,7685.885812834888,3124.428552925693
17986.94301767233,0.020801904975843784,7685.9007037630545,3124.434096191595
17986.97259408936,0.02580706149931011,7685.916040561786,3124.4398054362514
17987.00042610524,0.03104045331924416,7685.9304728043935,3124.445177952649
17987.05486860896,0.04139625377173689,7685.958703868413,3124.455687189155
17987.13736288708,0.05623560757473012,7686.001481130465,3124.4716113621344
17987.238238684025,0.0727878954025531,7686.0537900966565,3124.4910837861134
17987.383210082473,0.09414748199700403,7686.128964759156,3124.5190681434215
17987.60084479459,0.12240549644064154,7686.241818854778,3124.5610789607767
17987.92057960954,0.1583811746155447,7686.407616778886,3124.6227985219934
17988.38418956675,0.20294126794626474,7686.648020905133,3124.7122908001606
17989.053183070224,0.257002712544398,7686.994926309404,3124.84142895437
17990.015136384456,0.3209574296054277,7687.493745512439,3125.02711808191
17991.390522486225,0.39372373568816205,7688.206949570751,3125.2926133800174
17993.338176171914,0.4711726211003859,7689.216902001857,3125.668575028267
17996.048803758535,0.5433877407113171,7690.622493256785,3126.1918152348526
17999.67894118984,0.5903957912180519,7692.504894817034,3126.8925498455083
18004.6850005839,0.5745533576463343,7695.100778477499,3127.858879872289
18008.190856704452,0.5052582634507286,7696.918734340806,3128.5356209764914
18011.25255859536,0.3937629463837231,7698.5063748215925,3129.126625208223
18012.7101607511,0.3160354341459901,7699.2622120405185,3129.4079876694673
18013.910220396447,0.23240888460517378,7699.884501019718,3129.6396362638743
18014.467515649776,0.18386741953656843,7700.173485570493,3129.7472114170787
18014.944678060525,0.1340677753390768,7700.420917366914,3129.8393184369147
18015.178437457,0.10528612279220417,7700.542132924372,3129.884441180675
18015.36794190453,0.07859347357486955,7700.640400149755,3129.9210213557126
18015.487930581203,0.059416853100211275,7700.702620084469,3129.9441828512977
18015.586415823454,0.04188921168356676,7700.7536894480145,3129.963193523228
18015.651274046722,0.02955773997693456,7700.787321575123,3129.9757131487213
18015.695311579017,0.021664595605766456,7700.810157166508,3129.9842137422906
18015.732361515224,0.017386902816198972,7700.829369351214,3129.991365515473
18015.760938400188,0.017554069948643256,7700.844187848859,3129.9968817299873
18015.789515285152,0.020779446623015816,7700.85900634651,3130.002397944416
18015.818972187204,0.025757726762333306,7700.874281175607,3130.008084029017
18015.846796417187,0.030987365714472682,7700.888709385237,3130.013454957803
18015.900872207952,0.04127555514378982,7700.916750299432,3130.0238932418065
18015.98332610802,0.05611743732330877,7700.959506636523,3130.039809369558
18016.08395620983,0.07264222725645714,7701.011688213805,3130.0592340598964
18016.228448114744,0.09395090761395586,7701.086614258568,3130.087125419155
18016.445402982452,0.12215099218371038,7701.199115856287,3130.1290043435497
18016.764179758407,0.1580617393738983,7701.364417041233,3130.190538001168
18017.226431760442,0.20254948183212748,7701.604117075103,3130.279766742133
18017.89348180011,0.25653211083625926,7701.950014804801,3130.4085277136523
18018.852673086625,0.32040892633889834,7702.4474019144,3130.593680760363
18020.22418810889,0.3931148412209945,7703.158598847326,3130.8584246411433
18022.166550684608,0.4705537094728347,7704.165807888518,3131.233359026312
18024.87031921577,0.54286980569951,7705.567842817746,3131.755266995955
18028.493057374275,0.5901871927887384,7707.446408067683,3132.4545623076956
18033.48363756263,0.57512641917048,7710.034265796487,3133.4178892140208
18036.97476286904,0.5069516291291537,7711.844583568693,3134.091776227133
18040.07286392989,0.39493938836134485,7713.451099265543,3134.689797250218
18041.53107405068,0.3175368710439832,7714.207251972739,3134.9712726477346
18042.74598132624,0.2331980155806298,7714.837240357256,3135.205783610792
18043.303141782493,0.18481497028207405,7715.1261550967365,3135.313331054823
18043.786259633598,0.13453372514670514,7715.3766751530065,3135.4065861930408
18044.020121793295,0.1058036416666859,7715.497944034902,3135.451728064172
18044.21165787411,0.07888119181199081,7715.597264790534,3135.488699826036
18044.331941903674,0.05968857330853464,7715.659637898907,3135.511917969068
18044.430730074055,0.04213274071105146,7715.710864360863,3135.530986815875
18044.496188491645,0.029691665625417352,7715.744807728052,3135.5436220987917
18044.54043696677,0.021743215374210926,7715.767752710454,3135.5521632766227
18044.57750298869,0.017413991541706687,7715.786973242202,3135.559318042449
18044.606616236117,0.01755799470922552,7715.802069874312,3135.564937703077
18044.635729483543,0.020868508384670127,7715.8171665064265,3135.5705573636164
18044.66570403328,0.025961279000870054,7715.832709765606,3135.5763432791887
18044.69359973914,0.031213652303207315,7715.84717504332,3135.5817279204193
18044.749230125883,0.04178785795412975,7715.876022099493,3135.592466120372
18044.831871142196,0.056621445950752324,7715.9188754783945,3135.6084181166834
18044.933549684116,0.07326311864581704,7715.971600738582,3135.628044879721
18045.080090964955,0.09478867488642102,7716.047589506954,3135.6563313868432
18045.299948041134,0.12323498503154397,7716.161596074751,3135.6987698594453
18045.622813388632,0.15942135222753726,7716.329017432631,3135.7610917570205
18046.09086107707,0.20421581603402442,7716.5717228839385,3135.8514378225086
18046.76620360046,0.2585315795826381,7716.921920773932,3135.98179744695
18047.737175052,0.3227356520024424,7717.425416621935,3136.169221476621
18049.12518941782,0.3956908305622112,7718.145169481493,3136.4371460160405
18051.090077982186,0.47315860689116024,7719.1640596476,3136.816422626635
18053.822975246567,0.5450212372346026,7720.58119966594,3137.3439450052083
18057.47681095751,0.590984306862661,7722.47589107896,3138.0492319503774
18062.532750382903,0.5725201355592,7725.0976415374535,3139.0251596949306
18066.086879149756,0.4994464376176584,7726.940630220552,3139.7111973388464
18069.02588401404,0.3898514264894211,7728.464647284515,3140.278499357303
18070.482754787277,0.3109671417318535,7729.220105703915,3140.559711802945
18071.63252247475,0.2298213428954766,7729.816316231049,3140.7816455261586
18072.191045831823,0.18068111291572284,7730.105937788288,3140.889454357558
18072.648099750437,0.13253456310218217,7730.342942502014,3140.977677051688
18072.88171680527,0.10355605396063997,7730.464084321715,3141.0227709044625
18073.064433997388,0.07763888457853396,7730.558832084062,3141.058039824522
18073.183448269883,0.058515166820952445,7730.620546780382,3141.0810125096364
18073.28094510185,0.04107960393613513,7730.671103635941,3141.0998317977956
18073.343939811246,0.029090305131529475,7730.703769460689,3141.1119913266034
18073.38717413592,0.021403049411096425,7730.726188563614,3141.1203366147447
18073.424101940574,0.017306067270561144,7730.74533742878,3141.1274645892395
18073.451330342774,0.017566772320182878,7730.759456681399,3141.132720340423
18073.478558744973,0.02060787746592928,7730.77357593402,3141.1379760915293
18073.507413888223,0.025437068320507253,7730.788538731108,3141.1435458435717
18073.535317865553,0.030666300918860974,7730.803008302346,3141.1489319971242
18073.587148313607,0.04053892437852919,7730.829884913944,3141.1589365474642
18073.669405270735,0.05540439801925535,7730.872539152379,3141.174814161289
18073.768552991492,0.07176242589360358,7730.923952074436,3141.1939521065683
18073.91016106781,0.09276362291731412,7730.997382758914,3141.221285941561
18074.123016593676,0.12061249022118149,7731.107758716234,3141.262372279388
18074.43601477306,0.15612943199696264,7731.2700635173105,3141.3227885972333
18074.890081915557,0.20017885728207507,7731.505519447691,3141.410434663288
18075.545418707075,0.25368374783988124,7731.845343496627,3141.5369306571297
18076.487961138875,0.3170875529106354,7732.334097664384,3141.7188642698984
18077.836135608395,0.38942488841396744,7733.033191812814,3141.9790945698633
18079.746577157115,0.46679728991415065,7734.023848853519,3142.3478556983237
18082.408901928142,0.5397141455438865,7735.40439401792,3142.8617477211246
18085.986545610154,0.5888903052560107,7737.2595767137145,3143.552316905194
18090.88152575898,0.5785140828617573,7739.7978627132015,3144.4971607753428
18094.417156021394,0.5135170504192872,7741.631259563757,3145.179617264786
18097.952786283808,0.38587343151992515,7743.464656481784,3145.8620724504735
18099.233052246633,0.3166914945776619,7744.12853690906,3146.109191901359
18100.513318209458,0.2267892827137109,7744.792417345179,3146.3563111813924
18100.99815743222,0.18415928133287676,7745.043830166386,3146.4498956912075
18101.48299665498,0.13353592151319985,7745.295242988861,3146.5434801765255
18101.704253324053,0.10632523193712225,7745.409975381076,3146.5861875041905
18101.901715275442,0.07858627816714814,7745.512369049925,3146.6243019318445
18102.021284069073,0.05947995410398343,7745.574371311089,3146.647381293273
18102.11986694495,0.04194073499704178,7745.6254913486655,3146.6664099178834
18102.18484026861,0.02958834776335484,7745.659183191393,3146.6789511723346
18102.22893311645,0.021681434622938013,7745.682047487262,3146.6874620438252
18102.265987348364,0.01739261079759027,7745.701261916893,3146.6946143103396
18102.29467385136,0.017554618586120764,7745.716137270256,3146.7001514244703
18102.323360354356,0.02079698894461182,7745.731012623623,3146.705688538515
18102.352909998222,0.02579612009085892,7745.746335557709,3146.7113922572826
18102.380740117493,0.03102862381162937,7745.760766834283,3146.7167640706225
18102.435101061696,0.04136934172812618,7745.788955639848,3146.727256905236
18102.517586401264,0.05620918777533488,7745.831728318554,3146.743178354115
18102.61840771809,0.07275528751985663,7745.884009097397,3146.762639040957
18102.763272599223,0.09410341635051482,7745.959128616368,3146.7906010829915
18102.980756407196,0.12234832392658967,7746.071904597282,3146.832580137806
18103.300278110684,0.15830912029392616,7746.23759221316,3146.8942546931958
18103.763585153734,0.20285231863311431,7746.4778395542835,3146.983682890217
18104.432143826394,0.25689484365023557,7746.824519896934,3147.1127290148847
18105.39347674025,0.32082986827949056,7747.3230179950515,3147.2982867491
18106.767988385374,0.39357874232264156,7748.035769466864,3147.5635966142986
18108.714435783782,0.4710186648019505,7749.0450975994245,3147.9393018592164
18111.423470961792,0.5432449785519002,7750.449864810505,3148.462201911915
18115.051784449075,0.5903035957155439,7752.331322839373,3149.1625405740724
18120.05443367561,0.5746016541339748,7754.9254412934115,3150.1281518781957
18123.55709285259,0.505515194062783,7756.741741577228,3150.8042335690725
18126.624926165594,0.3939349047714534,7758.332563414392,3151.3963843208326
18128.082387303857,0.31627544430481086,7759.088328419652,3151.6777019706383
18129.284961797057,0.23252729235351374,7759.711922220433,3151.9098214962473
18129.842137449894,0.18402051892228882,7760.000845100627,3152.0173668397742
18130.320308642476,0.13413851417936384,7760.248800297923,3152.1096628160717
18130.554052101,0.10536927250820975,7760.370007736779,3152.154779663156
18130.743895918713,0.0786379653349236,7760.4684510606,3152.1914230566094
18130.863928746494,0.05945928269013227,7760.530693964772,3152.214591626553
18130.96246132467,0.0419273334624709,7760.581787935825,3152.233610247019
18131.02741274655,0.029578887582811884,7760.61546843149,3152.2461470790995
18131.071484095464,0.02167694770441186,7760.638321585955,3152.254653668621
18131.10853745917,0.017391085019830783,7760.657535571128,3152.2618056563933
18131.13719413312,0.017554460548217268,7760.672395461122,3152.2673369269055
18131.16585080707,0.020792165268215715,7760.687255351118,3152.272868197332
18131.195374500017,0.025785466099105703,7760.702564832967,3152.2785668184433
18131.22320279788,0.03101712835147952,7760.71699516937,3152.2839381967306
18131.27748438561,0.041343207237838756,7760.745142833151,3152.294415550994
18131.359960955506,0.056183579339318605,7760.787910977155,3152.310335059719
18131.460729121965,0.07272371265176435,7760.840164210573,3152.3297851851075
18131.605490227423,0.09406079452701921,7760.915229939251,3152.3577267619526
18131.822826932217,0.12229311816031964,7761.027929673706,3152.3996767707445
18132.142141244523,0.15823977065280234,7761.1935097966725,3152.4613103373717
18132.60515414517,0.20276714420244918,7761.433604682431,3152.550680369836
18133.27329158013,0.2567923250179454,7761.780066696413,3152.6796431827656
18134.234025339876,0.3207100038013112,7762.278254252883,3152.865082386414
18135.60769624131,0.393444988443119,7762.990569971058,3153.130225851583
18137.55299223814,0.4708813668580994,7763.999301347254,3153.5057030205926
18140.26052901177,0.5431272367402447,7765.403291982075,3154.028305736703
18143.887204835053,0.5902490813470308,7767.283901363927,3154.7283174333065
18148.886513261186,0.574709537516619,7769.876288223469,3155.693268930988
18152.385950285385,0.5058588235139352,7771.690918204718,3156.3687182146246
18155.46130076353,0.39417122435412455,7773.285638535826,3156.96231072655
18156.918818092636,0.3165824338164103,7774.041432904162,3157.2436348640617
18158.12446355098,0.23268632409379966,7774.666619337251,3157.4763435391114
18158.68158290805,0.18421457204418346,7774.955513111461,3157.5838763509028
18159.160985658396,0.13423263452707074,7775.204107005923,3157.676408607674
18159.39474084737,0.10547509352099008,7775.325320563729,3157.721527020151
18159.58500326814,0.07869632854667838,7775.423980983163,3157.75825064302
18159.705095622397,0.05951449535287652,7775.486254773294,3157.78143034368
18159.80368968593,0.041976844291552545,7775.537380642758,3157.8004605372307
18159.868762347753,0.02960625951805178,7775.571124017335,3157.8130205763523
18159.912877250474,0.021692939618229826,7775.593999763401,3157.821535440694
18159.94993444878,0.01739653060145573,7775.613215742731,3157.8286880578407
18159.978697130515,0.0175550872610163,7775.628130607402,3157.8342397038446
18160.00745981225,0.020809389120124804,7775.643045472078,3157.839791349764
18160.037077877612,0.025823779602788574,7775.658403895227,3157.8455080979666
18160.06491440201,0.03105874721399757,7775.672838501795,3157.8508809809164
18160.119483065,0.041437701812174814,7775.701135036603,3157.861413582913
18160.201992178834,0.0562762069506539,7775.743920068989,3157.8773391265795
18160.302953144612,0.07283785641200814,7775.796273293909,3157.8968261640143
18160.44809061963,0.0942147977144125,7775.871534211086,3157.924839953309
18160.665960804952,0.1224924205099629,7775.984510615021,3157.9668922824594
18160.9860266425,0.1584897499593327,7776.150480490134,3158.0286699506146
18161.450104466152,0.20307344528023846,7776.391127662404,3158.118244145671
18162.119765344407,0.2571597200607152,7776.73837975992,3158.247499009508
18163.082662953882,0.32113727701000977,7777.237689527379,3158.4333529976966
18164.459363975737,0.39391757127447297,7777.951576724326,3158.699077216511
18166.40879576396,0.47135835514039837,7778.962453012422,3159.0753468417306
18169.121678357205,0.5435192749801776,7780.369216136092,3159.598973289341
18172.75405997411,0.5903893091504904,7782.252784812998,3160.300075451401
18177.76547985438,0.5742195219595135,7784.851452829975,3161.2673496965276
18181.27699991036,0.5044535394474092,7786.6723489988435,3161.9451207175193
18184.322410819823,0.3932053047389877,7788.251544662332,3162.5329253179325
18185.77953720894,0.31534584470342725,7789.007136533682,3162.8141696523535
18186.972953351484,0.23204175597232604,7789.625981649289,3163.044514318062
18187.530241125623,0.1834353959640785,7789.91496284187,3163.1520779762204
18188.00474222829,0.13385183633802947,7790.161015064113,3163.243662724179
18188.238428757057,0.10505022480586931,7790.282193054211,3163.28876718794
18188.427023855613,0.07846062416020513,7790.379988914142,3163.325168429696
18188.54687450112,0.05929196358830749,7790.442137384856,3163.348301119759
18188.645221591938,0.041777339453877675,7790.493135201967,3163.367283350754
18188.70981078822,0.02949517992994248,7790.526627885835,3163.3797498810804
18188.753746431168,0.02162856731184828,7790.549410683661,3163.388230014615
18188.79078591348,0.0173749758159394,7790.568617482078,3163.3953791019667
18188.819136772014,0.01755348091299624,7790.583318800536,3163.400851175223
18188.847487630548,0.020744384005862895,7790.598020118999,3163.4063232483963
18188.87677440441,0.025683651231165033,7790.613206755725,3163.4119759649425
18188.904597772,0.03090962186684461,7790.627634544125,3163.417346225549
18188.95813445881,0.04109821684010797,7790.655395956785,3163.427679480607
18189.040533461543,0.05594443651211166,7790.698123903833,3163.4435835256945
18189.14080442151,0.072428836683764,7790.7501193422495,3163.462937082627
18189.284596064626,0.09366286309151055,7790.824682401546,3163.490690677196
18189.500557269803,0.12177778754424556,7790.93666893865,3163.5323739004034
18189.817933055747,0.15759282807383904,7791.101243938574,3163.5936314018636
18190.278198688444,0.20197356859444004,7791.339914373195,3163.6824684148332
18190.942404274567,0.2558389506726181,7791.684337735644,3163.810668346261
18191.897549762267,0.3195985334042685,7792.179627793588,3163.99502321415
18193.263387541174,0.39221061934745305,7792.88788207467,3164.2586465998033
18195.197974517137,0.4696256599741875,7793.891060894459,3164.6320452032182
18197.89162105742,0.542074225683514,7795.287849591465,3165.1519508091424
18201.503270706016,0.5898199264446871,7797.16066827589,3165.8490406879932
18206.471073695626,0.5758568923005294,7799.7367195471925,3166.807881549832
18209.945241944926,0.5091360921336106,7801.538247494501,3167.478432896202
18213.419410194227,0.3808876072864987,7803.339775505923,3168.1489830013506
18214.661300692875,0.3127469250995191,7803.983757148123,3168.3886803040687
18215.903191191523,0.22465714228964073,7804.62773879851,3168.6283774482686
18216.382359675394,0.18222524893484532,7804.876211360392,3168.7208616605835
18216.861528159265,0.13183591014447357,7805.124683923492,3168.8133458493044
18217.078386755646,0.10498117637863769,7805.237135833996,3168.8552016647686
18217.271800964318,0.0776497003208717,7805.33743066986,3168.8925324816123
18217.39027210591,0.05861980353163745,7805.398863817926,3168.9153985582625
18217.487918642102,0.04116702604471427,7805.449498377889,3168.9342452834885
18217.551093285605,0.029144691715425938,7805.482257556062,3168.9464385997376
18217.594431983376,0.02143164913639384,7805.504730815018,3168.9548033866754
18217.63137699642,0.017314345236519466,7805.523888632127,3168.9619341306015
18217.658721604406,0.01756347346955228,7805.538068164238,3168.9672119036463
18217.68606621239,0.020617681692020905,7805.552247696354,3168.9724896766143
18217.71493474613,0.025451572866880427,7805.567217459376,3168.9780615818604
18217.742830011957,0.03067985125279879,7805.581682534835,3168.983445636939
18217.794757118318,0.040570357787932165,7805.608609308605,3168.993468068576
18217.877021028293,0.05543447893958173,7805.65126721601,3169.009345794917
18217.976231834607,0.07179951304156648,7805.7027129276785,3169.0284944344257
18218.11796213933,0.09281359300146196,7805.776207103072,3169.055849744188
18218.330991894087,0.12067713110247101,7805.886673571195,3169.0969665285706
18218.644235179512,0.15621028774086212,7806.0491057137715,3169.157425476368
18219.098648237647,0.20027734700111327,7806.2847413694135,3169.2451315215603
18219.754478387513,0.25380081210694494,7806.624821755455,3169.3717129450883
18220.697719079923,0.31722177737190316,7807.113938734131,3169.5537672449664
18222.04686646819,0.38956980790511925,7807.813538430569,3169.81416518515
18223.958625370055,0.4669366750433153,7808.804880059614,3170.1831520376513
18226.622626962184,0.539814014463429,7810.186296794393,3170.6973279441495
18230.20197872198,0.5888883371785523,7812.042367974304,3171.388173395025
18235.101168006873,0.578272278682161,7814.582840395181,3172.333756626875
18238.623882763008,0.5133757362600118,7816.4095426409785,3173.013667599725
18242.146597519142,0.3862714849064253,7818.236244952435,3173.6935773008563
18243.431984254068,0.31689161727668175,7818.902781740092,3173.941666021087
18244.717370988994,0.22664531538155677,7819.569318536485,3174.1897545720935
18245.20110087299,0.18409902136483688,7819.820156483809,3174.283117749426
18245.684830756985,0.13359224545208218,7820.070994432371,3174.376480902796
18245.906339851546,0.10635638500175447,7820.185857890068,3174.4192336546594
18246.103855300888,0.07861455226952056,7820.2882794522775,3174.4573554666467
18246.223460864196,0.05950553201452464,7820.350300872392,3174.4804401439656
18246.32207179998,0.04196388457271233,7820.401435536313,3174.4994727160133
18246.387102500827,0.029601089350613938,7820.435157181979,3174.5120240769306
18246.43121537232,0.02168896190257602,7820.4580318950475,3174.5205381564033
18246.468271670306,0.017395191978468134,7820.477247424565,3174.527690269802
18246.49700756752,0.01755492231604518,7820.492148413363,3174.533236490094
18246.525743464732,0.02080497700902077,7820.5070494021675,3174.5387827103027
18246.55533698385,0.02581387263677591,7820.522395110495,3174.544494457182
18246.5831713101,0.031047952340030407,7820.53682859002,3174.5498666680046
18246.63766565009,0.04141317870056405,7820.565086609768,3174.560384439264
18246.720166390176,0.0562521107856136,7820.607867337904,3174.57630763205
18246.821077580997,0.0728081277907509,7820.660194798482,3174.5957841636045
18246.966117733533,0.09417463430427203,7820.735405315886,3174.623777876694
18247.183850064186,0.12244033856824547,7820.848310335551,3174.665801659084
18247.50372131379,0.1584241711541341,7821.01417945438,3174.727538920746
18247.967522691957,0.2029925988915495,7821.254683489396,3174.817055628256
18248.63678698358,0.25706186968227035,7821.601730245042,3174.9462279866393
18249.599119227107,0.3210219036962478,7822.100747284984,3175.131964284273
18250.975024321204,0.3937870507298333,7822.81422238685,3175.397522631057
18252.92336028868,0.47122094061000996,7823.824531333568,3175.773563409453
18255.634801849283,0.543394229838376,7825.230548456847,3176.2968875963124
18259.265553756315,0.5903138819413383,7827.113273716588,3176.997642915771
18264.273862935057,0.5742787384773682,7829.710330980544,3177.9642722420713
18267.782390537785,0.504713068389587,7831.529677024452,3178.641434515204
18270.833820253738,0.3933785391159094,7833.11199513497,3179.230373731519
18272.290834385152,0.3155840807602459,7833.867529463079,3179.511583465133
18273.48671975661,0.23215980049561674,7834.4876555437495,3179.7423941097177
18274.04389756487,0.18358682837514217,7834.776579968945,3179.849931598291
18274.519388415374,0.13392223654446914,7835.023145642152,3179.941703160593
18274.75306258685,0.10513242460095261,7835.144317331463,3179.9868031656565
18274.94199061375,0.07850484313999741,7835.242285917731,3180.0232669903244
18275.061885352457,0.0593340488925227,7835.304457307881,3180.046407127051
18275.16027916074,0.04181514962808621,7835.355479395388,3180.0653975020236
18275.22495939582,0.02951637511656471,7835.389019316999,3180.0778810300626
18275.268929626927,0.021640803505126052,7835.411820070639,3180.0863674493917
18275.30597315645,0.01737901663784912,7835.431028984708,3180.0935169892114
18275.334398806663,0.017553606265339777,7835.445769099366,3180.0990032459804
18275.362824456875,0.02075575012622836,7835.460509214027,3180.104489502667
18275.392164231394,0.025707236290930083,7835.475723347651,3180.110152188673
18275.419986959627,0.030934176151271107,7835.490150817261,3180.115522079002
18275.473694269436,0.04115424456391061,7835.518000730969,3180.1258877899018
18275.55611039226,0.05599895262507214,7835.560737593392,3180.141794408107
18275.656495096842,0.07249603448983384,7835.612792059996,3180.16116902848
18275.80050821617,0.09375349025542806,7835.687470031613,3180.1889640929467
18276.016783911866,0.12189506307898416,7835.799619746655,3180.230706097844
18276.33460254069,0.15773981141665575,7835.964424528066,3180.292046253728
18276.79549494729,0.20215336750992496,7836.203420187021,3180.3810001528536
18277.46059640256,0.25605406022637117,7836.548308406498,3180.509367097738
18278.417013071063,0.3198477124925964,7837.04425807249,3180.693958835126
18279.78462841465,0.3924843984774557,7837.753434734918,3180.957913182279
18281.721636114686,0.46989844249292306,7838.757869706548,3181.3317618371416
18284.418398200592,0.5422908539172198,7840.156275202232,3181.852244871115
18288.033330999555,0.5898779848824708,7842.030798016378,3182.549936397357
18293.008397961297,0.5755257029222391,7844.610618291399,3183.510135213393
18296.48708821681,0.5083198526924009,7846.414492712569,3184.181528551917
18299.615599646066,0.39591550072889226,7848.036781998994,3184.785335709206
18301.07453986319,0.3187823054061693,7848.79331531915,3185.0669129065404
18302.301819001215,0.23386295721099676,7849.429720815939,3185.303779072385
18302.85898032592,0.1856050063702332,7849.718636777969,3185.4113117441348
18303.347066816284,0.13492645547632623,7849.971733991307,3185.505512880455
18303.58104606468,0.10623653020269688,7850.093063913631,3185.5506710794975
18303.774286235257,0.07912257667176935,7850.193268590319,3185.587966596787
18303.89481780218,0.05991697475879352,7850.25577022586,3185.611229289803
18303.99386259917,0.04233747656041079,7850.307129898423,3185.630345017183
18304.05984008488,0.02980192944550898,7850.341342519058,3185.6430787257013
18304.104254643644,0.021809460324406765,7850.364373685436,3185.6516507714955
18304.141326324676,0.017437955620267835,7850.383597203081,3185.6588056357896
18304.17093714574,0.01756401092226346,7850.398951892309,3185.664520548001
18304.200547966804,0.0209569143495031,7850.4143065815415,3185.6702354601234
18304.23113660919,0.02618160118626385,7850.430168319957,3185.676139092448
18304.25923604706,0.031482023975644514,7850.444739281546,3185.681562306237
18304.31668251041,0.04238844839497185,7850.474528141208,3185.692649518962
18304.399592803864,0.057220195815911506,7850.51752126827,3185.708651270385
18304.502516802382,0.07399939386890925,7850.570892500786,3185.728515681551
18304.651505044287,0.09578194144545409,7850.648150343715,3185.757270525343
18304.874815082858,0.12451824128200659,7850.76394774958,3185.8003695280854
18305.202542403633,0.1610285334109875,7850.933890730763,3185.8636211344065
18305.677485519405,0.20618292353705137,7851.180172454004,3185.9552854746325
18306.36269019029,0.26088756897881504,7851.535485295699,3186.087530395763
18307.34766093181,0.3254693889235295,7852.046241819962,3186.2776302685115
18308.755258319154,0.398702778312692,7852.776151377183,3186.5492971357344
18310.746823637648,0.476175657956026,7853.8088774946345,3186.933669706817
18313.5140428358,0.5474521871790677,7855.243818935322,3187.4677429887615
18317.203659213264,0.5917371997090842,7857.157069470887,3188.1798377089276
18322.334804921957,0.5690870985765436,7859.8178251451645,3189.170144808261
18325.91837833618,0.49127048549866636,7861.676087267611,3189.8617700837767
18328.69995092515,0.3841359659832674,7863.11847187965,3190.398609285556
18330.147625356472,0.30406671485468684,7863.8691635480145,3190.6780078984093
18331.23292755825,0.22611710627958448,7864.431947080902,3190.8874691705423
18331.790313026908,0.1763861415283729,7864.72097935718,3190.9950434653233
18332.221788521507,0.1303461511202498,7864.944721008149,3191.078317362126
18332.454146635147,0.1012237392587971,7865.065210326282,3191.123161999764
18332.628187165217,0.07629848782629955,7865.155459057046,3191.156751460232
18332.745804011192,0.05725574551960702,7865.216449282007,3191.179451265238
18332.842019009557,0.0399344786813352,7865.266341577218,3191.1980205574246
18332.90272085782,0.028371907547326505,7865.297818525586,3191.2097358859005
18332.944552497134,0.021033349641611864,7865.319510325577,3191.2178093036982
18332.98117874756,0.017211787861806143,7865.338502870739,3191.2248780923182
18333.007502507346,0.01764979607629775,7865.35215305854,3191.2299585220203
18333.033826267132,0.020649992416691982,7865.365803246346,3191.2350389516528
18333.06332818572,0.025606636269358593,7865.381101468663,3191.2407327590877
18333.091227313358,0.030843349599175427,7865.395568563606,3191.2461172312032
18333.144251293354,0.040936955673951315,7865.423064152826,3191.256350746006
18333.226603476956,0.05578762303944051,7865.465767884485,3191.272244540853
18333.326549218655,0.07223538948252337,7865.517594757208,3191.2915338537628
18333.469706958585,0.09340171925839351,7865.59182921532,3191.31916298751
18333.68476788696,0.12143932483545869,7865.703349078064,3191.3606692769918
18334.000874191668,0.15716746009162016,7865.867266029758,3191.421677094917
18334.45934046381,0.20145108753550034,7866.105003755828,3191.5101600538237
18335.120969479914,0.2552100434231544,7866.448091542728,3191.637852927633
18336.072450063202,0.31886315648092456,7866.941481890348,3191.821486407522
18337.43314462148,0.39138989562531584,7867.647070192115,3192.0840970478266
18339.36068604274,0.4687828998182668,7868.646597008955,3192.456107391456
18342.04515615346,0.5413509041739614,7870.038629313604,3192.974202322841
18345.646723314476,0.5894842603048598,7871.90622246504,3193.669293174646
18350.59370974948,0.5765137204403933,7874.471483078062,3194.6240434702377
18354.06171763764,0.5108581493702714,7876.269819203338,3195.293354838174
18357.5297255258,0.3843464882375495,7878.0681553912555,3195.962664990653
18358.803522871433,0.31516508966316414,7878.728683276753,3196.208501927882
18360.077320217064,0.22527863289430536,7879.389211170697,3196.454338701223
18360.556171222877,0.18297842536816586,7879.637519467343,3196.5467546044288
18361.03502222869,0.13279293653516508,7879.885827765182,3196.6391704844787
18361.25463309916,0.10570157670367313,7879.999707032349,3196.6815542905224
18361.45009936185,0.07816944567084895,7880.1010661078335,3196.719278303221
18361.569189925034,0.059095561342612866,7880.162820546868,3196.742262185382
18361.6673508872,0.041595573894794034,7880.213721936518,3196.761206758308
18361.73149971659,0.029394259104359128,7880.246986326871,3196.7735871598247
18361.775273362593,0.021570165526738735,7880.269685161167,3196.7820352531608
18361.812290765087,0.017356232448132194,7880.2888805438315,3196.7891794253574
18361.840303666246,0.01755411828505451,7880.303406640241,3196.794585774066
18361.868316567405,0.020695581367844485,7880.317932736654,3196.799992122696
18361.897402377817,0.025587043084784756,7880.333015190416,3196.8056055373168
18361.925242161735,0.03081146324628549,7880.347451516852,3196.810978475032
18361.97809468253,0.04087345530680267,7880.374858203833,3196.8211787444443
18362.060431099068,0.0557263479602803,7880.417553771857,3196.8370692561703
18362.160249213084,0.07215972250455677,7880.469314478238,3196.856333646125
18362.303159222312,0.0932996099214987,7880.543420497053,3196.883914551641
18362.51786787984,0.1213069800008991,7880.654757721992,3196.9253522275226
18362.833477560955,0.1570011792885475,7880.818417196915,3196.986263277909
18363.291240237093,0.20124697044073472,7881.055790142011,3197.074609109675
18363.95186208423,0.2549645818153018,7881.3983557606225,3197.2021056762123
18364.901910618883,0.31857655653573014,7881.891003662027,3197.3854600047407
18366.260596547185,0.3910707976249466,7882.595550592614,3197.6476790247043
18368.18538870383,0.46845670797214717,7883.59365206703,3198.0191531595187
18370.866283673513,0.5410740330917284,7884.9838308842745,3198.5365502910167
18374.46394008881,0.589363386080889,7886.849396657707,3199.230875908722
18379.402725362343,0.5767886764119293,7889.410405297473,3200.184029043728
18382.8721522942,0.5114575506995543,7891.20947778784,3200.8536041954017
18386.341579226057,0.38537213582576557,7893.008550340656,3201.5231781348325
18387.62455377867,0.31590558826255954,7893.673837260877,3201.770782502178
18388.907528331285,0.22552196071684946,7894.339124189633,3202.018386703842
18389.386571281488,0.18324272784847523,7894.587532090819,3202.110838259105
18389.86561423169,0.13309302465550849,7894.835939993194,3202.2032897912736
18390.086067829085,0.10593047019400428,7894.950256289611,3202.2458355987546
18390.28219730694,0.07833312817391781,7895.05195930484,3202.283687038688
18390.401482116362,0.059245574953098706,7895.113814488166,3202.3067080627425
18390.499806814787,0.04173053204452569,7895.164800798013,3202.325683950202
18390.564274345976,0.0294708295536586,7895.198230460911,3202.338125672214
18390.60817587284,0.02161372583187968,7895.220995614431,3202.3465983183296
18390.645210268638,0.017370182046564098,7895.240199814522,3202.353745662522
18390.6734717667,0.01755346558498559,7895.254854825143,3202.3591999070495
18390.70173326476,0.02073097745437735,7895.26950983577,3202.3646541514963
18390.73096066147,0.02565631839995514,7895.284665713515,3202.3702948066193
18390.75878711358,0.030881531549505323,7895.299095130907,3202.3756650904957
18390.812128511137,0.04103394514609328,7895.326755333034,3202.3859595556355
18390.89450912943,0.0558818793961329,7895.369473834222,3202.4018583586662
18390.994650809032,0.0723515969734463,7895.4214023406075,3202.421184904114
18391.138190378126,0.09355851603393786,7895.495834839332,3202.448886894339
18391.353793746737,0.12164239204686338,7895.607636049195,3202.4904966183212
18391.67066439147,0.15742228961874044,7895.771949444546,3202.5516501073434
18392.130212916953,0.20176335003395474,7896.010248511055,3202.6403392632747
18392.793389951996,0.2555845813770126,7896.3541392222705,3202.768327040406
18393.747069299832,0.3192987230716553,7896.84867002554,3202.9523793250055
18395.110843166534,0.3918716400868736,7897.555855512061,3203.215576326007
18397.042588640015,0.46926913097893014,7898.557562919967,3203.588386797894
18399.732497709316,0.5417505160767148,7899.95241640376,3204.107515780488
18403.339908051017,0.589626586137892,7901.823040618596,3204.8037133624844
18408.29949827803,0.5760149701630835,7904.394838415902,3205.7608673034038
18411.76954055475,0.509712635349768,7906.194230512909,3206.4305511290836
18415.23958283147,0.3821851499589814,7907.99362267214,3207.1002337462896
18416.49371239166,0.3136403848747572,7908.643952198531,3207.3422676086648
18417.747841951852,0.2248525796197264,7909.294281733046,3207.5843013132726
18418.226714937093,0.1824825321363546,7909.5426015702915,3207.676718679181
18418.705587922334,0.1321862049663233,7909.79092140872,3207.7691360220906
18418.9234699584,0.10524303228697388,7909.903904253541,3207.8111849073207
18419.117626910593,0.0778393401627864,7910.004584443802,3207.8486551029946
18419.236324035002,0.05879356857133674,7910.066134900546,3207.8715623647017
18419.334157721125,0.04132376016385297,7910.116866610368,3207.890443207324
18419.397682445717,0.029237086732094988,7910.14980739002,3207.902702791164
18419.441185092914,0.02148241006412454,7910.172365710825,3207.9110983306828
18419.47815993976,0.017329294762720136,7910.1915390373,3207.918234075319
18419.505727962176,0.017558784039188563,7910.205834449973,3207.92355440472
18419.53329598459,0.02064017666536676,7910.220129862649,3207.9288747340456
18419.5622111102,0.02548774716488486,7910.2351238164065,3207.9344550395945
18419.590087710705,0.030714252143868713,7910.249579242424,3207.939834920986
18419.64225821612,0.04064983598598541,7910.276632285764,3207.949903262188
18419.724540060684,0.05551071434550149,7910.319299580068,3207.9657827644123
18419.823910120955,0.07189355617528576,7910.37082797777,3207.9849601057454
18419.965949304107,0.09294038939755561,7910.4444824719685,3208.0123721222
18420.179419064007,0.1208413068763411,7910.55517733004,3208.0535694587406
18420.493281959392,0.15641604666439704,7910.717931102595,3208.1141415677075
18420.948570728826,0.2005287900763593,7910.954021338811,3208.202007307332
18421.605651709604,0.2541011363275317,7911.2947510366175,3208.328816694175
18422.550666112093,0.31756876724607497,7911.784788769818,3208.511193981878
18423.902291755254,0.3899493958894077,7912.485674991378,3208.7720425690795
18425.817421570504,0.467311644322421,7913.47876662782,3209.1416408268783
18428.485753372704,0.5401047826675952,7914.862431607248,3209.656597883126
18432.069659101522,0.5889472317751481,7916.720868026806,3210.3482489545163
18436.979363243692,0.5777709560890694,7919.266798099343,3211.295761223586
18440.47759225661,0.5129747082355691,7921.080806959875,3211.9708747515697
18443.97582126953,0.38676411216966505,7922.894815883404,3212.6459870555873
18445.2684745779,0.3170850972769765,7923.565122110782,3212.8954518753667
18446.56112788627,0.22631933055203124,7924.235428346757,3213.1449165281133
18447.04275054914,0.18392303858105993,7924.485174102296,3213.2378631630436
18447.524373212007,0.13362359973949925,7924.734919859028,3213.3308097747904
18447.746143596094,0.10635834109850638,7924.849919041704,3213.3736084294674
18447.943594450022,0.07862714545420102,7924.952307315778,3213.4117137429
18448.063221014392,0.05951634108121249,7925.014339751875,3213.434800031286
18448.16184355192,0.04197386121381078,7925.065480535662,3213.4538328291105
18448.226899741898,0.029606516939214636,7925.099215467166,3213.4663877814537
18448.271020867778,0.021692259021063223,7925.1220945069745,3213.4749025533347
18448.308078284485,0.017396345710367692,7925.141310655598,3213.48205412612
18448.336835502858,0.017555072560381267,7925.156222730739,3213.4876038744587
18448.36559272123,0.02080840426100077,7925.171134805883,3213.493153622715
18448.395205439116,0.025821519370848076,7925.186490500887,3213.4988684705427
18448.423042203103,0.031056362946165355,7925.2009252737935,3213.5042405835807
18448.47759462361,0.04143219125461327,7925.229213468575,3213.5147684510926
18448.560102461135,0.05627068995263299,7925.271997963907,3213.5306913293666
18448.661053129457,0.07283093979154914,7925.324346001755,3213.550173419497
18448.806170085325,0.09420529632379993,7925.399596498199,3213.5781789937087
18449.02401138853,0.12247978328009317,7925.51255825476,3213.6202193615877
18449.344035322214,0.15847309324795714,7925.6785068845875,3213.681979559635
18449.8080515995,0.20305148859848868,7925.919122843669,3213.7715282725585
18450.477620958318,0.2571306250718404,7926.266328496223,3213.9007458445208
18451.440382088935,0.3210984924135861,7926.765568948179,3214.086545271392
18452.816878707537,0.3938655228880252,7927.479352232633,3214.3521896974794
18454.766001695716,0.4712879812572945,7928.490071338248,3214.7283426099098
18457.47840747566,0.543423398272706,7929.896591308462,3215.2517975738733
18461.1099892797,0.5902585795408534,7931.779750726968,3215.9526390253613
18466.120792061654,0.5740342194619853,7934.378106310268,3216.9196475190806
18469.632173798258,0.5041999524277794,7936.198936049942,3217.5972891337638
18472.673724390723,0.393019869950558,7937.7761345342815,3218.18425971158
18474.130279016506,0.3151552270600601,7938.531432113389,3218.465351112674
18475.322142849516,0.23192653376990846,7939.149474075938,3218.695361329795
18475.879251179525,0.18331964571314815,7939.438363057272,3218.8028740729114
18476.35313199038,0.13378559389594036,7939.684094341557,3218.894325249616
18476.586738711718,0.10498630200286228,7939.805231299495,3218.939407483719
18476.77511389018,0.0784212774702776,7939.90291340379,3218.9757607740753
18476.894920586565,0.059255834014693066,7939.965039265196,3218.9988814808985
18476.993228125215,0.04174514783596945,7940.016016720648,3219.017853205521
18477.057741499382,0.0294770237483766,7940.049470184191,3219.030303216319
18477.101646977815,0.021618293119873854,7940.072237406367,3219.038776244933
18477.138683501737,0.01737165858458161,7940.0914427265025,3219.0459236791844
18477.166971515922,0.017553467155135706,7940.106111499678,3219.0513827962045
18477.195259530108,0.02073488042241322,7940.1207802728595,3219.0568419131446
18477.224504015023,0.02566420153575019,7940.135945024733,3219.062485612967
18477.252329814663,0.030889645952067987,7940.150374116185,3219.0678555300174
18477.30572775585,0.041052471641947294,7940.178063662832,3219.0781604453314
18477.388113913425,0.055899843812363036,7940.220785073132,3219.0940596041414
18477.48829330489,0.07237372197835061,7940.272733179663,3219.113392560385
18477.6319061771,0.09358832282354254,7940.347203753747,3219.1411074542284
18477.847613726783,0.12168090467599771,7940.45905908287,3219.1827354169204
18478.164630847987,0.15747040961555228,7940.62344857492,3219.243914430358
18478.624386240972,0.2018219182656241,7940.861855117516,3219.332639530195
18479.28785828777,0.2556541228750996,7941.205899102811,3219.4606784992507
18480.241955003465,0.319378327743503,7941.70064675741,3219.644803074621
18481.60630998315,0.3919573386375242,7942.40813418805,3219.9081004185387
18483.538841203812,0.4693510545742966,7943.410249906134,3220.28104581211
18486.229747001184,0.5418080942515539,7944.805621441724,3220.8003438781925
18489.83815432865,0.5896223366075909,7946.676764249821,3221.4967026681134
18494.800177035842,0.5758649038232065,7949.2498256178715,3222.4542831700123
18498.271059668878,0.509400221615381,7951.049655024991,3223.1240991933423
18501.741942301913,0.38159906884613787,7952.849484493643,3223.7939140200633
18502.990789652744,0.31322946362097304,7953.497075482377,3224.0349176910654
18504.239637003575,0.22474055292313103,7954.144666479074,3224.2759212072365
18504.718534475334,0.18235108055959043,7954.392999226452,3224.368339166259
18505.197431947094,0.13202377169677337,7954.641331975002,3224.460757102517
18505.41485245574,0.10512046863923603,7954.754075591061,3224.5027150419432
18505.60866233547,0.07775095175190304,7954.854575892756,3224.540116584165
18505.7272538196,0.05871287894781599,7954.916071622324,3224.563002435241
18505.82500062453,0.04125114382463331,7954.966758323249,3224.5818656673914
18505.888362845875,0.029194415566767336,7954.999614864887,3224.594093343194
18505.931790030332,0.021458968377285104,7955.022134073725,3224.6024739445465
18505.96875181883,0.017322359205040466,7955.041300645193,3224.6096068501715
18505.996213262322,0.017560789888143316,7955.0555408035,3224.6149063740713
18506.023674705815,0.02062885628389712,7955.06978096181,3224.6202058978965
18506.052564376154,0.025469132008474008,7955.084761728548,3224.6257810416087
18506.08045059288,0.030696509852366168,7955.099222153441,3224.631162538239
18506.13249592549,0.04060883173368724,7955.126210311459,3224.641206273431
18506.214768769667,0.05547128342084655,7955.1688729751295,3224.6570833288847
18506.3140572365,0.07184484420104,7955.220359106586,3224.676244066986
18506.45593783488,0.09287460209970672,7955.293931429543,3224.703624254286
18506.669181875794,0.12075591563104343,7955.40450933557,3224.744776189889
18506.982726170463,0.15630852158106434,7955.567098036723,3224.8052841075787
18507.43756325754,0.20039640696687622,7955.802954254684,3224.8930587539617
18508.093996869186,0.25394125305971255,7956.143348550202,3225.0197375436055
18509.03808919457,0.3173808618993346,7956.632908558759,3225.2019287382145
18510.38841814242,0.3897379207785057,7957.333122977356,3225.4625154334235
18512.3017655063,0.4670910806101384,7958.325291171345,3225.8317532024676
18514.967759230272,0.5399083321354249,7959.707744921131,3226.3462360587346
18518.549029087637,0.5888388574458119,7961.564816095295,3227.037347584043
18523.453430360845,0.5778940157206616,7964.107998534295,3227.9837942345357
18526.960109523647,0.5130873540557216,7965.9263907778,3228.6605083531763
18530.466788686448,0.38658724932682487,7967.744783083872,3229.337221254569
18531.757003486495,0.3170130878649937,7968.413825391953,3229.586204376888
18533.04721828654,0.22642535897021634,7969.0828677085,3229.8351873345136
18533.52954927611,0.1839797176825277,7969.332980980644,3229.9282665192923
18534.01188026568,0.1336114804829314,7969.58309425397,3230.0213456810584
18534.233562214835,0.10635651387588502,7969.698047676684,3230.064125362915
18534.431035482707,0.0786218791831724,7969.8004476608485,3230.102233304042
18534.550653150618,0.059512082345520544,7969.862475536575,3230.1253168470707
18534.64927121609,0.041970080617301654,7969.913614044983,3230.1443479339514
18534.714318403916,0.029604427331536714,7969.947344337179,3230.1569005897454
18534.758436156702,0.021691073853164704,7969.970221647374,3230.1654143313563
18534.79549345071,0.017395952583413664,7969.989437748759,3230.172565561858
18534.824242427618,0.01755502568170329,7970.004345562995,3230.178113472535
18534.852991404525,0.020807028097914824,7970.019253377233,3230.1836613831306
18534.882596492367,0.025818418393690604,7970.034605128763,3230.1893745039347
18534.910432723,0.03105299996820309,7970.049039637406,3230.194746274721
18534.964962029528,0.04142453163419624,7970.07731587053,3230.205269212739
18535.047467380347,0.056263140974813254,7970.12009911286,3230.221190901784
18535.14840269277,0.07282160221426612,7970.172439232525,3230.240669160667
18535.293489543485,0.09419264740106277,7970.247674182072,3230.2686676776657
18535.511288241145,0.12246331196017704,7970.360613941797,3230.3106979508543
18535.83125178855,0.1584521914744437,7970.526531399742,3230.372443744559
18536.295181838505,0.2030254112685508,7970.767102850688,3230.4619718287327
18536.964626795165,0.25709851483340684,7971.1142442903565,3230.5911596384735
18537.927209273857,0.32105965762194894,7971.613392527714,3230.7769163147914
18539.303451717617,0.3938198121185944,7972.327044617853,3231.0424998618323
18541.252218809415,0.4712364681868021,7973.3375800342055,3231.4185673477846
18543.964141202807,0.5433695973612976,7974.743850541851,3231.9419057312584
18547.5951197405,0.5902102702398089,7976.626698739285,3232.6425995852046
18552.604969375985,0.574009519728944,7979.22456227838,3233.6093811434916
18556.11553141973,0.5042132484921591,7981.044968513834,3234.2868344595545
18559.157829089425,0.3930250995799351,7982.622555736722,3234.873923127161
18560.614227955815,0.31517655210445467,7983.377773188461,3235.154971985603
18561.806405365616,0.231932495715219,7983.995978281776,3235.385032500691
18562.363444754053,0.18333437133018263,7984.2848317588005,3235.4925271657594
18562.837451617856,0.13378969564803148,7984.530628616751,3235.5839986069245
18563.071037464993,0.1049940480595984,7984.651754853247,3235.629074811182
18563.259452517137,0.07842435558339311,7984.7494577170655,3235.665434182112
18563.379261251088,0.05925905106775629,7984.8115846878245,3235.68855425562
18563.47757246653,0.04174809774175474,7984.862564093183,3235.7075258474742
18563.542093188946,0.029478673873424732,7984.896021395586,3235.719976723555
18563.586001307078,0.02161927873888941,7984.918790005919,3235.72844988539
18563.623038316215,0.01737199172756115,7984.937995593978,3235.7355970959547
18563.651331945097,0.017553473323995757,7984.952667291121,3235.741057054104
18563.67962557398,0.02073568954656758,7984.967338988267,3235.7465170121754
18563.70887369375,0.02566583461921637,7984.982505637881,3235.7521611628754
18563.736699560857,0.030891349734684992,7984.996934776575,3235.7575308545424
18563.790109418398,0.04105633875526696,7985.024630525981,3235.767837611918
18563.872496882504,0.05590356794588509,7985.0673526500705,3235.7837363170074
18563.972684367785,0.07237828156996401,7985.119304997782,3235.8030699768683
18564.11631287549,0.0935944263521867,7985.193783742921,3235.830786657585
18564.332042694008,0.12168871237972742,7985.30565071458,3235.8724170695978
18564.649090848798,0.1574799787649083,7985.47005643875,3235.933599355878
18565.10888957426,0.20183320546752623,7985.708485653923,3236.022328879288
18565.772422620274,0.2556668787634937,7986.052561562595,3236.1503739363825
18566.726604144053,0.31939175900207756,7986.547353614622,3236.3345067056
18568.091074143642,0.39196959877523635,7987.25490128961,3236.597814561152
18570.02375399311,0.46935836967978,7988.257094929924,3236.9707720893853
18572.714830264005,0.5418033178145121,7989.652556048773,3237.4900800184446
18576.323339956558,0.5895932324798977,7991.523753525438,3238.1864276859287
18581.28590013453,0.575784366961414,7994.097095780788,3239.1440694681096
18584.756896293547,0.5092633655297378,7995.89698558176,3239.8138777292597
18588.227892452564,0.3813666778602276,7997.696875443561,3240.483684805978
18589.474713275995,0.31306505498513154,7998.343416121882,3240.7242867454106
18590.721534099426,0.22469072358634207,7998.989956808048,3240.964888532094
18591.200416619045,0.1822955857508872,7999.238282012127,3241.057299516134
18591.679299138665,0.13195859547321231,7999.486607217361,3241.1497104776454
18591.89653779772,0.105071039702628,7999.599256630458,3241.1916314686628
18592.090208199977,0.07771537815429895,7999.699684690947,3241.229004440765
18592.208757059532,0.0586804963156842,7999.761158369514,3241.2518810539036
18592.306469096777,0.04122203900927733,7999.811827084494,3241.27073674227
18592.369766848034,0.029177225045004362,7999.844650222875,3241.282951436148
18592.41316337725,0.021449588175793136,7999.867153554448,3241.2913257511077
18592.45011982164,0.017319620082721365,7999.886317370939,3241.2984573098847
18592.4775399318,0.017561686649993264,7999.900536107835,3241.30374862314
18592.50496004196,0.02062470501552292,7999.914754844736,3241.309039936322
18592.53384148833,0.02546249133153002,7999.9297313596,3241.314613246378
18592.561731520524,0.03069023976312112,7999.944193775243,3241.319995241194
18592.613732558068,0.04059430327793827,7999.971158986826,3241.3300299843186
18592.69600238324,0.055457299402626954,8000.013820121081,3241.3459057547507
18592.795262141943,0.07182754702079606,8000.065291409454,3241.3650601052823
18592.937086860216,0.09285120970002657,8000.138834817949,3241.392428297958
18593.150251399533,0.12072548907288687,8000.24937159186,3241.433563071414
18593.46368325512,0.15627005953185405,8000.411902125113,3241.4940466147223
18593.91836054135,0.2003487686902593,8000.647675677635,3241.5817865411777
18594.57456447999,0.25388321353488025,8000.987951163817,3241.7084154069353
18595.518328480255,0.317311749874287,8001.47734133297,3241.8905351858784
18596.868193284714,0.3896584922834765,8002.177315661477,3242.1510207906226
18598.780897228968,0.4670050820115337,8003.169151048117,3242.5201180724453
18601.44603309859,0.5398252199363832,8004.5511611247075,3243.0344126463547
18605.026285883934,0.5887777076906404,8006.407706463569,3243.725297369479
18609.928841810855,0.5778979244491979,8008.949934142772,3244.671346125367
18613.437820648156,0.5130862478318572,8010.769520420413,3245.348474142039
18616.946799485457,0.38649719613898853,8012.589106759982,3246.025600952327
18618.236020805478,0.316963484230516,8013.257634461609,3246.274381380375
18619.5252421255,0.22644328819265572,8013.9261621715905,3246.523161645664
18620.00775611327,0.1839840744042214,8014.176370548569,3246.6162720387847
18620.490270101043,0.1335964094085132,8014.426578926719,3246.7093824091107
18620.71189661643,0.10634702234084001,8014.541503701056,3246.752149507597
18620.909351435635,0.07861394573158254,8014.643894204942,3246.790252208382
18621.028958719817,0.059505095014853314,8014.705916748448,3246.8133327298533
18621.127569191274,0.04196387006939613,8014.757051362067,3246.832361512201
18621.19260146366,0.02960098794928864,8014.790773948264,3246.844910736305
18621.2367136756,0.02168910365255323,8014.813648404528,3246.8534230333194
18621.273770662196,0.01739529204611996,8014.832864362697,3246.860573889194
18621.302506174587,0.017554947233682457,8014.847765207451,3246.8661189570207
18621.331241686978,0.020804800915195883,8014.862666052209,3246.871664024767
18621.360834454645,0.02581341904091098,8014.878011428031,3246.877374516261
18621.388669725504,0.031047571030121186,8014.892445451145,3246.8827458649957
18621.44316167184,0.041412181774132556,8014.920702334914,3246.893261129689
18621.525662916065,0.056250992627379315,8014.96348348382,3246.9091813243003
18621.626573305184,0.07280659656706452,8015.0158107235775,3246.9286539149666
18621.77161136848,0.09417235019062425,8015.091020437735,3246.9566417830756
18621.989340982564,0.12243694123889354,8015.203924469239,3246.998656872241
18622.309206839782,0.15841886977795844,8015.369791409601,3247.060381092606
18622.772997792355,0.20298410892528415,8015.610290934095,3247.1498783885013
18623.44224269782,0.25704813056960996,8015.957328929394,3247.2790218997943
18624.40453904755,0.3209995483878216,8016.4563292146495,3247.4647151745307
18625.780376756014,0.3937505298818671,8017.169772029802,3247.73020891584
18627.728582327538,0.4711610838194108,8018.180017119945,3248.1061514757903
18630.439755235744,0.5432960053826593,8019.58590016476,3248.6293221796072
18634.06984543291,0.5901544440778083,8021.468289296221,3249.3298137589504
18639.0781427182,0.5740081848941903,8024.065350046429,3250.2962532164547
18642.587280365955,0.5042950917414963,8025.8850191890715,3250.9734018719973
18645.63179175553,0.39307702548964696,8027.463755665531,3251.5608919002957
18647.088045986795,0.31525822790501923,8028.218898750801,3251.8419004945044
18648.281136866586,0.231969593531923,8028.837578044675,3252.0721271672146
18648.838095390773,0.18338712668896942,8029.126389831948,3252.1796015040777
18649.31246861589,0.13381221921207032,8029.372376873557,3252.271139620989
18649.54603583026,0.1050224993509431,8029.493493549694,3252.3162102489605
18649.73457224396,0.0784388702180097,8029.591259427782,3252.3525914408892
18649.854394700003,0.0592730734405199,8029.653393566313,3252.3757131463744
18649.952721539896,0.041760740612898584,8029.704381116555,3252.3946869195975
18650.017272750876,0.029485780611490146,8029.737854256944,3252.4071431318507
18650.061192496403,0.021623392390278582,8029.760628915796,3252.4156181650706
18650.09823104973,0.01737334646053757,8029.77983532072,3252.4227653595644
18650.12654909448,0.017553487223146157,8029.79451969107,3252.428229789247
18650.154867139227,0.020739309648668765,8029.809204061423,3252.4336942188506
18650.184131397265,0.025673196910825098,8029.824379092294,3252.439341235692
18650.21195681248,0.030898955711216754,8029.838808008772,3252.44471060422
18650.26541964305,0.04107369475228734,8029.866531250681,3252.4550271307376
18650.347812372387,0.055920405705450274,8029.909256140931,3252.470926153271
18650.448035226615,0.07239901548866018,8029.961226872883,3252.4902657886605
18650.591732486937,0.09362235551250997,8030.035741332333,3252.5179945185123
18650.80756000721,0.12172479009843976,8030.147659061309,3252.559641954566
18651.124745505087,0.15752503873888474,8030.312136142975,3252.620848055361
18651.584738167432,0.20188801787638716,8030.55066612458,3252.7096111038436
18652.24854772008,0.2557319048309571,8030.894885705028,3252.837703892258
18653.203120303344,0.31946609332797604,8031.3898809568645,3253.0219040343623
18654.568134516878,0.39204943234516604,8032.097711428633,3253.28530533998
18656.501549604607,0.46943430312492457,8033.100287168779,3253.658388366512
18659.1935568808,0.5418558223426072,8034.496232232376,3254.1778531493756
18662.802991240562,0.5895868012818573,8036.36791076552,3254.87434868614
18667.7678292805,0.5756394093833377,8038.942436366345,3255.832388009771
18671.239875587416,0.508957041134433,8040.742872230638,3256.5023695457967
18674.711921894333,0.38078114297417115,8042.543308155096,3257.1723499087484
18675.953456802083,0.31265635014385773,8043.187108353157,3257.4119213160084
18677.19499170983,0.22458287609288322,8043.830908558907,3257.6514925733536
18677.673917757587,0.1821671453392685,8044.079256542287,3257.7439079093856
18678.152843805343,0.13179756430880793,8044.327604526811,3257.836323223113
18678.369624015486,0.1049497297389191,8044.440016304592,3257.878153914329
18678.56295183538,0.07762780727000224,8044.540266802354,3257.915459143881
18678.681395983294,0.05860057554250067,8044.601686233916,3257.938314549701
18678.77902225973,0.041150086557999385,8044.652310519843,3257.957152863661
18678.8421613202,0.029134551175547946,8044.685051396272,3257.9693364011227
18678.88548137311,0.021426340334778637,8044.707515089733,3257.977695592237
18678.922423872667,0.017312882041926415,8044.726671691133,3257.984824147885
18678.94974535154,0.017564110124834654,8044.7408392944835,3257.9900961971966
18678.97706683041,0.0206154717052618,8044.755006897837,3257.9953682464356
18679.005932352033,0.025448174576964664,8044.769975167416,3258.0009382395474
18679.03383086788,0.03067679165738016,8044.784441994368,3258.00632163573
18679.085736567326,0.04056312006973541,8044.8113577907525,3258.0163375426746
18679.16799982966,0.05542734364884087,8044.854015557511,3258.0322113515517
18679.2671976985,0.0717905299319729,8044.905454795824,3258.0513529208783
18679.40890211821,0.09280120391691804,8044.978935884774,3258.078696701959
18679.621895403267,0.1206605521021377,8045.089383946897,3258.1197966284794
18679.93508544208,0.15618822840405394,8045.251789221516,3258.180230861759
18680.389419782932,0.20024790912280596,8045.487385136207,3258.2679007708575
18681.045131961557,0.2537612074733584,8045.827405903805,3258.394429201252
18681.988195068323,0.3171680131359088,8046.3164330324325,3258.576405761251
18683.337073280287,0.38949608985364115,8047.015896346604,3258.8366895889567
18685.248418931984,0.46683448004627903,8048.0070282168845,3259.2055086191044
18687.911767629517,0.5396707504340641,8049.388112706472,3259.7194358365878
18691.48998545358,0.5886865896243674,8051.243604362466,3260.409897676346
18696.38851937806,0.5779760248476021,8053.7837485459995,3261.355128989962
18699.904569597496,0.5131326708092069,8055.607003220167,3262.033591931744
18703.420619816934,0.38626542594788255,8057.430257955802,3262.712053674593
18704.707048297645,0.3168435357509143,8058.097337982283,3262.9602843316115
18705.993476778356,0.2265137648492201,8058.764418016987,3263.208514828223
18706.476577167818,0.1840111128285619,8059.014930682192,3263.3017343099873
18706.95967755728,0.1335622809890103,8059.265443348559,3263.394953769134
18707.181162234006,0.10632728924309631,8059.38029466792,3263.437691631846
18707.378583653808,0.07859644859014685,8059.482667937777,3263.475786224994
18707.49816785117,0.05948956996438586,8059.544678561234,3263.498861284364
18707.596761415665,0.04194997148194716,8059.595804450311,3263.5178859739117
18707.661759910978,0.02959330762041649,8059.629509549434,3263.5304281327217
18707.705859860558,0.021684653090714642,8059.65237766608,3263.5389376921103
18707.742915941104,0.01739378855599373,8059.671593170424,3263.5460880610945
18707.77162156387,0.0175547734850854,8059.686478528264,3263.5516271194156
18707.800327186633,0.020799907113698238,8059.701363886109,3263.557166177657
18707.829893086797,0.02580249827893436,8059.716695342515,3263.562871235579
18707.857726186183,0.031035719848591825,8059.731128251633,3263.568241930907
18707.912136464747,0.04138524626031748,8059.7593428099535,3263.5787409780587
18707.99462860705,0.05622454803116452,8059.802119274676,3263.594658721631
18708.095484334794,0.07277397194107084,8059.8544182132555,3263.6141199150647
18708.240415551412,0.09412827867235404,8059.929572584503,3263.642085944662
18708.457993787437,0.12237979772185002,8060.042398212655,3263.68406999045
18708.777646008682,0.15834693867682287,8060.20815450981,3263.7457502941807
18709.241133538184,0.20289547567930952,8060.44849689397,3263.835185136407
18709.909943264327,0.25694093456651196,8060.795309515173,3263.9642390408353
18710.871619424135,0.3208732957183378,8061.293988615221,3264.1498045426147
18712.24658441027,0.393607955866427,8062.006979472443,3264.4151183027147
18714.193589288883,0.471011462490058,8063.016602781757,3264.7908127821333
18716.90318545833,0.5431608385359116,8064.421669375325,3265.313656429994
18720.531500561145,0.5900751681396786,8066.303139593629,3266.0137749606165
18725.53638095192,0.5740793269668739,8068.898430664884,3266.9795130023463
18729.04222021751,0.5045895140860016,8070.716390936221,3267.6559957278014
18732.093496301895,0.39327420375217487,8072.298636570365,3268.244765496074
18733.549646407053,0.31552724933167764,8073.053726287719,3268.5257417724765
18734.745511409372,0.23210363227303243,8073.673844622239,3268.7564937198113
18735.302355147636,0.1835579634000734,8073.962597126727,3268.8639412329917
18735.777840251452,0.1338920784206913,8074.209160939546,3268.9556899144422
18736.011396674698,0.10511527319548808,8074.330272120435,3269.000756499921
18736.200307497045,0.07848894961090377,8074.428232230054,3269.037208354701
18736.320180038718,0.05932069443682687,8074.490392392156,3269.060338719013
18736.418559696125,0.04180351939070148,8074.541407373344,3269.0793218586114
18736.483213685035,0.029509793915082617,8074.5749338372225,3269.091797360959
18736.527172728238,0.021637231469395894,8074.597728892868,3269.100279608397
18736.564215934784,0.017377902001874206,8074.616937726665,3269.1074273899353
18736.5926179968,0.01755359231228036,8074.631665676534,3269.1129077937703
18736.621020058818,0.020751997810997923,8074.646393626406,3269.1183881975267
18736.65034248542,0.025699347529090782,8074.661598833303,3269.124046192869
18736.678166640886,0.030926081755180548,8074.676027108508,3269.1294150848066
18736.7318180521,0.04113561699315917,8074.703848162318,3269.1397675507988
18736.814229490512,0.05598062927996701,8074.74658278965,3269.1556694919623
18736.91457795651,0.07247325465015916,8074.798618700979,3269.1750325240846
18737.058519783386,0.09372248416646412,8074.873260042766,3269.202807239118
18737.274694606178,0.12185437473038845,8074.985357959066,3269.2445198787987
18737.592369195227,0.1576874770645813,8075.150088796474,3269.3058176919644
18738.053054135144,0.2020867701869802,8075.3889779579995,3269.39471046101
18738.71785328571,0.255969774735399,8075.733710982141,3269.522988630304
18739.673830240663,0.31974178959023286,8076.229434884551,3269.70745174799
18741.040808667527,0.39235262850012764,8076.938284490467,3269.971220612514
18742.97689955442,0.46973694869174587,8077.942248603458,3270.3448037378766
18745.672352971003,0.5420973609851691,8079.339981827947,3270.864910904541
18749.2854272842,0.5896546798933235,8081.213549418031,3271.5620785385436
18754.258283586,0.5752800609701433,8083.7922350387835,3272.521623437187
18757.735350996347,0.5080643231135267,8085.595276098066,3273.19254474547
18760.860888170162,0.39571819088678656,8087.216030420215,3273.7956351623056
18762.31888610752,0.31860871470655105,8087.972078542108,3274.076963948117
18763.54499755299,0.2337444007233202,8088.607881408255,3274.3135487912136
18764.10182255113,0.18550246774438822,8088.896624274223,3274.420991142165
18764.5894423553,0.13485957174828173,8089.149480631119,3274.515079957604
18764.82329231506,0.1061790366157065,8089.27074405927,3274.5602025337525
18765.0163570709,0.07908411977227359,8089.370858227431,3274.597455386943
18765.13684308523,0.05988233371473267,8089.4333365242355,3274.6207037909962
18765.235849478835,0.042306831038017925,8089.484676514904,3274.6398075893017
18765.301750460054,0.029785468787742252,8089.518849618685,3274.652523525675
18765.346140098452,0.021799741911119386,8089.541867966705,3274.661088736564
18765.383212322256,0.01743444115292817,8089.561091852739,3274.668242014221
18765.41274559894,0.017562990590787843,8089.576406400592,3274.6739406128772
18765.442278875624,0.020942676048606376,8089.591720948445,3274.679639211449
18765.47276299665,0.026144944889614732,8089.607528558805,3274.6855212802698
18765.50082039813,0.03143574322741055,8089.622077788222,3274.690935100923
18765.557955829518,0.04228516137901423,8089.651705496262,3274.7019596775262
18765.640817453463,0.05711647037884633,8089.69467358006,3274.717948255308
18765.743527854527,0.07387172235291847,8089.747934292482,3274.737766756107
18765.892094816954,0.0956094148506658,8089.824974029339,3274.766433514766
18766.114811558895,0.12429484724488551,8089.9404643035095,3274.8094078503464
18766.44170134539,0.16074741973422257,8090.109973747816,3274.8724828995537
18766.915452420028,0.20583618768553869,8090.355638448964,3274.963895564048
18767.598946053677,0.26046751003770346,8090.710065634799,3275.0957790774237
18768.581476718846,0.3249734041768868,8091.219559160804,3275.285363202162
18769.985637789883,0.39814042735277017,8091.947690107383,3275.556302826442
18771.97247044287,0.47558126388730115,8092.977966756875,3275.939671407623
18774.733466158603,0.5469064892517462,8094.409687478355,3276.4724177143576
18778.416088806007,0.5913958150863536,8096.3193200376845,3277.1829948638983
18783.534405238694,0.5693112151249368,8098.9734350673025,3278.170592855877
18787.115207621227,0.4920582428471526,8100.830268645013,3278.8615203578065
18789.913062839092,0.38469651974629965,8102.281103155314,3279.401374793397
18791.36171525272,0.30476599221336126,8103.032305341897,3279.680896264081
18792.453702476192,0.22648873374430034,8103.598557944766,3279.891598071495
18793.01118886773,0.17682506534862671,8103.887643857085,3279.9991664931886
18793.44530614163,0.13056772302445652,8104.112756417091,3280.0829305082057
18793.677794459716,0.10146142661169501,8104.233313795864,3280.1277897038917
18793.85272621907,0.07643423423880767,8104.324025082288,3280.161543215872
18793.970481824505,0.057384352443706724,8104.385087536053,3280.184264447079
18794.06683745527,0.040049834415108176,8104.435052981289,3280.202856500001
18794.127750042302,0.02844792409820203,8104.466639350551,3280.214609731115
18794.1697371116,0.021071226066536893,8104.488411846849,3280.2227112375626
18794.206399763803,0.017220605881199537,8104.507423353798,3280.2297853847326
18794.232778055863,0.017638582333865886,8104.5211018809305,3280.2348751397276
18794.25915634792,0.02063478452909946,8104.534780408067,3280.2399648946557
18794.288507999823,0.025560368918261852,8104.550000778143,3280.2456283664424
18794.316412632452,0.030795761211955784,8104.56447079288,3280.2510126323045
18794.369110647043,0.040828839474322726,8104.591797475808,3280.2611808405404
18794.451435344068,0.05568286749133146,8104.634487146596,3280.277065587636
18794.55116510929,0.07210594595163661,8104.686202257646,3280.2963086833784
18794.693902118644,0.09322677616348302,8104.760218879282,3280.323850127654
18794.908365230945,0.12121210572011162,8104.8714292453715,3280.3652312898266
18795.22362701942,0.1568808538274503,8105.0349090094305,3280.426061785748
18795.680893866123,0.20109711933723673,8105.272025841275,3280.5142924712623
18796.340801142596,0.25478055480831496,8105.614222361017,3280.641623056532
18797.289824687447,0.31835484686396054,8106.106340827129,3280.8247391993586
18798.647054600333,0.390811344901386,8106.810135705357,3281.086619492554
18800.56981289296,0.46816707752084974,8107.807186718289,3281.45761934334
18803.2479571225,0.5407767929707242,8109.195944985613,3281.974371749546
18806.842216667814,0.5891071111268429,8111.059757155044,3282.6678890574813
18811.775414733234,0.5766849027427862,8113.617879305987,3283.6197543746503
18815.24422064925,0.5114805445016911,8115.416637329804,3284.2890624215966
18818.713026565263,0.38555272147951525,8117.215395412539,3284.9583693173217
18819.99807190957,0.31602974700337544,8117.88175894154,3285.2063188185875
18821.283117253875,0.2255362831761521,8118.548122478622,3285.454268161945
18821.76207084834,0.18327249709688337,8118.796485087286,3285.546682159528
18822.241024442807,0.13314369940547618,8119.044847697072,3285.639096135179
18822.46164095296,0.10596792225337359,8119.159248952304,3285.681664027976
18822.657885876877,0.07836003927620293,8119.2610122594,3285.71952942624
18822.777201349585,0.05927106123676452,8119.322883602955,3285.742551308538
18822.87555426189,0.041753825614647855,8119.373884757247,3285.7615284704875
18822.940079043867,0.02948387065849934,8119.407344248041,3285.773978505359
18822.984001614626,0.02162140864303179,8119.430120409504,3285.782453350312
18823.021039435203,0.01737274436779361,8119.4493264661505,3285.7895997849378
18823.049345361294,0.017553497162274997,8119.464004576569,3285.7950614034644
18823.077651287385,0.020737448384348964,8119.478682686991,3285.8005230219146
18823.106907390775,0.025669378632186095,8119.493853514287,3285.806167976658
18823.134733619987,0.030895070191240912,8119.508282876674,3285.811537037612
18823.18816951167,0.04106475083135909,8119.5359921951,3285.8218474735545
18823.27056001865,0.05591164617686074,8119.578716003435,3285.8377446914938
18823.37076536946,0.0723881419925393,8119.630677744695,3285.857079276106
18823.514428267346,0.09360757966100634,8119.705174508362,3285.8847989763485
18823.730207110595,0.12170544743680863,8119.817067180396,3285.9264334164777
18824.04732330444,0.1575002774582132,8119.9815085956425,3285.987620849153
18824.50721651258,0.20185673356842448,8120.219987398535,3286.076357028009
18825.1708816978,0.2556926985828521,8120.564132684723,3286.2044108786577
18826.125245287563,0.3194174791944129,8121.05902037892,3286.388554760755
18827.489958756527,0.39199007834493654,8121.766696066178,3286.651875254659
18829.422945213435,0.46936350466713384,8122.769051191796,3287.0248433132106
18832.114351183554,0.5417744072498687,8124.164686747556,3287.5441471639597
18835.72296700332,0.5894987796694942,8126.035943908501,3288.2404245709185
18840.686728059572,0.5755548007877456,8128.609915276069,3289.1981733372663
18844.157995016874,0.5088839795095255,8130.409949969653,3289.8679466555177
18847.629261974176,0.38073030981256356,8132.209984722015,3290.5377188248053
18848.870566382026,0.3126147407957882,8132.853666452456,3290.777225088197
18850.111870789875,0.22455291051841064,8133.49734819041,3291.016731204744
18850.5907062907,0.1821428931616293,8133.745649628726,3291.109121098655
18851.069541791523,0.13178016002327772,8133.993951068158,3291.201510970719
18851.286284070084,0.10493565314253986,8134.106343361202,3291.243330735364
18851.479573066084,0.07761794880497887,8134.206573891521,3291.2806252565647
18851.59800511885,0.05859186256955417,8134.26798715207,3291.303476357528
18851.69562220017,0.04114238071181741,8134.3186067530605,3291.322311272654
18851.7587449656,0.029129941208846558,8134.351339233466,3291.3344906153065
18851.802056582306,0.021423911087155884,8134.373798589237,3291.3428474577754
18851.838997858486,0.017312210305386384,8134.392954587736,3291.3499751626036
18851.86630895232,0.017564406041376646,8134.407116829187,3291.3552447534903
18851.893620046158,0.020614512930052915,8134.42127907064,3291.360514344306
18851.922484308325,0.02544671444146875,8134.436246711728,3291.3660836140543
18851.950384169086,0.03067547201858122,8134.450714259867,3291.3714668054718
18852.002280579985,0.04055999782238804,8134.477625283892,3291.3814800564555
18852.084543549376,0.05542428054302785,8134.520282968857,3291.3973524398752
18852.183735773186,0.07178668183370877,8134.571719364471,3291.4164912692872
18852.32542893054,0.09279590800554022,8134.645194734071,3291.4438305193007
18852.5384063176,0.12065348704696227,8134.755634733775,3291.4849238341153
18852.851573259406,0.15617888349095538,8134.918028298294,3291.5453483995366
18853.30587364849,0.20023554173935845,8135.1536069943895,3291.633004198142
18853.961535225033,0.25374473793111996,8135.4936020809,3291.7595119554358
18854.90452264669,0.3171459245814019,8135.982590766346,3291.941458223248
18856.253287069354,0.3894662283651436,8136.681996223903,3292.2016976585096
18858.16445993741,0.4667937493353971,8137.673040124718,3292.5704515635325
18860.827540018763,0.5396146833776663,8139.053987590432,3293.084282670969
18864.40530425156,0.58860917337253,8140.909247080936,3293.774597521623
18869.303540896613,0.5778649138332643,8143.449241276318,3294.7196901027783
18872.8172152418,0.5130398218762874,8145.271266923485,3295.3976362524836
18876.33088958699,0.3862547908144272,8147.093292630649,3296.0755812289162
18877.617621643047,0.3168203289101201,8147.760531169786,3296.3238491151137
18878.904353699105,0.2264646861221347,8148.427769716965,3296.57211684405
18879.38722785741,0.18397754030580135,8148.678165479633,3296.665284662376
18879.870102015713,0.13354919468293835,8148.928561243433,3296.758452458559
18880.09157153746,0.10631508047784309,8149.043404892211,3296.801183723697
18880.2889544001,0.07858866759496447,8149.145758335778,3296.839267603146
18880.408529360608,0.05948268677723994,8149.207764270976,3296.8623388970004
18880.5071154365,0.041943948352310814,8149.258886360532,3296.8813605065006
18880.572099896825,0.029589943740861498,8149.2925842369605,3296.8938988793584
18880.61619430199,0.021682777187583553,8149.31544951598,3296.902406637603
18880.653250232226,0.017393176796941225,8149.334664973842,3296.9095563630267
18880.68194285143,0.017554714642989397,8149.349543613023,3296.9150924363184
18880.710635470637,0.020797749533967177,8149.36442225221,3296.920628509533
18880.74018971119,0.025797679618982414,8149.379747687596,3296.926330827469
18880.768022315537,0.031030546002491027,8149.394180363642,3296.931700965689
18880.822396980635,0.041373428626979056,8149.422376500695,3296.9421922390775
18880.904885502106,0.056212903960870184,8149.465151157864,3296.958107915973
18881.00571772232,0.07275954986978567,8149.517437992179,3296.977562901184
18881.15060278775,0.09410871482839633,8149.592568554646,3297.005517622687
18881.36811571467,0.12235426683264944,8149.7053605013,3297.0474854592985
18881.68767520378,0.1583144206243485,8149.871068983318,3297.109142570184
18882.151030022513,0.20285468332612067,8150.111342943398,3297.198544121098
18882.819647779692,0.25689031541199203,8150.458056586276,3297.327549896797
18883.78104730629,0.32081139365889527,8150.9565930536255,3297.5130460799646
18885.15561677992,0.3935338779815791,8151.669379983558,3297.7782607355884
18887.102063571274,0.47092575165299294,8152.678715547061,3298.153815266495
18889.810890814922,0.5430670595648155,8154.083385710188,3298.6764656595024
18893.43820727568,0.58998245714421,8155.964341155951,3299.3763314135726
18898.441632356775,0.5740093426223788,8158.55888181296,3300.3417058110417
18901.946297576877,0.5045597277694999,8160.376236248508,3301.0179040056905
18904.997883461645,0.3932463109848984,8161.958645113426,3301.6066830804325
18906.453708778223,0.3155208108039606,8162.713567642949,3301.8875726136916
18907.649716551798,0.23209014549542847,8163.333761023737,3302.1183323366613
18908.206430788705,0.18355655005400698,8163.622446845996,3302.225745658455
18908.681974013984,0.1338852643525101,8163.869041200101,3302.317497694176
18908.915486393238,0.10511396062147457,8163.990129739411,3302.3625519212105
18909.104411158183,0.07848578873381033,8164.0880972387995,3302.399003343605
18909.224278207126,0.05931834024552286,8164.150254654025,3302.422130666815
18909.32265550853,0.04180153909861771,8164.201268496714,3302.4411117257837
18909.387305381657,0.029508661223245167,8164.234792881028,3302.4535853654093
18909.431262424878,0.02163666026942085,8164.257586936757,3302.462066500406
18909.46830575041,0.017377739722429963,8164.2767958635895,3302.4692136926496
18909.496703744917,0.017553601108185074,8164.291521728261,3302.4746928422637
18909.525101739422,0.020751329487264932,8164.3062475929355,3302.4801719918014
18909.554421162124,0.02569793247569843,8164.321451266953,3302.4858289229282
18909.582245831953,0.03092465700944775,8164.335879832416,3302.4911974542347
18909.63588743453,0.04113230001237174,8164.363695845307,3302.5015471409974
18909.718298275016,0.05597733569697152,8164.406430232287,3302.5174476047314
18909.81864060511,0.07246912296891211,8164.458463046695,3302.5368077944795
18909.96257020527,0.09371680564121947,8164.533098170023,3302.5645777715167
18910.178727788563,0.12184681548753543,8164.645187329562,3302.606283512294
18910.49637737923,0.1576775085600364,8164.809905472648,3302.66757125224
18910.957025627347,0.20207362622034933,8165.048775997122,3302.756449328835
18911.621770217185,0.2559523513466485,8165.393481290799,3302.8847059856457
18912.577665793833,0.31971855197187965,8165.889163802549,3303.069137606577
18913.944522306254,0.39232142290531746,8166.597951345002,3303.3328603654086
18915.880428941982,0.46969471929680695,8167.601821550404,3303.706375961889
18918.575597760027,0.542039764045039,8168.999409472985,3304.2263837080036
18922.188195255676,0.5895760160979219,8170.87273285948,3304.9233997042347
18927.160696782837,0.5751684193984823,8173.4512387084405,3305.882794107966
18930.637499092838,0.5079169391712668,8175.254145232544,3306.553606929918
18933.760847275487,0.39560646373382047,8176.873767082248,3307.1562234834896
18935.21843312489,0.3184980583811405,8177.629602743768,3307.437448734635
18936.443671761288,0.2336745937791375,8178.264954045504,3307.673844976649
18937.00035760769,0.18543529634880923,8178.553625223175,3307.781251306186
18937.4876277547,0.13481961596866673,8178.806300675181,3307.875264626204
18937.721420645335,0.10614167539214217,8178.927534707015,3307.9203723392584
18937.914359089023,0.07906066051732528,8179.0275835383,3307.957597641634
18938.03481856198,0.05986084140100413,8179.090048173515,3307.9808389401314
18938.13380102434,0.04228772591000137,8179.141375837988,3307.9999364903188
18938.199653992604,0.029775206330890026,8179.175524100026,3308.0126420776082
18938.244028166337,0.021793637779927297,8179.198534466197,3308.0212035735813
18938.281100440967,0.01743223183589108,8179.217758409825,3308.028356250396
18938.310585943676,0.017562377637086235,8179.2330482092175,3308.0340451451375
18938.340071446386,0.020933994967640653,8179.248338008614,3308.0397340397963
18938.370492815247,0.026122803827197408,8179.2641131043265,3308.045603499171
18938.398526382847,0.03140810193299569,8179.278649998252,3308.051012259196
18938.455475636772,0.04222341950199169,8179.30818121153,3308.061999973856
18938.53830863518,0.05705461588045653,8179.351134521281,3308.0779816638187
18938.640891237283,0.0737956130150462,8179.40432904969,3308.0977738154925
18938.78920643996,0.09550662189354966,8179.481238360918,3308.1263895529255
18939.01156839501,0.12416184537460634,8179.596544846879,3308.169291768135
18939.337957793916,0.16058031902007483,8179.765795089036,3308.2322648893833
18939.810997535656,0.20563060858269105,8180.01109132539,3308.3235325080373
18940.49347136788,0.26021939648902725,8180.364990265757,3308.455208006682
18941.47454997608,0.3246821089357267,8180.873731650622,3308.644495795214
18942.876670739126,0.3978131849103375,8181.60080577157,3308.9150186480642
18944.860703640123,0.4752411341388817,8182.629632273623,3309.297814346355
18947.618044244224,0.5466059418289412,8184.05945994921,3309.829810009976
18951.296658551935,0.591234298674016,8185.967017069361,3310.539553224886
18956.40730162845,0.5695187853196674,8188.617157358888,3311.5255865962467
18959.986504516397,0.4926385318484889,8190.473164522324,3312.2161466602784
18962.7958098969,0.3851106837045313,8191.929938901435,3312.7581642945324
18964.245275773883,0.30526774292492903,8192.681564128543,3313.037818922163
18965.341954625183,0.22676009522319193,8193.250250507075,3313.2494079842936
18965.89956620986,0.17713844136965196,8193.539401806722,3313.356991407224
18966.33553884042,0.13072869228454917,8193.765476832386,3313.441106260347
18966.568136840495,0.10163148474216732,8193.88609128227,3313.4859828008803
18966.7436976418,0.07653244887608845,8193.977128907285,3313.519854805926
18966.861554965984,0.057476970628780835,8194.038244206484,3313.5425937292193
18966.958011947612,0.04013277837097069,8194.088262288418,3313.561203754579
18967.019078039226,0.02850219159969458,8194.11992830911,3313.572985602307
18967.061175652598,0.021098327612096537,8194.14175816364,3313.5811077474273
18967.09786346552,0.01722701683922756,8194.160782748535,3313.588186147154
18967.124284503807,0.017630824193625032,8194.174483464005,3313.5932837164123
18967.150705542095,0.020624953466085758,8194.188184179478,3313.5983812856052
18967.179964094856,0.025531234327449873,8194.203356297328,3313.6040263133873
18967.20787307873,0.03076597215253957,8194.21782859184,3313.6094109606875
18967.26036734791,0.040761240309312906,8194.245049666153,3313.619538994032
18967.342675618525,0.05561757763350146,8194.287730888072,3313.6354192204835
18967.442270334504,0.07202529741138687,8194.339376052603,3313.6546346232753
18967.58474458065,0.09311784139262756,8194.413256537324,3313.682123028045
18967.798834053596,0.12107071957952015,8194.524273331506,3313.7234285814166
18968.11356844124,0.15670278859543765,8194.687479874732,3313.7841521480314
18968.57008718386,0.20087776380693012,8194.92420915851,3313.872230992158
18969.22892189921,0.25451539791929095,8195.265850051941,3313.999343811452
18970.176417209714,0.31804279778508215,8195.757176843425,3314.182149529282
18971.53149697846,0.3904593886316881,8196.459857895978,3314.443592713437
18973.451297496344,0.46779853076930883,8197.455376757784,3314.813990362141
18976.125556916257,0.540445508623084,8198.842122789798,3315.3299493299032
18979.715423810634,0.5889170949330533,8200.703660147889,3316.0225602188125
18984.639937648357,0.5768704188222348,8203.257283195671,3316.972669218285
18988.11294311781,0.5118896652145742,8205.058221815812,3317.642730695205
18991.58594858726,0.3861380920207282,8206.85916049369,3318.312791041124
18992.87602782802,0.3164745727249516,8207.528135441673,3318.5616907188523
18994.16610706878,0.2257294933048782,8208.19711039762,3318.810590240605
18994.64544531606,0.18346188927662344,8208.445672869862,3318.9030706134913
18995.124783563337,0.13333147942994406,8208.694235343206,3318.995550964849
18995.34591148867,0.10611391060579618,8208.808901979,3319.03821391709
18995.54259335308,0.07846284879389111,8208.910892027174,3319.0761604049626
18995.66202936917,0.059365777071562466,8208.97282597868,3319.099203591999
18995.760486291805,0.04183911884623345,8209.023881150126,3319.1181992118927
18995.825216622623,0.02953164168319586,8209.057447282923,3319.130687848326
18995.86921707409,0.02164899539805073,8209.080263866417,3319.139177000472
18995.906264055862,0.01738185153300987,8209.099474704602,3319.146324596647
18995.934738698354,0.01755378855311318,8209.114240327153,3319.1518183030917
18995.963213340845,0.020763111518773573,8209.129005949706,3319.157312009461
18995.992589075417,0.025722626993112452,8209.144238836621,3319.1629795664066
18996.02041387163,0.03095051210044244,8209.158667479187,3319.168347895647
18996.074234927437,0.04119124461382987,8209.186576570459,3319.1787317683516
18996.156664160702,0.056034752148779905,8209.229320529334,3319.194635109976
18996.25712628623,0.07253988814230364,8209.28141550578,3319.214017595634
18996.401289210145,0.09381224181204764,8209.356171679763,3319.2418314172573
18996.617778012358,0.12197029956265178,8209.468432683847,3319.283599302074
18996.935893995098,0.15783225878706061,8209.63339280816,3319.3449744395643
18997.39720239702,0.2022629147437045,8209.872605849097,3319.4339761331994
18998.06289056411,0.2561787964836095,8210.217800714243,3319.5624094282534
18999.02012496979,0.31998082897191343,8210.71417787759,3319.7470915760055
19000.388853513734,0.39260952886073974,8211.423936736326,3320.0111643913892
19002.327309167234,0.469981647184471,8212.429129547856,3320.385156030116
19005.025757470805,0.5422673470938281,8213.828419178279,3320.90577457819
19008.641803986564,0.5896363457486392,8215.703532565876,3321.603426633029
19013.621921726375,0.5748180720427148,8218.285989891714,3322.564250040416
19017.104763158895,0.5070194727899541,8220.092029465923,3323.236199758346
19020.20957231941,0.3949562362864,8221.702039135544,3323.8352141985365
19021.666224056135,0.31771094000358263,8222.457391013653,3324.1162474008456
19022.883944966456,0.23323961899744233,8223.088844479667,3324.351183299913
19023.440440069273,0.18493985779666125,8223.377416977177,3324.4585483127444
19023.924692260665,0.13456438584515218,8223.628527659472,3324.5519754235725
19024.158347326484,0.10586942766146562,8223.74969031859,3324.59705464949
19024.350241946668,0.07890530403437895,8223.849197951415,3324.634077001282
19024.47053889554,0.059714752081200875,8223.911578359079,3324.6572859668067
19024.569357685574,0.04215695235671011,8223.96282119168,3324.676351136713
19024.634880516693,0.029704663298108606,8223.99679828721,3324.6889924962957
19024.679147929026,0.021751431156509,8224.019753310256,3324.6975330348023
19024.716216770827,0.017417041981996385,8224.038975489131,3324.704684748622
19024.745385847345,0.017558653621662985,8224.054101216816,3324.710312355911
19024.774554923864,0.020877900645967576,8224.0692269445,3324.715939963121
19024.804590689524,0.02598368245348982,8224.08480209691,3324.721734781097
19024.832503609665,0.03124007549113989,8224.099276440276,3324.7271200371592
19024.888314556556,0.041846937722004915,8224.128217404002,3324.737887675677
19024.970982129886,0.056679642458705486,8224.171084966296,3324.753836778253
19025.072785685472,0.0733343348967535,8224.22387555986,3324.773477796041
19025.219570701433,0.09488418972908194,8224.29999144877,3324.801797110817
19025.439772826445,0.12335730242592918,8224.414178039298,3324.8442808255086
19025.763119991047,0.15957190850329847,8224.581850855233,3324.9066643600886
19026.23184357889,0.20439496988113895,8224.824909130542,3324.997095425359
19026.908141246713,0.25873700654168064,8225.175605681483,3325.1275738206955
19027.880447002448,0.32295759313287975,8225.679798278621,3325.31516110692
19029.270283776965,0.3959049143092573,8226.400503073806,3325.5833026440064
19031.23755578768,0.4733134695016347,8227.4206389771,3325.962848589403
19033.973260355237,0.5450180377063257,8228.839248348459,3326.4906476888946
19037.62904012553,0.5906531360135252,8230.734966056918,3327.1959556789093
19042.692584289132,0.5714770663947,8233.360685144347,3328.172860978815
19046.253331892425,0.49747519130832263,8235.207123728653,3328.859831576529
19049.15676995322,0.38848716343734324,8236.712712110257,3329.419987389291
19050.611438593114,0.3093732197606421,8237.467035846861,3329.700634064115
19051.74668255638,0.22895378897071714,8238.055720757635,3329.919654558256
19052.304849373373,0.17969683891792737,8238.34516020505,3330.0273405941084
19052.756122468792,0.1320262139308117,8238.579169522689,3330.114403811447
19052.989430970818,0.10302009693555676,8238.700152501919,3330.1594155475127
19053.170174906445,0.07732820694383745,8238.793877932674,3330.19428610492
19053.288859431636,0.058225388113132465,8238.85542222861,3330.217183665691
19053.386068068543,0.04081535904178512,8238.90583012394,3330.235937926633
19053.4484959715,0.028931347392503304,8238.938202342093,3330.2479820121616
19053.49143538575,0.021318558481059915,8238.960468732925,3330.25626622387
19053.528306289027,0.01728281411896878,8238.979588275131,3330.263379650266
19053.555231996943,0.017579334053205057,8238.993550699788,3330.2685743708034
19053.58215770486,0.020590231538458948,8239.007513124448,3330.2737690912727
19053.611020708104,0.025416409061391896,8239.022480140717,3330.2793375700007
19053.63894557303,0.03064833000047959,8239.03696068192,3330.2847250555947
19053.69064453115,0.040496084381489716,8239.06376936642,3330.2946992269103
19053.77289455232,0.055362941015135406,8239.10642041683,3330.3105675500874
19053.871960237153,0.07171087190499834,8239.157791291404,3330.3296800829676
19054.01340735216,0.09269347536037828,8239.231139212272,3330.356969173878
19054.226034416566,0.12052042068236583,8239.341397757447,3330.397990857459
19054.538706561023,0.15601110503106577,8239.503535046715,3330.4583140161553
19054.992305084612,0.2000285899586297,8239.738750228467,3330.5458257793603
19055.64695989931,0.2534941154917323,8240.078223890745,3330.6721268558304
19056.588511746173,0.31685016264136,8240.566469067951,3330.85377825955
19057.935254053846,0.389131141316793,8241.264827257932,3331.1136019713167
19059.84363990065,0.46643998962132505,8242.254427791016,3331.481781913618
19062.50304500687,0.5392907774548397,8243.633472165178,3331.994853493117
19066.076595478135,0.5884098115212785,8245.4865500592,3332.6842875425577
19070.96660654128,0.5780024373213913,8248.022283589724,3333.627700343042
19074.495811893335,0.5130753910939139,8249.852366298286,3334.308576258099
19078.025017245393,0.3856281091252741,8251.682449065805,3334.9894510168615
19079.30456102004,0.316473386640921,8252.345961338411,3335.2363077351083
19080.584104794685,0.22659428855749397,8253.009473618764,3335.483164301442
19081.06825976544,0.18400860032881003,8253.260534018289,3335.57657008039
19081.552414736198,0.13344065753647127,8253.511594418924,3335.669975837593
19081.77347776747,0.10624626838500514,8253.626227494547,3335.7126244884844
19081.970714264906,0.07853192775435182,8253.728505230625,3335.750676394439
19082.09021669543,0.05943184896042556,8253.790473670677,3335.7737314322258
19082.188747325086,0.04189838322310388,8253.841567103644,3335.792740478828
19082.25362127458,0.02956469193457017,8253.875207737055,3335.8052563014207
19082.297675195758,0.02166815770999919,8253.898052065557,3335.8137554147293
19082.33472775334,0.01738826988570869,8253.917265810325,3335.8209037881475
19082.363324135025,0.017554248172831733,8253.932094572901,3335.826420751748
19082.39192051671,0.02078223797116922,8253.94692333548,3335.831937715273
19082.421392517157,0.025763609324379745,8253.962206153503,3335.837623607669
19082.449220380535,0.030993959987932508,8253.976636397996,3335.8429923044732
19082.50334235523,0.041290166949491294,8254.00470155402,3335.8534337984142
19082.585803525566,0.056131330418998024,8254.047462107861,3335.8693426374216
19082.686466902607,0.07265892057188941,8254.099661485337,3335.8887631402135
19082.831022157163,0.09397280915672727,8254.174621163114,3335.9166514908907
19083.048067584863,0.12217809298820145,8254.287170896434,3335.9585250187192
19083.366967543865,0.15809279557680012,8254.452537685358,3336.0200488422292
19083.82938619287,0.2025818948246024,8254.69232663872,3336.1092610142705
19084.496661974532,0.25656092683278653,8255.038345041,3336.23799523768
19085.456150265178,0.3204243908577158,8255.535891358313,3336.4231045059482
19086.828032815,0.3930985627345069,8256.247286301175,3336.687774784009
19088.770788552556,0.4704721939145512,8257.254709734012,3337.062580405566
19091.474783073005,0.5426640318071816,8258.656876484654,3337.584247229741
19095.096709840658,0.5897616117218079,8260.535040584013,3338.283004623659
19100.089549531243,0.5742703725618432,8263.124096970274,3339.246242331273
19103.584086469044,0.5055276043410223,8264.93620272288,3339.9204203750114
19106.657507269032,0.39390441404890614,8266.529937108091,3340.513354316173
19108.113229761675,0.3163988470603079,8267.284807719892,3340.794196541754
19109.31817392828,0.232536308610035,8267.909636254059,3341.026657733609
19109.87461794207,0.18411330574334767,8268.198182487073,3341.1340084205776
19110.353744420874,0.13415026857039478,8268.446635409235,3341.226442776246
19110.58725478777,0.10541700292447635,8268.567723129836,3341.2714922101122
19110.77739196643,0.07865102792442154,8268.66631951301,3341.308173970754
19110.897425741612,0.059475127947466754,8268.728563500179,3341.331331198152
19110.99597734053,0.04194228020254188,8268.779667820236,3341.3503440273626
19111.060968934118,0.02958702565664593,8268.813369467276,3341.3628823731033
19111.1050523426,0.021682163510707127,8268.836229092525,3341.371387057663
19111.14210871298,0.017392996728296056,8268.855444819474,3341.3785360678185
19111.170796293703,0.01755471458810795,8268.870320877557,3341.38407054949
19111.19948387443,0.020796876575913958,8268.885196935646,3341.3896050310864
19111.229033483844,0.025795698456705415,8268.900520002113,3341.395305817387
19111.25686635021,0.031028467932069915,8268.914952844709,3341.4006754051493
19111.311226739126,0.041368608543378635,8268.943141638727,3341.4111627502007
19111.393714223457,0.05620810404811164,8268.985915849005,3341.4270764458065
19111.49453741887,0.072753538195346,8269.038198114613,3341.4465275126477
19111.639404521986,0.09410046524549924,8269.113319522347,3341.4744756403425
19111.856892120402,0.12234330991427314,8269.226098574545,3341.5164338939007
19112.176414966925,0.15830002400022072,8269.391788407607,3341.5780770357856
19112.639716134956,0.20283579247695196,8269.632035057564,3341.667458232126
19113.30825434297,0.2568654259878126,8269.978708186733,3341.7964342260434
19114.269535638137,0.32077844537430794,8270.477184404066,3341.98188684579
19115.6439288014,0.3934900305929675,8271.189881421955,3342.2470378181315
19117.590110827445,0.4708670557540855,8272.199081834337,3342.6224992654315
19120.298532995937,0.5429880278735666,8273.603544926951,3343.1450130696426
19123.925181793104,0.5898761209305611,8275.484158145648,3343.8446717892202
19128.928066127803,0.5738611163528224,8278.078423900562,3344.8098340140823
19132.43257133838,0.5043597549936759,8279.895699215765,3345.4859258321617
19135.481143684134,0.3930995277076689,8281.476548751465,3346.0740578130594
19136.93650304581,0.31537106759469224,8282.231231257627,3346.354826109194
19138.131300427423,0.23199904571635457,8282.850798298508,3346.5853265763053
19138.687866603123,0.1834657107275709,8283.139407954483,3346.6926993507886
19139.162926069686,0.13383294897504133,8283.385751975802,3346.7843478242817
19139.396373538904,0.10506375383927591,8283.506807112193,3346.8293845030144
19139.58512633751,0.07845477374928506,8283.604685645209,3346.865798683567
19139.704958713504,0.059289876024084046,8283.666825212265,3346.8889167378998
19139.80330489075,0.04177617667526488,8283.717823023426,3346.9078896751525
19139.867894803792,0.029494400666696743,8283.751316386186,3346.9203503559233
19139.911828312226,0.02162856766732552,8283.774098286127,3346.9288260045773
19139.948869444623,0.01737511749671239,8283.793306116375,3346.9359719765025
19139.977217227228,0.017553560102738924,8283.808005974646,3346.9414408280845
19140.005565009833,0.02074365182200399,8283.82270583292,3346.9469096795915
19140.034849197626,0.025682022459464958,8283.837891267924,3346.9525591822207
19140.062675288013,0.03090821056830231,8283.852320600578,3346.9579273887684
19140.116202684017,0.04109464925069518,8283.880077450087,3346.9682538883994
19140.198602794077,0.055940609495064526,8283.922806363253,3346.984150508486
19140.298869695293,0.07242373635996055,8283.974800173894,3347.003493987096
19140.442651983587,0.09365542373401715,8284.049359066094,3347.031232447369
19140.658600570332,0.12176704316135423,8284.161340086963,3347.0728932169313
19140.97595469551,0.15757672936721615,8284.325905363987,3347.134117120242
19141.436182642665,0.2019488123315577,8284.564558445436,3347.222904200259
19142.100323059243,0.2558002818130719,8284.908951172381,3347.3510299971467
19143.05535495075,0.31953746227666835,8285.404186865971,3347.5352744306974
19144.420990607312,0.392113289291113,8286.11234282881,3347.7987322595222
19146.355205233787,0.4694693521859893,8287.11533776015,3348.1718797986787
19149.04811983517,0.5418219236096876,8288.511759705914,3348.691394713645
19152.65805713935,0.589415484086797,8290.383707600366,3349.3878198624398
19157.625809999576,0.5751789072860595,8292.959756457623,3350.3461913402525
19161.09925869488,0.5081579988309796,8294.760927758827,3351.0162825376137
19164.572707390187,0.3793858109841371,8296.562099116503,3351.686372626031
19165.802034867622,0.3116756858817992,8297.19957203831,3351.923531515571
19167.031362345057,0.22429840016816788,8297.837044967186,3352.1606902662766
19167.51026645163,0.18184425278930735,8298.085382705847,3352.2530791988565
19167.989170558205,0.1314105270167223,8298.333720445582,3352.3454681103717
19168.204867670316,0.10465687666363944,8298.44557109109,3352.387079818929
19168.39737210542,0.07741677606345294,8298.545395076484,3352.424217254812
19168.515563385674,0.058408512873507894,8298.60668366261,3352.4470183958106
19168.61298471128,0.040977325398802444,8298.657201901331,3352.4658126525674
19168.675750534174,0.029030914187167033,8298.68974938318,3352.4779212636818
19168.718881186942,0.02137065860205493,8298.712114964861,3352.486241911197
19168.75578816586,0.017297182122136087,8298.731253234258,3352.4933619044473
19168.782892524297,0.017571209352882877,8298.745308313513,3352.4985908029334
19168.809996882734,0.020598820609432963,8298.75936339277,3352.5038197013514
19168.838847630384,0.025424778217131287,8298.774324069516,3352.5093855083082
19168.866763469934,0.03065538163229884,8298.78879994573,3352.5147709552907
19168.91851592405,0.04051302880660644,8298.81563639887,3352.5247548962025
19169.00076974246,0.055379137842705775,8298.858289463,3352.5406230758003
19169.09986951316,0.07173082380694096,8298.90967806672,3352.559741129189
19169.24138263909,0.0927203369051184,8298.983060294613,3352.587041448076
19169.454103827655,0.12055512671423872,8299.093367763682,3352.628079025006
19169.766908260695,0.1560544188709469,8299.255573821465,3352.6884243740824
19170.220693211628,0.2000811573611629,8299.4908859221,3352.775967271116
19170.875613492935,0.2535562494381659,8299.830497598505,3352.9023125884446
19171.81754026693,0.31692077487522685,8300.318937706714,3353.08402629519
19173.164803345757,0.38920619721081406,8301.01756667551,3353.343936132591
19175.073890653646,0.4665098154561951,8302.007531989473,3353.712231081958
19177.73417905121,0.5393355143990787,8303.387035840376,3354.2254447583914
19181.308593815364,0.5883934684291482,8305.240563854415,3354.915007523313
19186.200896486367,0.5778455141677382,8307.777488357515,3355.8588104088312
19189.72235392928,0.5129799424411464,8309.603555265567,3356.5381541200773
19193.24381137219,0.3858549188451742,8311.429622231446,3357.2174966952484
19194.526341523786,0.3165847942815208,8312.094683795049,3357.464915940402
19195.80887167538,0.22650434536360717,8312.759745366318,3357.7123350349393
19196.29235688792,0.18396903357977182,8313.010458721705,3357.805606466593
19196.77584210046,0.13347106767751332,8313.261172078179,3357.8988778768467
19196.997047904162,0.10626236220028179,8313.375879308627,3357.9415517234975
19197.194309655315,0.07854700433124827,8313.478170246804,3357.9796064071547
19197.313831777374,0.059445526648136314,8313.540148962618,3358.002663974962
19197.412377394197,0.0419108022876475,8313.591250220532,3358.0216748667153
19197.47728209395,0.029571550823276282,8313.62490683471,3358.034195932727
19197.52134686258,0.021672207729151915,8313.647756812032,3358.0426966709574
19197.558400688635,0.01738965031379824,8313.66697123461,3358.0498448957064
19197.58702295194,0.017554379491488192,8313.681813433675,3358.0553665486505
19197.615645215243,0.020786338273853573,8313.696655632744,3358.06088820152
19197.645138676286,0.025772518432851853,8313.711949595192,3358.0665779210854
19197.67296797254,0.031003525542460112,8313.726380597758,3358.0719465988755
19197.727156140074,0.041311883781214746,8313.754480107636,3358.0824002877944
19197.80962475369,0.05615253194957776,8313.797244565818,3358.0983096872733
19197.910332698066,0.0726850080416272,8313.849467108315,3358.1177377190775
19198.054974744915,0.09400794362964543,8313.924471870787,3358.145641278625
19198.272143318198,0.12222344162446058,8314.037085579157,3358.187536258877
19198.59121632181,0.1581493832869462,8314.202542273559,3358.2490900798684
19199.053879352818,0.20265066350306896,8314.442458202315,3358.3383444880656
19199.72150345736,0.25664239627917135,8314.78865758973,3358.4671388251527
19200.681484109955,0.3205173161295661,8315.286459742207,3358.6523328934873
19202.05405125275,0.39319797165880954,8315.998210425321,3358.917120680556
19203.997730444193,0.4705659579933599,8317.006113769154,3359.2920838361965
19206.702890138054,0.5427270843922577,8318.408886186502,3359.813946755746
19210.325954521704,0.5897486202048053,8320.287642157726,3360.5128852050534
19215.321613558845,0.5740791731560603,8322.878163223626,3361.4766138840387
19218.819064050953,0.5050839332637486,8324.691781698037,3362.1513169691957
19221.883605453524,0.3935929839193784,8326.280913289527,3362.7425054170462
19223.33898189069,0.31601977317826546,8327.035605237461,3363.02326547338
19224.540312153193,0.23233128131457517,8327.658560414931,3363.2550167451473
19225.09671410421,0.18387597609766898,8327.947085135973,3363.362353428637
19225.574392193852,0.1340299208806729,8328.194787247638,3363.4545033020972
19225.80785055992,0.1052871336852025,8328.315848128801,3363.4995402333275
19225.99749054829,0.07857731368151048,8328.414186794174,3363.53612406797
19226.117447253993,0.059405930791794515,8328.476390881295,3363.5592651575794
19226.215922144074,0.04188032568170475,8328.52745547674,3363.578262145906
19226.28076331595,0.029552629885624508,8328.561079156945,3363.5907707857905
19226.324791478768,0.02166221220466032,8328.58391015806,3363.599264346337
19226.361842901522,0.017386283194171688,8328.60312333936,3363.606412009931
19226.390400321765,0.01755409799910787,8328.617931917599,3363.6119210785355
19226.418957742007,0.020776022376206113,8328.632740495843,3363.617430147065
19226.448397910142,0.025750144306194458,8328.648006826965,3363.6231095081625
19226.476224812563,0.030979655586011956,8328.662436591927,3363.628477650905
19226.530247871284,0.04125755240980859,8328.690450491147,3363.6388993457317
19226.612698765555,0.05609940156027277,8328.733205771929,3363.65480510988
19226.71329631,0.07261950141905084,8328.785371079535,3363.6742115791576
19226.857722946886,0.09391953516964822,8328.860264159577,3363.7020732028636
19227.07458603265,0.12210895168190898,8328.972719485108,3363.7439086793765
19227.393228479275,0.15800563412194077,8329.137952954985,3363.805378601088
19227.855281166685,0.20247427354472752,8329.377552449285,3363.894514049235
19228.522031601024,0.2564303772398282,8329.723298880484,3364.023138088281
19229.480770274477,0.3202699405875216,8330.220457127616,3364.2080900385645
19230.851596057677,0.3929228791214944,8330.931305004598,3364.4725382865745
19232.79289357961,0.47028540479576386,8331.937973583064,3364.847036879312
19235.49496189909,0.5424903211975658,8333.339143316107,3365.36829632641
19239.11467726691,0.5896483082923907,8335.216163124367,3366.0665791937586
19244.10338940019,0.5743254872325823,8337.803082509035,3367.028954623537
19247.594180643344,0.505829579097653,8339.61324826633,3367.7023638944293
19250.67483706973,0.3941091190662259,8341.210736786314,3368.2966530505632
19252.13042900024,0.31668254047902633,8341.965540673535,3368.5774508595227
19253.338337054043,0.2326778214360315,8342.591906955278,3368.8104678987247
19253.89465726764,0.18429444875807638,8342.880389365255,3368.9177873546196
19254.374973163278,0.13423472860260133,8343.12945938712,3369.0104448326724
19254.608470055507,0.10551554321437596,8343.250540277357,3369.0554885835104
19254.79900853905,0.07870397302716556,8343.34934488685,3369.0922452488257
19254.91909493984,0.05952561599367181,8343.411616243962,3369.1154110431453
19255.017702933263,0.04198764509157183,8343.462749873901,3369.134433450022
19255.08280624084,0.029612058003467185,8343.496509494436,3369.146992488239
19255.126929281716,0.02169686200382884,8343.519389700881,3369.1555042361515
19255.16398926738,0.017398033039581148,8343.538607327462,3369.162653454413
19255.192774511957,0.01755533429143385,8343.553534048871,3369.168206397548
19255.221559756534,0.020812788299613225,8343.568460770284,3369.173759340608
19255.251197518828,0.025831237001685287,8343.583829568699,3369.179476742235
19255.279039089364,0.031067245281494713,8343.598266943593,3369.1848476415944
19255.33366682986,0.04145656091904487,8343.626594410549,3369.195385843467
19255.416185223585,0.05629433172023896,8343.669384704484,3369.21130441259
19255.517188365055,0.0728597372351687,8343.721760349725,3369.230788861414
19255.662406684198,0.09424368011523904,8343.797063979528,3369.2588028291216
19255.88039207231,0.12252849505595052,8343.910101309062,3369.3008542392786
19256.200615654296,0.15853195018044186,8344.076154726505,3369.362628340729
19256.6649089361,0.20311932652601453,8344.31691615304,3369.4521948080474
19257.334865000033,0.2572043638927861,8344.664324967263,3369.5814354932295
19258.29815745514,0.32117056223082147,8345.16384472689,3369.767263394074
19259.675361312737,0.3939199141633695,8345.878000166844,3370.0329384332745
19261.625366960794,0.47129350676111803,8346.889184643614,3370.4091118066617
19264.338698021587,0.5433226715790428,8348.296195084196,3370.9325368430655
19267.970457016087,0.5899557280615658,8350.17946065439,3371.633133527242
19272.984605285066,0.5733155542419625,8352.779570732322,3372.600402696049
19276.500726984978,0.502904753951941,8354.602872183272,3373.2786892379677
19279.51899095256,0.3921055762789072,8356.168007210164,3373.8609343530725
19280.973893853177,0.314108102944481,8356.922453991565,3374.141595430191
19282.156300105642,0.231341403940533,8357.535596354233,3374.3696898319504
19282.713032120806,0.18267231526895808,8357.824292379883,3374.4770872715194
19283.18313067892,0.13344460924755353,8358.068064216806,3374.567772498757
19283.416501464508,0.10463164592257508,8358.189079744896,3374.6127913120645
19283.603569541745,0.07821432152951889,8358.28608478407,3374.6488780141417
19283.72315461927,0.05906319671486994,8358.34809619359,3374.6719467857806
19283.821251054756,0.041572867994612336,8358.398964565842,3374.690870251818
19283.885361216056,0.02937906897059915,8358.432209194318,3374.7032375351723
19283.92910214408,0.021562997309171314,8358.454891260195,3374.7116754555645
19283.966118610617,0.017354086301230417,8358.474086324652,3374.7188161817908
19283.994089217893,0.017554434076378782,8358.488590615849,3374.7242119006305
19284.02205982517,0.020689589894336544,8358.503094907048,3374.7296076194
19284.051124925038,0.025575654145680936,8358.518166752583,3374.735214473096
19284.07897035033,0.030800375566788465,8358.532606130078,3374.7405860432727
19284.13174582115,0.04084768310735996,8358.559973101059,3374.7507667870314
19284.214077578054,0.05570108168930903,8358.602666624554,3374.7666491369305
19284.31384692797,0.07212818382355438,8358.65440249475,3374.785895315031
19284.4566606565,0.09325651379911146,8358.728459231972,3374.8134450414773
19284.67123308437,0.12125007453484382,8358.83972678373,3374.8548374990182
19284.986647052145,0.15692721420308248,8359.003286195419,3374.915682956998
19285.444125843504,0.20115143549621406,8359.240513997216,3375.003933650901
19286.10433068647,0.2548412499337238,8359.582866358394,3375.1312915116705
19287.05376647486,0.31841744053130056,8360.075200805391,3375.31444385677
19288.411552448313,0.3908657912903783,8360.779287191648,3375.576369469314
19290.335022323965,0.46819320631116185,8361.77671167535,3375.9474188446243
19293.013964031186,0.5407367883050769,8363.165889711152,3376.4642029053753
19296.60862861661,0.5889365746804259,8365.029920277284,3377.1576344278637
19301.544549102688,0.5762420958332788,8367.58946562219,3378.1098000409647
19305.009188249343,0.5108630228385724,8369.386071008119,3378.778146253014
19308.473827396,0.38475712084139546,8371.182676449202,3379.4464913797347
19309.752498426835,0.31543428189480055,8371.84573753071,3379.6931527393367
19311.03116945767,0.22527769647969575,8372.508798619725,3379.939813951184
19311.50965127817,0.18302275531426196,8372.756917699453,3380.03211514068
19311.988133098672,0.132898730878664,8373.00503678023,3380.1244163094902
19312.208099184456,0.10577788104311571,8373.119101266775,3380.166848691716
19312.403795597875,0.07822518435104436,8373.220580596539,3380.2045993484894
19312.522950132225,0.05914834096326439,8373.282368761635,3380.22758475491
19312.62116937813,0.04164387733994023,8373.333300830822,3380.2465316559483
19312.685435239327,0.029421616420875596,8373.366626206729,3380.2589288073896
19312.729253983784,0.021586118737015648,8373.389348630491,3380.2673816249053
19312.766279560212,0.017361438088916253,8373.40854842383,3380.274524012004
19312.7943785197,0.017553844395456118,8373.423119276396,3380.2799444176267
19312.822477479185,0.02070727352413708,8373.437690128967,3380.2853648231776
19312.851608333236,0.025609362357434745,8373.452796075502,3380.2909842853846
19312.879445280178,0.03083410221564648,8373.467231060196,3380.296354147488
19312.932456482395,0.04092502843383205,8373.494720277835,3380.306580227275
19313.014808768134,0.05577589986582375,8373.537424457561,3380.322466322717
19313.114733808725,0.07222049017972425,8373.589241075131,3380.3417422741973
19313.257850327587,0.09338106019001807,8373.663454844673,3380.369350037979
19313.472853230585,0.12141142617483354,8373.77494564983,3380.410824976777
19313.788873855545,0.15712976986837768,8373.938819688337,3380.471786639464
19314.247211629146,0.20139974769475505,8374.176492980161,3380.5602018423924
19314.90864531472,0.2551392638096806,8374.519482651116,3380.687795031458
19315.859826931257,0.31876433672943705,8375.01272253157,3380.871281679729
19317.22005876987,0.39125006385623184,8375.71807741298,3381.1336755712523
19319.14686990515,0.4685822287581175,8376.717234777923,3381.5053644765885
19321.83013976521,0.5410590066712994,8378.108657553299,3382.0229764744613
19325.429475925615,0.5890576366585574,8379.97511106342,3382.7172997965454
19330.375420683667,0.5758601213626513,8382.539855197252,3383.671386267332
19333.839388776774,0.5100346508941314,8384.336113063267,3384.3395940131286
19337.30335686988,0.38329467474869255,8386.132370984213,3385.0078006775684
19338.568884686843,0.3143878325939814,8386.78861675546,3385.251923361337
19339.834412503806,0.224952816834021,8387.444862534037,3385.496045900847
19340.312731166385,0.1826616857047597,8387.692897070569,3385.588314373734
19340.791049828964,0.13247783329262153,8387.940931608146,3385.680582826018
19341.00982875678,0.10545793653842693,8388.054380517011,3385.722785632131
19341.204604411378,0.07799577630086615,8388.155382408502,3385.760358164711
19341.323486172987,0.05893830993147023,8388.21702914165,3385.7832906433277
19341.421477134576,0.041454885776593065,8388.267842845822,3385.8021932528377
19341.485303592548,0.02931325120954903,8388.300940375466,3385.8145054757847
19341.528938059575,0.021525118825257806,8388.323567247027,3385.8229226320836
19341.565936596096,0.01734236383257843,8388.342753023571,3385.830059706971
19341.593709281293,0.017556068320919833,8388.357154688678,3385.835417100796
19341.62148196649,0.020663937733208754,8388.371556353788,3385.840774494551
19341.6504629107,0.025528751955716918,8388.386584567668,3385.8463649632577
19341.67832426955,0.03075418480798466,8388.401032214952,3385.8517394621545
19341.73077611775,0.040741518601590226,8388.428231383756,3385.861857504012
19341.813081438737,0.0555986011209618,8388.470911220544,3385.877734325995
19341.91263795274,0.07200168732718215,8388.522536749988,3385.8969389286135
19342.055037859653,0.09308577752749525,8388.596378935694,3385.9244080851854
19342.26902171019,0.12102872937867175,8388.707341334453,3385.965685888891
19342.58360575623,0.15664903751402012,8388.870470469448,3386.0263696127654
19343.039908913663,0.20080988666797783,8389.10708876131,3386.114391145249
19343.698430798933,0.25443039679405577,8389.448568590835,3386.241420926859
19344.645473395856,0.3179375100186275,8389.9396622873,3386.4241066839836
19345.99990199533,0.39033103025395927,8390.642008049172,3386.6853775941963
19347.91877507651,0.4676457557212815,8391.63704935006,3387.0555302429957
19350.59173501515,0.5402704220861201,8393.023126216982,3387.571146492771
19354.179838558357,0.5887288791904723,8394.883755470197,3388.2632937133403
19359.10201639226,0.5766918426265104,8397.43617579478,3389.212782742659
19362.573505237495,0.5117340584583329,8399.236334040053,3389.8824322841187
19366.04499408273,0.38602292765588664,8401.036492340294,3390.5520807430576
19367.33450003232,0.3163819584715626,8401.705172261341,3390.800825519001
19368.62400598191,0.22566662614518418,8402.373852189972,3391.0495701456566
19369.103162979438,0.18341023571263285,8402.622321512275,3391.141999094469
19369.582319976966,0.13329305406826303,8402.870790835625,3391.234428022672
19369.803361741855,0.10608303438366795,8402.985413179045,3391.277066761528
19369.99995831087,0.0784411451776801,8403.087359340672,3391.3149900424787
19370.119367650128,0.05934657097354949,8403.149279667554,3391.3380239825447
19370.217803810578,0.041822176444827726,8403.200324244766,3391.3570122167926
19370.282494708677,0.029522114825529164,8403.233870042675,3391.369491024119
19370.326479335527,0.021643671955998714,8403.25667849715,3391.377975612926
19370.36352534634,0.01738014315499347,8403.275888896596,3391.3851217497754
19370.391965561248,0.017553735755870842,8403.290636716318,3391.3906078374866
19370.420405776156,0.020757688384661403,8403.305384536045,3391.396093925125
19370.449755576148,0.02571114442391393,8403.3206040258,3391.4017554706966
19370.47758126231,0.030938573725267392,8403.33503317849,3391.407123016241
19370.53131966739,0.04116387602308062,8403.362899504878,3391.417489097766
19370.613741292436,0.056007936404192264,8403.405639662555,3391.433388141595
19370.71414915614,0.07250667157835264,8403.45770667686,3391.4527567109117
19370.85820577785,0.09376720336872231,8403.53240797927,3391.4805450772956
19371.07454393869,0.12191153889604284,8403.644591245886,3391.522276470832
19371.392446133683,0.15775748101075232,8403.809441065468,3391.583599447349
19371.853448901897,0.20216925871001823,8404.048496424708,3391.672526347675
19372.518695338247,0.2560628436375294,8404.393463391452,3391.800851581533
19373.47529384497,0.3198394898798643,8404.889512478789,3391.985378208169
19374.843114510957,0.3924411963118589,8405.598802944083,3392.2492289199713
19376.78029192161,0.46978833368473694,8406.603336302194,3392.622907472018
19379.47698611336,0.5420585396140313,8408.001721040966,3393.1430950861777
19383.09077861101,0.5894350820910778,8409.875671907623,3393.8401883444876
19388.06752633727,0.5746784841442627,8412.456390383355,3394.800190992128
19391.547784702263,0.5069794972583901,8414.261096566966,3395.4715231287964
19394.653729101494,0.3949166501618091,8415.871700331732,3396.070650229183
19396.109759920633,0.3177187277844557,8416.626732767716,3396.3515137886384
19397.327974021795,0.2332245508055083,8417.25844410173,3396.586503139062
19397.884219272048,0.18495047547662286,8417.54688800619,3396.6938009088985
19398.368671309374,0.13455782997330706,8417.798103163072,3396.7872499956607
19398.6022431071,0.10587428386479031,8417.919223050021,3396.832305162891
19398.79419490106,0.07890324925182554,8418.018760664809,3396.869331976092
19398.914485251014,0.05971410471028787,8418.081137860072,3396.8925355518613
19399.013303836095,0.0421566586077698,8418.132380758487,3396.9115973004605
19399.078827338322,0.029704451393486733,8418.16635831613,3396.9242365471996
19399.12309409189,0.021751482605358897,8418.189313074663,3396.932775443739
19399.160163594144,0.017417114701010133,8418.208535660573,3396.939926016416
19399.18933171753,0.017558681618962787,8418.223660944801,3396.9455524416503
19399.218499840918,0.02087763700341866,8418.238786229034,3396.951178866809
19399.24853395,0.02598295324513681,8418.254360574721,3396.956972337387
19399.27644739423,0.03123932644452241,8418.268835238467,3396.9623567393423
19399.332253388737,0.041845100042882,8418.297773731298,3396.9731215126776
19399.41492117334,0.05667769849361939,8418.340641547105,3396.989067827095
19399.516722196506,0.0733317817109639,8418.393431004752,3397.0087048726723
19399.66350178289,0.09488052628970045,8418.469544333733,3397.0370181171943
19399.883696391214,0.1233521084518115,8418.58372740989,3397.079492846896
19400.207031394326,0.1595643384549756,8418.751394482455,3397.141862971369
19400.67573495829,0.2043836783790966,8418.994443190413,3397.2322741361854
19401.351999468287,0.25871987025217325,8419.34512372466,3397.36272299671
19402.324249653724,0.3229312195770246,8419.849289198188,3397.5502663003913
19403.713991204193,0.39586382148404115,8420.569947033599,3397.8183419282987
19405.681094071522,0.47324874634581543,8421.589998650205,3398.1977879669566
19408.416477440962,0.5449152841096493,8423.008446221893,3398.725431574275
19412.07152493045,0.5904908849377607,8424.9037905596,3399.4304733644894
19417.13488566749,0.5712079480521088,8427.529423330705,3400.4071703083946
19420.695538422086,0.49707955308755375,8429.375818915903,3401.09400103286
19423.592782748434,0.3882043604432582,8430.878200544477,3401.652863012443
19425.046674611243,0.30907236037039265,8431.63212400417,3401.9333102151836
19426.179407633746,0.2287784910423501,8432.219508823304,3402.1518076328784
19426.73735962301,0.1795138726662515,8432.508837839236,3402.259433188751
19427.187635331313,0.1319246803277514,8432.742330739453,3402.346288622623
19427.42083587306,0.10291984936193835,8432.863258140118,3402.3912715756437
19427.601232730973,0.07726731969479193,8432.956803905454,3402.4260690188567
19427.7198503498,0.058169248230005945,8433.018313712655,3402.4489496256347
19427.81700622969,0.040763797480495675,8433.06869441921,3402.46769039446
19427.879326087852,0.028899998763352266,8433.101010718461,3402.4797115095316
19427.922206219966,0.02130216850039945,8433.123246442723,3402.487982821519
19427.959065461055,0.017278474656419206,8433.142360001408,3402.4950927407754
19427.985939125996,0.017582259664203192,8433.156295485613,3402.5002765041795
19428.012812790937,0.02058872696464748,8433.170230969825,3402.5054602675195
19428.041685057025,0.02541612676249011,8433.185202839464,3402.5110295485565
19428.069612828553,0.030648498792808666,8433.199684936351,3402.5164166423806
19428.121311703777,0.04049606814239626,8433.226493667558,3402.526389034414
19428.203562496696,0.055362775352135976,8433.269145260861,3402.5422547011835
19428.30262937374,0.07171052726951808,8433.320516925533,3402.561364085269
19428.444078165325,0.09269279429413878,8433.393865961196,3402.5886486754093
19428.65670790052,0.12051911633797292,8433.504126260197,3402.629663622491
19428.96938236621,0.1560084734265128,8433.666265295571,3402.6899765655285
19429.42298150361,0.200023446250865,8433.901481582478,3402.777472978231
19430.07763290831,0.25348451768411095,8434.24095461203,3402.903751072896
19431.01917192467,0.3168328486687438,8434.729194768941,3403.0853678972585
19432.365879950314,0.389100609861464,8435.427537517236,3403.3451390818877
19434.274182547724,0.4663869799931862,8436.417098189624,3403.7132379156224
19436.933385869062,0.5391998683047138,8437.796042536622,3404.2261799458993
19440.50637677735,0.5882570080355866,8439.648836457674,3404.915384324848
19445.396627574166,0.5777365603949698,8442.184702771143,3405.8586768679797
19448.918213195095,0.5128757272040989,8444.01084033424,3406.5379628899796
19452.439798816024,0.385724950536296,8445.836977953288,3407.2172478088196
19453.72134923554,0.3164925045851431,8446.501532995415,3407.4644480767074
19455.002899655057,0.2264706734376274,8447.166088044945,3407.711648198576
19455.486358202597,0.18393529716817794,8447.416788147399,3407.804903182104
19455.969816750137,0.13343544919905087,8447.667488250907,3407.898158144856
19456.190929296492,0.10623518947978391,8447.782147384993,3407.9408088313144
19456.388118827133,0.07852727138853709,8447.884401107127,3407.978844972512
19456.507616551615,0.05942797275792521,8447.946367313407,3408.0018950400013
19456.60614310375,0.041895246374419846,8447.997458802267,3408.0208999505303
19456.67101092258,0.0295628776710773,8448.031096368728,3408.033412385198
19456.715061548628,0.021667287542725087,8448.05393906467,3408.041909365313
19456.75211451762,0.017388033571161695,8448.073153086825,3408.0490565585105
19456.780704077883,0.017554256014527758,8448.087978361542,3408.054571234205
19456.809293638144,0.02078105757136105,8448.102803636262,3408.060085909827
19456.838759739378,0.025760983908607038,8448.11808344616,3408.0657696624457
19456.866588309127,0.030991259923031388,8448.132514105046,3408.071137549525
19456.920691763156,0.041283877011523404,8448.160569750626,3408.0815736311824
19457.003151786907,0.056125051434879225,8448.203329852431,3408.0974794458803
19457.103803617683,0.07265102740710933,8448.25552341652,3408.1168942996364
19457.248335821572,0.09396194118839232,8448.330471391098,3408.1447732902257
19457.465348763864,0.12216358071503845,8448.44300465407,3408.186633174108
19457.78420143206,0.15807355327013609,8448.608347471245,3408.2481370359396
19458.24655033544,0.20255632969658302,8448.848101056798,3408.337320037341
19458.913721905552,0.2565267184701528,8449.194066572729,3408.466011480442
19459.873053862288,0.32037824866531067,8449.691533480156,3408.651057986028
19461.244700442527,0.393035763147156,8450.402808429848,3408.915636131829
19463.187095839596,0.4703858687183056,8451.410048361855,3409.2903062457062
19465.890524922208,0.5425441646601142,8452.81192657079,3409.811772163774
19469.511475475447,0.589594691307413,8454.689590700471,3410.510218284873
19474.503639169667,0.574027760160747,8457.278305158336,3411.473156167801
19477.998053418036,0.5051910421198206,8459.090353314905,3412.147192016506
19481.066284431217,0.3936566679225335,8460.681401803819,3412.73902069757
19482.521235564654,0.31614393378524097,8461.435874931078,3413.0196647924004
19483.724095559053,0.2323816220498616,8462.059624781654,3413.2516831334096
19484.280294407665,0.18395820327559217,8462.34804484132,3413.3589676740767
19484.758587105833,0.13406135592334173,8462.596066227026,3413.451224967244
19484.991989855844,0.10533123862565602,8462.717098544446,3413.496245730673
19485.18183071539,0.07859827915882231,8462.815541597123,3413.53286389218
19485.30180568103,0.059426645847955026,8462.877755294987,3413.556005708786
19485.40030395944,0.04189909102556336,8462.92883213511,3413.575004913899
19485.465191635987,0.02956303337722981,8462.962480007307,3413.5875210131617
19485.50923634238,0.021668368342272953,8462.985319639285,3413.596016738895
19485.546289868453,0.01738839012371272,8463.004533955116,3413.6031639448793
19485.574886085353,0.017554290297510985,8463.019362685374,3413.6086798315205
19485.603482302253,0.0207821111753168,8463.034191415636,3413.6141957180894
19485.632953868273,0.025763263630335584,8463.049474063147,3413.6198804495198
19485.66078277522,0.030993701962803252,8463.063904900491,3413.625248330541
19485.71490312278,0.0412894203981233,8463.091969313316,3413.6356875325414
19485.797365043258,0.05613046282740629,8463.134730409363,3413.6515935024227
19485.898028248506,0.07265768616257658,8463.186929884785,3413.671010293036
19486.0425826035,0.09397090973835019,8463.261889364667,3413.6988931870696
19486.259626974348,0.12217515736321721,8463.374438953204,3413.740758578747
19486.57852380738,0.15808800049874266,8463.539804713608,3413.802270144905
19487.04093508295,0.20257388919559108,8463.7795907025,3413.8914639960835
19487.708195556537,0.25654752523021535,8464.125602406239,3414.020170883407
19488.66765318727,0.32040198887873816,8464.623134606865,3414.2052391797333
19490.039474523794,0.3930611744437765,8465.334500355026,3414.469847530973
19491.982105688807,0.47040986685891395,8466.341862797297,3414.8445581619617
19494.685832353418,0.5425603709573212,8467.743895668951,3415.366074578791
19498.30707382063,0.5895915660586888,8469.621711122176,3416.0645675733626
19503.299956815732,0.5739792941134557,8472.210799223132,3417.0276314668363
19506.79511482745,0.505078292217346,8474.023233514066,3417.7018018686417
19509.861087737023,0.3935775687337917,8475.61311144668,3418.293187172136
19511.315952034223,0.3160475718932193,8476.367539732393,3418.5738108105365
19512.517892883345,0.23232954667661126,8476.990813110175,3418.8056487968556
19513.07408154916,0.18389787159919802,8477.279227961297,3418.9129299567285
19513.55200589089,0.13403078645686453,8477.527058395384,3419.0051149808496
19513.785395581344,0.10529823014256816,8477.648083970822,3419.0501326308454
19513.975110029478,0.07857955259271888,8477.746461496632,3419.0867259258684
19514.09506544269,0.05940906256286594,8477.808665070957,3419.1098636655465
19514.1935442541,0.04188334455272356,8477.859731829069,3419.1288588649063
19514.258393788357,0.029554276543900446,8477.893359930735,3419.141367441807
19514.302424386122,0.02166329792433943,8477.916192252287,3419.149860334018
19514.339476604488,0.017386691971010226,8477.935405894781,3419.157007193404
19514.36804006523,0.017554154331486847,8477.950217642834,3419.1625166890144
19514.396603525973,0.020776906914678317,8477.965029390893,3419.168026184553
19514.42604835653,0.025751999213904798,8477.980298178378,3419.173705684033
19514.453876193358,0.030981706070885153,8477.9947284644,3419.1790732877766
19514.507913546666,0.04126210471556974,8478.02274984706,3419.1894963435193
19514.590366634213,0.05610375255387057,8478.06550637338,3419.205400399662
19514.69097439688,0.0726247475769635,8478.117677111723,3419.2248062398357
19514.83542055894,0.09392644722589977,8478.192580506187,3419.2526678968607
19515.052311494186,0.12211756023982434,8478.305050557814,3419.2945031402737
19515.370992015974,0.15801564392572592,8478.470304189923,3419.355972171013
19515.83309655618,0.20248502764664839,8478.709931179083,3419.445105679869
19516.49991778942,0.25644058078359233,8479.05571519829,3419.57372614509
19517.458750697177,0.32027697081637224,8479.552923568977,3419.758671498715
19518.829695475873,0.3929217071622166,8480.263834949941,3420.0231072827655
19520.771126326348,0.47026677444123777,8481.270575212653,3420.397581446913
19523.473291265153,0.5424378049223193,8482.67179859085,3420.91878975155
19527.09282705235,0.5895351682206016,8484.548730020371,3421.616944537468
19532.08222460334,0.5740926784075906,8487.136011366827,3422.5793234529174
19535.574046736154,0.5054372613983843,8488.946716267948,3423.252841538389
19538.64785866971,0.39382515104922433,8490.540659567101,3423.84573108028
19540.1027949128,0.31636828140354467,8491.295125347924,3424.126364902218
19541.307937433412,0.2324961858965802,8491.920059125974,3424.3588173878916
19541.864073264172,0.1841005843689423,8492.208446650697,3424.46608694486
19542.343281485963,0.13412938723345866,8492.456942909848,3424.558518395342
19542.576685484826,0.10540880872468958,8492.577975935012,3424.60353821277
19542.766836584644,0.07864064166541769,8492.676579913536,3424.6402152492046
19542.886854345787,0.05946684257416142,8492.738815834175,3424.663364710296
19542.98539738868,0.04193517090659229,8492.789915912566,3424.682372048891
19543.050373185273,0.02958303857394398,8492.823609496654,3424.6949048151223
19543.09444989188,0.021680036563696256,8492.846465733883,3424.7034064892123
19543.13150649565,0.017392341366326343,8492.86568165522,3424.7105541004244
19543.16017863662,0.017554676299359716,8492.88054976372,3424.7160844861673
19543.188850777588,0.020794272725540377,8492.895417872225,3424.7216148718376
19543.21838654852,0.025789863415658778,8492.910733821167,3424.727311837486
19543.246219502922,0.03102228062208051,8492.925166764517,3424.732680357692
19543.300537338746,0.041354376568703374,8492.953333599995,3424.7431573767494
19543.383021076308,0.056194016553496075,8492.996106030665,3424.7590671354924
19543.483816717562,0.07273599782195667,8493.0483742075,3424.778508958996
19543.62862943839,0.09407654665711858,8493.12346770176,3424.8064409525496
19543.84604017039,0.12231183646002486,8493.236207324964,3424.848375905695
19544.165452956353,0.15825933993010882,8493.401840717977,3424.9099853692655
19544.62859498367,0.2027836330536117,8493.64200576165,3424.9993178193736
19545.296900371835,0.2567987454894274,8493.98855948394,3425.1282228610553
19546.25784130794,0.3206935100598043,8494.48686110852,3425.313572384762
19547.63173802709,0.39338242111423866,8495.199303412,3425.578574069408
19549.57719795233,0.4707317925947694,8496.208133224984,3425.953820447232
19552.28457077936,0.5428200287928281,8497.612057531986,3426.4760264078473
19555.90966535563,0.5896719448637956,8499.491871969938,3427.175244204714
19560.910868659925,0.5736152154550377,8502.085275901552,3428.139887584468
19564.414391390175,0.504070198568755,8503.90204866637,3428.8156536465117
19567.459096515144,0.39288313634749333,8505.480898849208,3429.4029212294868
19568.91361572655,0.3151646390950803,8506.235148562364,3429.683470928746
19570.10687163655,0.2318672739292897,8506.853918621224,3429.913627658479
19570.663153985177,0.18334212238438422,8507.142382194961,3430.02092406836
19571.137598122124,0.13375788546959091,8507.388408070534,3430.1124354038793
19571.37092936065,0.10499511197103144,8507.509403395296,3430.1574405966003
19571.55945909615,0.07841084548750456,8507.60716662991,3430.1938044213457
19571.679241114023,0.059249913600191474,8507.66928031983,3430.2169081083516
19571.777543788256,0.04174063894650517,8507.720255766226,3430.235868835053
19571.84205036633,0.02947435265150385,8507.753706042537,3430.248310933516
19571.88595055943,0.02161726400277861,8507.776470753264,3430.256778449977
19571.922988613336,0.017371492250873654,8507.795677060205,3430.263922389518
19571.95126710981,0.017553576392476303,8507.810341045646,3430.26937677615
19571.979545606282,0.020733182664900394,8507.825005031089,3430.274831162712
19572.00878351585,0.025660618750333188,8507.840166526,3430.280470601821
19572.03661266613,0.030886271650431205,8507.854597500265,3430.2858383178695
19572.089987618787,0.0410443426031352,8507.882275404934,3430.296133335211
19572.172373998386,0.05589155039135335,8507.924997360611,3430.3120241067845
19572.272540614333,0.07236305475989771,8507.976939365479,3430.331344348249
19572.41612695462,0.09357328997474727,8508.05139693124,3430.3590394299413
19572.63179753105,0.12166015523492896,8508.163234214087,3430.400638190192
19572.94875813519,0.15744136547385265,8508.327596054283,3430.4617738666566
19573.40842547398,0.20178055173356335,8508.565959336487,3430.550434944329
19574.07175864897,0.25559419672239586,8508.909934773077,3430.6783792513734
19575.025633971803,0.319290139185636,8509.40457260406,3430.8623635249064
19576.389629483176,0.3918255799624017,8510.11188075195,3431.125451986276
19578.321559243268,0.46915134395753266,8511.113694664353,3431.4980837457183
19581.01139965341,0.5415016611538492,8512.508527775773,3432.0169012165265
19584.617600245037,0.5891516904662845,8514.378545085405,3432.712465602807
19589.579060332802,0.5751065052443071,8516.951340566218,3433.6694307352395
19593.04829356135,0.5083438093225137,8518.750332745132,3434.3385742583396
19596.5175267899,0.380036689628928,8520.549324977364,3435.0077167280415
19597.753452439476,0.3121077532704363,8521.190221838835,3435.246100660292
19598.989378089052,0.22434729709270287,8521.831118707067,3435.484484458916
19599.467908842333,0.18194137672530533,8522.079263782365,3435.5767828382063
19599.946439595613,0.13157674298788008,8522.327408858673,3435.669081197467
19600.162647495887,0.10477876633586553,8522.439524800448,3435.7107830759246
19600.355497467153,0.07750585394844861,8522.539528344072,3435.747979706141
19600.473794461734,0.05849064662546448,8522.600871981287,3435.7707966618495
19600.571303921497,0.04105174567717498,8522.65143611397,3435.78960414655
19600.634231631844,0.02907567753171085,8522.684067666904,3435.801741552597
19600.6774444967,0.021394836309095257,8522.70647596493,3435.810076387468
19600.714368349803,0.017304044960890413,8522.725623057066,3435.8171982067197
19600.74156236422,0.017568025246617137,8522.739724681245,3435.822443348716
19600.768756378635,0.020604858510708705,8522.753826305428,3435.8276884906477
19600.79761013646,0.02543267116047875,8522.768788599813,3435.833253761402
19600.825521116094,0.030662650123284237,8522.783262010747,3435.8386371904044
19600.877326262762,0.040529891695358186,8522.810125889631,3435.8486292912776
19600.95958456973,0.05539513700071489,8522.85278144297,3435.8644951526603
19601.058719328146,0.07175041284225175,8522.904188384524,3435.883616118415
19601.200299674823,0.09274652572256434,8522.977605748227,3435.9109239250392
19601.41311692697,0.12058860041135225,8523.087963449658,3435.9519717967073
19601.726055156334,0.15609533988899887,8523.250239502991,3436.0123308447555
19602.180026412963,0.20012916354640903,8523.485649105209,3436.0998921126256
19602.83520834953,0.2536100027259046,8523.825397751285,3436.226262550823
19603.777497852443,0.31697641877612487,8524.314027805232,3436.4080097688593
19605.125250754183,0.3892550361727019,8525.012913421046,3436.667961951938
19607.03496628084,0.4665343400637988,8526.003208250831,3437.0363042149525
19609.69596315074,0.5393028322712283,8527.383084707251,3437.549551649147
19613.27076206292,0.588247345131371,8529.236818938309,3438.2390503100723
19618.165542719882,0.577463172678651,8531.775038012345,3439.183142081672
19621.673852691514,0.5126888654541453,8533.594294120096,3439.8598139309634
19625.182162663146,0.3860642876666763,8535.413550282177,3440.5364847064375
19626.468362156094,0.3166485545041442,8536.080517118022,3440.784562177322
19627.754561649042,0.22630704597414514,8536.747483961168,3441.032639503952
19628.236873812246,0.18385613257969885,8536.997589971228,3441.1256660250137
19628.71918597545,0.13347333457523494,8537.247695982314,3441.2186925257947
19628.940501776113,0.10625201699046934,8537.362460685516,3441.261379052903
19629.137703064323,0.07854539650788286,8537.464720656491,3441.2994144634504
19629.257225459307,0.059444296987142826,8537.526699747854,3441.3224674722755
19629.355769874313,0.04191010988965657,8537.577800575504,3441.341474330004
19629.42067464412,0.0295710793113424,8537.611457353087,3441.353992905308
19629.46473821206,0.021672147835369363,8537.634306794056,3441.3624917118136
19629.501792772546,0.0173896966168406,8537.653521670027,3441.3696386485835
19629.530413256038,0.01755441877316625,8537.668363002198,3441.375158853927
19629.55903373953,0.020785948156815205,8537.683204334373,3441.3806790591993
19629.58852537387,0.025771587474872976,8537.698497407318,3441.3863672885154
19629.6163556998,0.031002645621365937,8537.712928998315,3441.391735091193
19629.670537936665,0.041309707881934464,8537.741025538902,3441.4021855455453
19629.753006913885,0.05615025853125219,8537.783790347092,3441.418091833383
19629.853711877888,0.07268202839456206,8537.836011541265,3441.4375154049117
19629.99834750907,0.09400367255152657,8537.911013260033,3441.465412146644
19630.215507208664,0.12221740023475229,8538.023622792054,3441.5072970370375
19630.534565958038,0.15814061044979807,8538.189072719473,3441.568835799306
19630.997205638465,0.20263762804786276,8538.428977445335,3441.658067855587
19631.66479123298,0.2566226838496326,8538.775158169963,3441.7868290117317
19632.624707617004,0.3204870761203558,8539.272928874474,3441.971973656824
19633.99716513815,0.3931509910130794,8539.984625398623,3442.2366873662786
19635.940650657485,0.47049214847679455,8540.992432115429,3442.6115382216835
19638.645445256523,0.5426101465683871,8542.395020501708,3443.133226443646
19642.267690565626,0.5895640991189058,8544.273358820308,3443.8318673003973
19647.263215897907,0.5737738829522232,8546.86382031469,3444.795377779118
19650.76119674425,0.5046207852792821,8548.677720638349,3445.470048513339
19653.8181492113,0.39325651489025976,8550.262922921356,3446.059655320322
19655.272630211795,0.3156598409434686,8551.017153375224,3446.340186678208
19656.47090016648,0.23211910403305186,8551.63852395458,3446.571301485796
19657.027035254945,0.18365556135353533,8551.926911377914,3446.678565297808
19657.50348888884,0.13390737475709136,8552.173979472102,3446.770460634372
19657.736821495135,0.10516563769100377,8552.294975595169,3446.8154643313383
19657.92603083207,0.0785040362756084,8552.39309131342,3446.8519578115565
19658.045907068285,0.05933825336293317,8552.455253906575,3446.8750787675367
19658.14430758973,0.04181994785670578,8552.506280129784,3446.894057625105
19658.20900442021,0.029518886899254786,8552.539829087316,3446.9065359318006
19658.252977582477,0.02164289192976557,8552.562631653429,3446.915017191048
19658.290024141384,0.017379915924231538,8552.581842384825,3446.9221624916895
19658.318458327172,0.01755375731353124,8552.596587114751,3446.9276466934334
19658.34689251296,0.020756694253073152,8552.61133184468,3446.9331308951064
19658.376237744418,0.025709011104299323,8552.626549003207,3446.938790813297
19658.40406421296,0.03093642031194724,8552.640978597457,3446.9441578022634
19658.45778775453,0.041158843325804786,8552.668837285513,3446.9545196506992
19658.540208563718,0.056002936244240416,8552.711577126312,3446.9704164415966
19658.640607201705,0.07250038870512575,8552.763639485922,3446.989780678668
19658.78464542188,0.09375855735276506,8552.838331431692,3447.0175618333246
19659.000957621836,0.12190000171418329,8552.95050151484,3447.0592827195305
19659.31882207733,0.15774220743715892,8553.115332173908,3447.120590335023
19659.779769279496,0.2021490127842453,8553.354359312883,3447.2094947985047
19660.444932813218,0.2560358288882927,8553.699284146853,3447.337787131809
19661.40140716619,0.31980317228230537,8554.195270085555,3447.5222654975883
19662.769040848987,0.39239196064155574,8554.904465350988,3447.7860453825097
19664.70593359507,0.4697209576496834,8555.908853588624,3448.159619806715
19667.40218318059,0.5419654578698674,8557.307011245017,3448.6796531632826
19671.015215122625,0.5893061529261691,8559.180572370273,3449.3765079615005
19675.991430200585,0.5744923387308202,8561.761021037564,3450.3362815562778
19679.47142826831,0.5067268758345392,8563.565596715336,3451.0074751950906
19682.573536641987,0.3947275825459617,8565.174215274232,3451.6057836674195
19684.028922206962,0.3175278642828242,8565.928914979473,3451.8864858601173
19685.245601784758,0.23310632384057042,8566.559832140669,3452.121148363678
19685.801634308682,0.18483442561154936,8566.848166448695,3452.2283910055035
19686.285471841777,0.13449003105008464,8567.099063572356,3452.321709293398
19686.518954016195,0.10580990825734549,8567.220137284416,3452.3667412551017
19686.71068551342,0.07886325596726856,8567.31956090931,3452.4037207146143
19686.830931017495,0.05967738981040553,8567.381915003873,3452.426912592332
19686.929708972817,0.04212398196022424,8567.433136960317,3452.4459640002483
19686.995151745166,0.029686660574464566,8567.467072739068,3452.4585860159723
19687.03939093475,0.021741043545461167,8567.490013260942,3452.467118474375
19687.076459574295,0.01741346389377057,8567.509235447074,3452.4742679412193
19687.105551171324,0.017557938388696587,8567.524321085502,3452.479878867541
19687.134642768353,0.020864322228588854,8567.539406723932,3452.4854897937894
19687.16459094662,0.025950881418936686,8567.554936548186,3452.491265929665
19687.19248499599,0.03120209755638713,8567.569401190432,3452.496645883524
19687.248037269903,0.04176117394434819,8567.598208186422,3452.507360307263
19687.33067172905,0.05659448032325649,8567.641058827217,3452.5232980992014
19687.43230087792,0.07322922286156634,8567.693759288995,3452.5428994153986
19687.57874326868,0.09474197673473835,8567.769697951386,3452.5711439050747
19687.798461330687,0.12317259859014885,8567.883634193964,3452.6135211429205
19688.121123911023,0.15933848811845527,8568.050952992306,3452.675753383278
19688.588871795062,0.20410541650367026,8568.293506727738,3452.765968348863
19689.263765506294,0.2583833506499466,8568.643477293195,3452.896135687706
19690.23406220255,0.3225349085374307,8569.146631019714,3453.0832775888603
19691.621055229316,0.3954163467834525,8569.865865373189,3453.350787903577
19693.584377943207,0.4727792982634004,8570.883959289673,3453.729455043264
19696.314802219495,0.5444914704630108,8572.299838798666,3454.256072931767
19699.964302544777,0.5902424824191796,8574.192311302855,3454.959952333219
19705.017139162945,0.5714334522826793,8576.812493208992,3455.934491409418
19708.569658534187,0.497954829240278,8578.654675733098,3456.6196634289518
19711.486300706045,0.38877410407881835,8580.167119951673,3457.1821934259688
19712.939894680272,0.3098538503503516,8580.920890799578,3457.462546436578
19714.08062932274,0.22915754189343562,8581.51242636131,3457.68255849719
19714.63817836672,0.18000705153266464,8581.801547141029,3457.790092241545
19715.091640782255,0.1321518011272434,8582.036693105541,3457.8775509161815
19715.324802272353,0.10318555297229505,8582.157600554001,3457.9225204463287
19715.50625820285,0.07741074871828081,8582.251695739247,3457.9575175943405
19715.625018820636,0.05830562487039107,8582.313279851232,3457.9804227847517
19715.722302617272,0.04089030635249098,8582.363727014135,3457.999185770493
19715.78489378879,0.02897642318938925,8582.396184084451,3458.0112576391634
19715.827916804246,0.021342789289285756,8582.41849395667,3458.019555425696
19715.86480643838,0.017289516789948396,8582.437623323016,3458.0266702757503
19715.891811028076,0.0175755084988007,8582.4516267335,3458.031878611593
19715.91881561777,0.020593240717568625,8582.465630143988,3458.037086947373
19715.947670492485,0.025418475206936356,8582.480593032144,3458.042652144854
19715.9755936342,0.03065001526473754,8582.495072763928,3458.048037640285
19716.027306605858,0.040500080211702635,8582.521888871059,3458.0580114451836
19716.109558982207,0.05536652903768199,8582.564541390659,3458.0738753397404
19716.208634809733,0.07171504818966297,8582.615917823365,3458.0929839477462
19716.3501005405,0.09269873035734054,8582.689275823861,3458.1202682320913
19716.562754597122,0.120526487090023,8582.799549006837,3458.161282499339
19716.8754622567,0.1560169703434233,8582.961705654996,3458.221593947031
19717.329106324112,0.20003239626938898,8583.196945820733,3458.3090875689886
19717.983818717898,0.25349263868380423,8583.536451313708,3458.435360893341
19718.9254382703,0.3168376011625205,8584.024734436975,3458.616969474169
19720.272246651206,0.3890971858099898,8584.723130946817,3458.8767260104996
19722.18065849648,0.4663665976353066,8585.712750709527,3459.2447977398338
19724.839931552153,0.5391470091076656,8587.091734615635,3459.7576861055727
19728.412737144652,0.5881463164067486,8588.944437003682,3460.446764598009
19733.30370000984,0.5775132720943504,8591.480678807964,3461.390071155135
19736.818397326708,0.5127062399478659,8593.303248887649,3462.06793988798
19740.333094643574,0.38581979231352137,8595.125819021086,3462.745807556832
19741.616484472943,0.3165151499845024,8595.79132953558,3462.993330305347
19742.89987430231,0.22636209399417181,8596.456840057235,3463.2408529120667
19743.382709861606,0.18387156874517094,8596.707217721112,3463.3339755677193
19743.8655454209,0.13343261944247858,8596.957595386004,3463.427098203306
19744.086706344577,0.10622665421498576,8597.072279888278,3463.469752652569
19744.28385658617,0.07852415681348449,8597.174513488113,3463.507776251189
19744.40335156153,0.05942536818484788,8597.236478421104,3463.530822779677
19744.501875403945,0.04189317235501831,8597.287568630381,3463.5498246868583
19744.566739329242,0.029561672760964136,8597.32120426049,3463.5623347373476
19744.610787748417,0.02166672777614914,8597.34404586818,3463.570830182727
19744.64784107061,0.017387891705204023,8597.363260120708,3463.577976511132
19744.676426106016,0.017554271740491123,8597.378083085463,3463.583489594315
19744.70501114142,0.020780272486598386,8597.392906050221,3463.589002677428
19744.734473333185,0.025759227413716133,8597.408183870386,3463.5946849341567
19744.7623024824,0.030989463699654957,8597.422614865221,3463.600052232341
19744.81639358612,0.04127966722889501,8597.45066417541,3463.6104845698605
19744.898852980972,0.05612084239403829,8597.493424056176,3463.626388187155
19744.99949722809,0.0726457203464693,8597.545613815968,3463.6457990441772
19745.144014228856,0.09395461202610669,8597.62055409104,3463.673671463773
19745.36100575384,0.12215374889492407,8597.733076524448,3463.715521753452
19745.679827082473,0.15806041921400033,8597.898403496567,3463.777011543733
19746.142129477124,0.20253870432725224,8598.138133553804,3463.866173935916
19746.809231096067,0.2565028450963627,8598.484063646098,3463.9948350933687
19747.76845728435,0.3203455811086588,8598.981476928693,3464.1798370531465
19749.1399426017,0.3929905584560817,8599.692670001537,3464.4443495766045
19751.082088368876,0.47032254940332785,8600.699782959855,3464.8189226702534
19753.785117876778,0.5424543935718361,8602.101457408338,3465.3402435173416
19757.40535426873,0.5894669079114829,8603.9787558128,3466.038460846213
19762.397078939266,0.5738372845827685,8606.567248961492,3467.0011885805507
19765.891487559376,0.5049216359776795,8608.379298641696,3467.675135554533
19768.955506586637,0.3934590263044029,8609.968166875009,3468.2660748411813
19770.409863430974,0.3159387265112444,8610.72233367781,3468.546567789947
19771.61103011579,0.23225797454074193,8611.345206978744,3468.7782293574974
19772.1670426798,0.1838331683589286,8611.633531145595,3468.8854640098034
19772.644657987927,0.13399020740963494,8611.881201873379,3468.9775786544046
19772.877977742737,0.10526215979567341,8612.002191449443,3469.02257755316
19773.067578510832,0.07855599123316633,8612.100510242091,3469.059144645268
19773.187506533475,0.059387730626940305,8612.162699749679,3469.0822743972863
19773.285962084414,0.04186440479359484,8612.213754558245,3469.1012628898607
19773.350766644875,0.029543702481821046,8612.247359412408,3469.1137613306155
19773.39477999857,0.02165728461096,8612.270182842152,3469.122249904203
19773.431830994767,0.017384720619129997,8612.289395893147,3469.1293956923705
19773.460355257095,0.017554036298492552,8612.304187347172,3469.1348969839464
19773.488879519424,0.020770671507783885,8612.3189788012,3469.1403982754528
19773.5182930178,0.025738567777948803,8612.334231374753,3469.146071068138
19773.54612054853,0.030967531432328266,8612.348661533786,3469.151437985352
19773.600059825432,0.041229715855544094,8612.37663211988,3469.1618409072385
19773.68250316401,0.056072031871489146,8612.419383684855,3469.177741223937
19773.783045997854,0.07258553518443084,8612.471520868658,3469.1971322731406
19773.927365157942,0.09387338387296018,8612.546358570124,3469.224966179098
19774.14407606707,0.12204854923041678,8612.658735515335,3469.2667618116157
19774.462501882994,0.15792832388265104,8612.823857431413,3469.3281745335503
19774.924243625792,0.202376601540423,8613.063296816472,3469.4172276533627
19775.590542687518,0.25630797722146387,8613.408810820447,3469.5457323775227
19776.548627942084,0.3201181774444685,8613.9056325837,3469.730511921673
19777.91851347283,0.3927376021028528,8614.615996247278,3469.9947125152003
19779.858470969903,0.4700644284266295,8615.621974705273,3470.3688587730935
19782.558659528677,0.542236257323329,8617.022176296983,3470.88962502939
19786.175815967683,0.5893737349284187,8618.897878021728,3471.5872394116923
19791.161159745487,0.5740618256232461,8621.483062935778,3472.5487241953883
19794.649468947784,0.5056035343206459,8623.291950155137,3473.221486207391
19797.728234023358,0.3939312554421724,8624.888465436894,3473.815261887415
19799.18278881189,0.3165451899046826,8625.642735066074,3474.0957894265493
19800.389974519592,0.2325751361744844,8626.26872972325,3474.3286088697414
19800.945912879095,0.18421612774771878,8626.557015480032,3474.4358278401774
19801.425941821046,0.13417766691086916,8626.805937874105,3474.528406803714
19801.659297107988,0.10547119039255262,8626.926945904645,3474.5734119800604
19801.849720008573,0.0786719163637074,8627.025691043495,3474.6101371622
19801.96976671283,0.059497277660490094,8627.087942109198,3474.633289507648
19802.068344000887,0.04196264713268097,8627.139060057658,3474.652301235874
19802.133387950005,0.029598203564909376,8627.172789056562,3474.6648456856447
19802.177488620895,0.021689004525151635,8627.195657770733,3474.6733509908254
19802.214547803076,0.017395431675858202,8627.214875071239,3474.680498266415
19802.243278538197,0.017555046774008307,8627.229773596739,3474.6860393082493
19802.272009273318,0.020803723651900655,8627.24467212224,3474.6915803500133
19802.301596609435,0.02581077837173287,8627.26001484424,3474.6972865967314
19802.32943448117,0.031045024454908754,8627.274450369137,3474.702655439724
19802.38390929954,0.04140591984525642,8627.302698670755,3474.7131615137637
19802.466411369667,0.05624445371400328,8627.345480701648,3474.7290729542574
19802.56731297852,0.07279804850483962,8627.39780394328,3474.7485329493484
19802.712332230836,0.09416012226263212,8627.473004700476,3474.776501520082
19802.93003581648,0.12241969929419184,8627.585896432074,3474.8184880670215
19803.24986015264,0.15839394485678254,8627.751743600327,3474.8801697240438
19803.71358355993,0.20294725902515165,8627.992210648976,3474.969603891366
19804.38271773706,0.25699267914738577,8628.339194905006,3475.0986537559857
19805.344830377875,0.3209148723628537,8628.838105217119,3475.28420766341
19806.72035661675,0.39361952458128,8629.551394080314,3475.549492750975
19808.66801532058,0.4709560256884077,8630.56136629508,3475.925119485486
19811.37816394224,0.5429721736764215,8631.966733084137,3476.4477999861374
19815.005970421054,0.5896449119619206,8633.847957912922,3477.1474594181186
19820.013825306425,0.5731670710416665,8636.444816742722,3478.113273396123
19823.524501687607,0.5030159848649548,8638.265303056765,3478.7903405252605
19826.548079159238,0.3921553607599276,8639.833200794465,3479.3734651820573
19828.0019745307,0.3142666047972471,8640.587128658892,3479.6538619663706
19829.18660846308,0.2313900342895045,8641.201429081106,3479.882329129826
19829.74288628234,0.1827802943315227,8641.489890936171,3479.9896122010587
19830.213879226114,0.13347713800348965,8641.734127708085,3480.0804473131466
19830.44711510291,0.10468858230916347,8641.855073846582,3480.125428886637
19830.634467229444,0.07823801972108645,8641.952226637117,3480.161561375261
19830.754069510465,0.05908754767038593,8642.014247258847,3480.1846277148065
19830.852193619667,0.041595114728637896,8642.065130220382,3480.203551801306
19830.916357606624,0.029391741120051718,8642.098402916656,3480.215926382901
19830.96011963852,0.02157038713501468,8642.121096032612,3480.2243662702467
19830.997140165375,0.017356504175050795,8642.140293292718,3480.2315059997563
19831.02514961566,0.017554283591169513,8642.154817794346,3480.2369078649613
19831.053159065945,0.0206947375681098,8642.16934229598,3480.2423097301
19831.082243157267,0.025585291527141632,8642.184424060444,3480.247918849
19831.110087341312,0.03081011664798662,8642.198862862087,3480.253288840977
19831.16293112387,0.04086982014210773,8642.226265385123,3480.263480221799
19831.245269972354,0.05572229336374406,8642.268962786493,3480.279359980887
19831.345085653964,0.07215414188064939,8642.32072292526,3480.298610297627
19831.48798864648,0.0932912258825514,8642.39482629871,3480.3261703731296
19831.70268832648,0.12129442167664883,8642.506160360443,3480.367577056218
19832.018279515636,0.15698142918987945,8642.669812439537,3480.4284415289717
19832.476005352957,0.20121509551553637,8642.90716946263,3480.5167178749252
19833.136557353162,0.25491265106842,8643.249703451997,3480.644110951147
19834.086474651198,0.3184915838266535,8643.742289900509,3480.8273105231087
19835.4449112715,0.3909313427612881,8644.44671698917,3481.089296362282
19837.36921641374,0.46822728642030087,8645.444579287074,3481.460414399329
19840.049101362074,0.5406963706789958,8646.83425296459,3481.977251676607
19843.64427402311,0.5887482621093574,8648.698555738529,3482.6706085599585
19848.583337351025,0.575744068060261,8651.259742823648,3483.623143369696
19852.044822028794,0.5101257587994189,8653.054720853208,3484.290714996282
19855.506306706564,0.383709919979872,8654.849698934166,3484.9582856039274
19856.776280078335,0.3146663624828483,8655.508252885007,3485.2032082571436
19858.046253450106,0.22498156970090163,8656.166806842763,3485.448130773272
19858.524327833195,0.18272392051522693,8656.414715803974,3485.540330451081
19859.002402216283,0.13258695039077706,8656.662624766164,3485.6325301094666
19859.221524465014,0.10553798744020294,8656.776252208574,3485.67478920991
19859.416533859086,0.0780540638390732,8656.87737575427,3485.712397991617
19859.535483958967,0.05899257478635078,8656.939058197484,3485.735338260993
19859.63353426771,0.04150416818687106,8656.989902901378,3485.7542478742657
19859.697476160527,0.029341620724717084,8657.023060437043,3485.7665794664604
19859.74115899337,0.021541226083600436,8657.045712489158,3485.7750039725865
19859.778166092536,0.017347415732394525,8657.06490279081,3485.7821410218066
19859.806020034546,0.01755534628635247,8657.079346655948,3485.787512827669
19859.833873976557,0.020674086519076085,8657.093790521089,3485.792884633467
19859.862887081377,0.02554695574013073,8657.108835478579,3485.798479990944
19859.89074313098,0.030772154081429758,8657.123280436635,3485.8038522030693
19859.94332118283,0.04078263591899968,8657.1505451696,3485.8139922066466
19860.02563783436,0.055638068383003066,8657.193231070745,3485.8298674832467
19860.125278510695,0.07205019457880085,8657.244900471584,3485.849083804667
19860.267841179662,0.09315093655850155,8657.318827385428,3485.8765778966786
19860.48205690512,0.1211125844906871,8657.42991051552,3485.9178907203354
19860.79696580438,0.1567529730601119,8657.59320882719,3485.978622836426
19861.253725233775,0.20093470815404232,8657.83006476893,3486.0667116838404
19861.91289402686,0.2545755689479095,8658.17188156772,3486.1938363828085
19862.860844860865,0.3180981834544083,8658.663448409232,3486.3766543848437
19864.216523760824,0.3904936539290933,8659.366445629546,3486.638105056413
19866.137055430117,0.4677804826559737,8660.362351402917,3487.0084906488423
19868.812036174197,0.5403184137004713,8661.749482299963,3487.5243755682204
19872.401854792526,0.5885864161012508,8663.61100913901,3488.216691107121
19877.32964924926,0.5761293285276226,8666.166353276449,3489.167040594288
19880.793405913384,0.5109520288464902,8667.962509887517,3489.835041933379
19884.25716257751,0.3851059116775551,8669.758666549866,3490.50304225542
19885.539577320716,0.3156764336262962,8670.423672222409,3490.7503611785405
19886.821992063924,0.2253189003081516,8671.088677901977,3490.9976799623178
19887.30035767863,0.18308780737903915,8671.336737942367,3491.0899346380374
19887.778723293333,0.13299685962553656,8671.584797983734,3491.182189294372
19887.998993506746,0.10585095615295201,8671.699020738732,3491.2246692492363
19888.194910048987,0.0782777158896588,8671.800614716858,3491.262452501823
19888.3141254008,0.059197546492427915,8671.862434723078,3491.2854436356324
19888.412398875764,0.04168862433777376,8671.913395163545,3491.3043960479727
19888.47677259103,0.029446911581273237,8671.94677663182,3491.3168107626507
19888.520633097978,0.021600774148637883,8671.96952082354,3491.3252694272487
19888.557665325457,0.017366225244845813,8671.988724160223,3491.332411232208
19888.58584647001,0.017553701946890907,8672.003337702099,3491.3378460723125
19888.614027614563,0.02071886194844644,8672.017951243979,3491.3432809123487
19888.643205201573,0.025631955152192694,8672.033081498503,3491.3489079200012
19888.671039241362,0.030857093878228853,8672.047515046637,3491.35427581944
19888.724211050176,0.0409774636981127,8672.075087683159,3491.364530202913
19888.806579168388,0.05582652106305877,8672.117800282873,3491.3804152040784
19888.906611817907,0.07228271220967221,8672.169672956585,3491.399706875724
19889.049936876963,0.09346469039927291,8672.243995231027,3491.4273476494445
19889.26523646494,0.12151910425441713,8672.355640432459,3491.468868977006
19889.581672975823,0.1572634132367282,8672.519730937263,3491.529894929772
19890.040595661034,0.20156066109341958,8672.75770870763,3491.618399853762
19890.702859616038,0.2553271800453345,8673.101130606814,3491.74611985641
19891.65520861483,0.3189737404496366,8673.594978266125,3491.929783745425
19893.017050946077,0.391464770420737,8674.301171746558,3492.1924197455032
19894.9460061508,0.4687659833247024,8675.301445843505,3492.5644251544727
19897.63190796459,0.541139749086306,8676.69424027217,3493.082409703023
19901.233546655843,0.5889078592123637,8678.561896940484,3493.7769960087544
19906.186531333784,0.5751959191578021,8681.13030426284,3494.7321914548957
19909.65099931236,0.5088443595775648,8682.926830157947,3495.4003215110797
19913.11546729094,0.38125592071680786,8684.723356104174,3496.0684505530226
19914.36306622656,0.31294048054000617,8685.37030793503,3496.309052061383
19915.61066516218,0.22451072093304225,8686.017259772514,3496.54965343828
19916.08882576201,0.18216987641694182,8686.265213559607,3496.64186741181
19916.56698636184,0.13190174946562983,8686.513167347677,3496.7340813660317
19916.784153296543,0.10502075137822559,8686.625780901106,3496.7759623130064
19916.97768892243,0.07768143534379011,8686.726140261118,3496.813285925681
19917.096194936224,0.058651715985150774,8686.787592449382,3496.8361399725068
19917.193877286,0.04119720664596814,8686.838246369478,3496.8549781463566
19917.257124745174,0.02916236122890153,8686.871043817047,3496.8671755043465
19917.30049377293,0.02144204454537142,8686.893533153905,3496.875539279774
19917.337447913687,0.017317637557611548,8686.91269600267,3496.882665935476
19917.364832628802,0.017562645779981647,8686.926896553503,3496.887947114509
19917.392217343917,0.020620983459073778,8686.941097104342,3496.8932282934798
19917.421093264005,0.02545653111968114,8686.956070930783,3496.8987970532576
19917.448990091318,0.030684955940690265,8686.970537041274,3496.904176993618
19917.500954293475,0.04058158663153141,8686.997483470768,3496.9141983591467
19917.58322433662,0.055444598464150646,8687.04014522302,3496.9300642459675
19917.682463129426,0.07181135791675085,8687.091606248607,3496.9492025778827
19917.824244951637,0.092828591725947,8687.165128283505,3496.9765453876157
19918.037349364848,0.12069465365988805,8687.275635186883,3497.0176428490545
19918.350691295644,0.15622776822946266,8687.438121012607,3497.0780712383134
19918.805231774997,0.20029004534319036,8687.673826413276,3497.165729932232
19919.461224654082,0.2538004579402579,8688.013996479815,3497.292238939979
19920.40466014854,0.3171933982098237,8688.503222090734,3497.4741815346383
19921.754006158673,0.38948668206850984,8689.20293567607,3497.7344042975574
19923.66587047548,0.46675189318835003,8690.194347399696,3498.103109030165
19926.329580489833,0.5394469595068435,8691.57563443084,3498.6168073595786
19929.90705885075,0.5882102597686709,8693.430763016117,3499.306725608741
19934.808773241195,0.5770061169330865,8695.972584344165,3500.252021596886
19938.2990188563,0.5122894236274259,8697.782477851364,3500.925114491589
19941.78926447141,0.38628159526706546,8699.592371410265,3501.5982063601377
19943.079630910343,0.31668673368925365,8700.261500809644,3501.847052529351
19944.369997349277,0.2260298748462145,8700.930630216088,3502.095898558377
19944.850726965484,0.1836882988758226,8701.179916244751,3502.1886068047893
19945.33145658169,0.13345503209182344,8701.429202274394,3502.281315031748
19945.552852852124,0.10622186109259057,8701.54400900885,3502.3240110751162
19945.74991911229,0.07853188361261723,8701.64619923001,3502.362015097522
19945.869429314032,0.05943170942561856,8701.708172162122,3502.3850625134883
19945.96795983126,0.041899130063795025,8701.759265917899,3502.404064018588
19946.032839193478,0.029564914406032247,8701.792909609047,3502.4165759339085
19946.07689254139,0.021668720422084127,8701.815753810672,3502.4250715745366
19946.113946733254,0.017388590582826487,8701.834968546224,3502.4322174353433
19946.14254403724,0.017554346383141083,8701.84979789767,3502.4377323943945
19946.171141341227,0.020782175580958146,8701.864627249122,3502.4432473533775
19946.200613471985,0.02576331916929171,8701.879910248712,3502.44893102168
19946.228443586886,0.030993881674087915,8701.894341768382,3502.454298028946
19946.282565332433,0.041289642874923496,8701.92240701491,3502.464735348284
19946.365028491062,0.05613052850993199,8701.965168918734,3502.480638277613
19946.46569368988,0.07265757788566693,8702.017369630243,3502.5000514495705
19946.61025129089,0.09397049558611187,8702.092331083879,3502.527929221125
19946.827300490397,0.12217407309584094,8702.204883612532,3502.5697869130067
19947.146202281063,0.15808537036362694,8702.370252584598,3502.63128675435
19947.608617248894,0.20256823839086174,8702.610041417338,3502.7204629306552
19948.27587759419,0.2565364166662886,8702.956054395296,3502.8491432625365
19949.235324889167,0.32038129847960767,8703.453583163902,3503.034171420429
19950.607110919726,0.39302390943759996,8704.164933359636,3503.2987184304766
19952.549647117492,0.47034420990023784,8705.172250457517,3503.67333353816
19955.253129144294,0.5424466040069759,8706.574161898978,3504.194695346374
19958.873653463776,0.589399221688254,8708.451612737681,3504.8929062037223
19963.866720161484,0.5736417062107737,8711.040806114575,3505.855807300103
19967.362754634796,0.504548777388291,8712.853701908924,3506.5300080282427
19970.419869019395,0.393194001572868,8714.438992328995,3507.119563371383
19971.873765976296,0.31563213274714746,8715.192921907666,3507.399942765122
19973.07213092559,0.2320866690676235,8715.81434338241,3507.6310434923403
19973.628037977203,0.18364286822271997,8716.102613314293,3507.7382482924577
19974.10453128933,0.13389028743062253,8716.349702634008,3507.830138400096
19974.337784712523,0.10515776637375934,8716.470658014405,3507.875120519067
19974.52699719938,0.07849534367090039,8716.568775624211,3507.9116094918572
19974.646860551562,0.059331167164246655,8716.630931699792,3507.9347247226483
19974.745253706114,0.04181382373052186,8716.681954237085,3507.953699499562
19974.80993691901,0.02951542541591247,8716.715496221375,3507.966173431278
19974.853904230586,0.021641033489210055,8716.738295813553,3507.9746523735694
19974.890950746885,0.017379350141349906,8716.757506573396,3507.981796664567
19974.9193724892,0.017553765633013432,8716.772244889451,3507.9872776980123
19974.947794231513,0.020754708996178546,8716.786983205511,3507.9927587313896
19974.97713023518,0.025704806944108687,8716.802195618926,3507.998416076792
19975.004957571484,0.030932109590104923,8716.816625701123,3508.0037824809197
19975.05865129926,0.04114888158081296,8716.844469002292,3508.014137127663
19975.141069840123,0.055993124018781336,8716.88720777927,3508.030031253213
19975.241449344932,0.07248816052910456,8716.939260354182,3508.0493890866796
19975.38544982096,0.09374187258282528,8717.01393292392,3508.0771590691193
19975.60170861103,0.12187802077392441,8717.12607560603,3508.118863808561
19975.91949655003,0.15771375076282126,8717.290867020462,3508.180148076588
19976.380333066474,0.20211246113239595,8717.529837391228,3508.2690187363633
19977.04533452409,0.2559889854524728,8717.874679086592,3508.397261837137
19978.00157164498,0.31974330795381994,8718.370543311155,3508.5816686062
19979.368858702786,0.3923157797406652,8719.07956069636,3508.8453446921912
19981.305245964173,0.46962462488679996,8720.083689451507,3509.2187693102305
19984.000757840222,0.541844820189412,8721.481468237593,3509.738587581794
19987.612687317727,0.5891578464410511,8723.354462593483,3510.435132227469
19992.587747162004,0.5743104643389179,8725.93431898105,3511.394548753861
19996.066989116476,0.5065117394891969,8727.738507306332,3512.0655027137486
19999.166200121308,0.39456466840004717,8729.345627631721,3512.663168801534
20000.62092903875,0.31737341619174847,8730.099988806469,3512.943705131735
20001.83645759064,0.23300653157607806,8730.730310748446,3513.178112874367
20002.39226438226,0.18474176676964116,8731.018528757171,3513.2852970002377
20002.87564152081,0.13443323678609134,8731.269187797376,3513.378513465322
20003.109033096283,0.1057582950850458,8731.390214846037,3513.42352166395
20003.300596561818,0.0788301250875835,8731.48955159741,3513.46046355311
20003.420803982317,0.059647242207653044,8731.55188610689,3513.4836448465353
20003.519548700686,0.04209720909637495,8731.603090962324,3513.502687183293
20003.584925845502,0.029672034872726134,8731.636992798356,3513.5152947797715
20003.629142198515,0.021732518210270894,8731.659921538281,3513.523821642253
20003.66621011213,0.01741051170556077,8731.679143398365,3513.530969970298
20003.695239804023,0.017557383186980295,8731.694196974939,3513.536568174715
20003.724269495917,0.02085362914006456,8731.709250551517,3513.542166379062
20003.754150365712,0.025925414328410223,8731.724745513138,3513.547928727958
20003.782031193496,0.031172921779163594,8731.739203337143,3513.5533053805216
20003.837384249997,0.04169526503396694,8731.767907102878,3513.563979889545
20003.919993490246,0.05652921587805658,8731.810744778537,3513.5799105916567
20004.021488187293,0.0731487352119663,8731.863375657398,3513.5994832413403
20004.167666859736,0.0946331902688284,8731.939177765618,3513.6276729288466
20004.387012076117,0.12303151839466524,8732.052920964788,3513.6699723458028
20004.709148184098,0.15916071631103063,8732.219967195271,3513.7320943659356
20005.176147255774,0.20388590201010603,8732.462133263834,3513.822152326065
20005.849965832353,0.25811701676130894,8732.811547226876,3513.9520941507385
20006.81872833696,0.3222197201493904,8733.31390670464,3514.138914056084
20008.203558554913,0.3950576626117728,8734.032021400883,3514.405969930991
20010.16389714206,0.47239763813883634,8735.048570541634,3514.7840087332634
20012.89038164766,0.5441359100708498,8736.462410758984,3515.309793358894
20016.53537964655,0.5900087978249123,8738.352553499773,3516.0127063075083
20021.57995870777,0.5715422129449075,8740.96846023871,3516.9855170667415
20025.125789792357,0.49854696255103553,8742.807179315067,3517.669303795884
20028.056281896887,0.3891530821369785,8744.326809480315,3518.2344262609768
20029.50941042144,0.3103971783926476,8745.080340935208,3518.514650457464
20030.65586722198,0.22941355837777072,8745.674845313435,3518.7357353441153
20031.21303564226,0.18035195395670614,8745.96376947298,3518.8431807111015
20031.668779522122,0.13230602663529462,8746.20009912341,3518.9310671668254
20031.90187917551,0.103371061970286,8746.320974821778,3518.976018509501
20032.084090005224,0.07750899040099904,8746.415461711864,3519.011156359734
20032.2029468969,0.058399497481998,8746.477095908309,3519.0340769259465
20032.300322142317,0.04097689652692446,8746.527590624482,3519.0528549338874
20032.36310170665,0.02902835031008608,8746.560145472184,3519.064961451429
20032.406220871228,0.02137061886928222,8746.582505261573,3519.0732766239844
20032.443130411968,0.017297261367541377,8746.601645000615,3519.0803943220635
20032.47023234743,0.017571408400583462,8746.615698927106,3519.085620704929
20032.497334282893,0.02059849745543193,8746.6297528536,3519.0908470877334
20032.52618573615,0.025424270201694032,8746.644714006616,3519.096410850425
20032.554104151233,0.030655132111580247,8746.659191325187,3519.101794684401
20032.605855129725,0.04051211866849317,8746.686027211108,3519.1117744296935
20032.688110744246,0.05537795146535324,8746.728681521292,3519.127636739586
20032.787211566425,0.07172902889319842,8746.780071049363,3519.1467475066684
20032.92872531869,0.0927174162250435,8746.85345414339,3519.1740372521854
20033.141447989947,0.12055035912217675,8746.963763195046,3519.215059040012
20033.454251205523,0.1560461318098714,8747.125969818038,3519.275380516831
20033.908028295224,0.20006656575347384,8747.361279577895,3519.362887608506
20034.562927438863,0.25353082199499993,8747.700882798088,3519.4891793648962
20035.50480572874,0.3168769785040751,8748.189301366723,3519.6708125577934
20036.851963173587,0.38913143586686655,8748.887880709832,3519.930600249726
20038.760821921784,0.46638302788099306,8749.877734800797,3520.2987069335104
20041.420596768123,0.5391218154579982,8751.256982512974,3520.81162070096
20044.99366503151,0.5880388533587617,8753.109825943922,3521.500654000203
20049.886399841158,0.5772347963559602,8755.646993216733,3522.444171111829
20053.391785658572,0.5124884872281987,8757.464739491983,3523.1201500146612
20056.897171475986,0.38594947539950075,8759.282485818656,3523.796127895376
20058.182999277546,0.3165470363786888,8759.94926229632,3524.044086408251
20059.468827079105,0.22621802837480526,8760.616038780901,3524.2920447836664
20059.950829605714,0.1837869252229612,8760.865985120647,3524.3849938688836
20060.432832132323,0.13342888571622002,8761.115931461363,3524.477942934789
20060.654056108833,0.10621526642247849,8761.230648958703,3524.520603621654
20060.85115207609,0.07852009071251151,8761.332854680228,3524.5586114755774
20060.970643702964,0.05942183953783442,8761.394818038108,3524.581654159061
20061.069163774275,0.04189030288919265,8761.44590642482,3524.600652701241
20061.1340219882,0.02956001799037273,8761.479539180793,3524.6131599137634
20061.178067454603,0.021665917549661944,8761.502379316747,3524.6216536104394
20061.215121089695,0.01738766794650595,8761.521593781537,3524.628799007172
20061.243699963903,0.017554281277174726,8761.536413589933,3524.634310136943
20061.27227883811,0.020779222337869573,8761.55123339833,3524.639821266646
20061.301735788904,0.025756897542127,8761.566508540509,3524.6455017239405
20061.329565513,0.030987061221574963,8761.580939871008,3524.6508683879374
20061.383640095846,0.04127407050132942,8761.608980687164,3524.6612960914536
20061.46609846992,0.05611526814538761,8761.651740149882,3524.6771973043096
20061.566732395724,0.072638718713179,8761.703924693296,3524.6966034765705
20061.71122881876,0.09394497983689704,8761.778854492648,3524.7244680590757
20061.92819130805,0.12214090140971796,8761.89136216219,3524.766306940519
20062.246970464676,0.1580434255878147,8762.056667695906,3524.827780063568
20062.70921081855,0.20251620487130467,8762.296366205219,3524.9169181166026
20063.376219955826,0.25647286720069684,8762.642249240505,3525.045543583611
20064.33530777942,0.3203053499971177,8763.139592067111,3525.2304931878966
20065.706584956664,0.3929361280410839,8763.85067905729,3525.4949288712005
20067.648414331587,0.4702482391655691,8764.857630567165,3525.869388987448
20070.350950697597,0.5423520057520548,8766.259052937383,3526.3905424331438
20073.970345733724,0.5893255233433105,8768.13591992914,3527.0885007108195
20078.961462288964,0.5736338110928139,8770.724104458783,3528.0509777616426
20082.455747583364,0.5046409716055391,8772.536094892128,3528.7248076010264
20085.515459714847,0.39325275074119637,8774.122733872646,3529.314834532207
20086.969174808677,0.3157267037841964,8774.876569847132,3529.595164898812
20088.168611417987,0.23212938811828704,8775.498547618905,3529.8264607793626
20088.724420614206,0.18370424998598928,8775.786767075566,3529.9336413739634
20089.201344028916,0.13391630009920505,8776.034079658662,3530.025609848348
20089.434574269842,0.10519089504166199,8776.155023130352,3530.070585258454
20089.62392926798,0.07851213561070655,8776.25321473194,3530.1070998969058
20089.743808380375,0.05934743519395686,8776.315379037998,3530.1302170165986
20089.84221974308,0.04182849821340484,8776.366411064795,3530.1491943605124
20089.906938694196,0.029523625351557944,8776.399971612671,3530.161674563167
20089.95091929041,0.021645813418297896,8776.422778114944,3530.1701556453127
20089.987967464345,0.01738095183449472,8776.441989752255,3530.177299900463
20090.01641857741,0.0175538497304877,8776.456743312481,3530.1827863249364
20090.04486969047,0.02075920870905892,8776.471496872711,3530.1882727493426
20090.074227201745,0.02571421498256557,8776.486720453242,3530.193933960699
20090.10205478155,0.030941977351006417,8776.501150675145,3530.199300144753
20090.155817006962,0.041171340605549354,8776.52902952226,3530.209667485128
20090.238242781517,0.05601497636475177,8776.571772090128,3530.225562214727
20090.338668210166,0.0725150589080474,8776.6238485277,3530.244927940789
20090.482758022787,0.09377810079114586,8776.698567493204,3530.2727137688444
20090.699143660233,0.12192479673842632,8776.810776057497,3530.314440894039
20091.017109886972,0.15777214207802062,8776.975660077962,3530.375756493282
20091.478198169385,0.20218344873344885,8777.214761226565,3530.464671281179
20092.14355851648,0.25607312888951866,8777.559789348108,3530.5929772088725
20093.100303039122,0.31983936446840966,8778.055917151689,3530.777472650047
20094.468295830095,0.39241869143659763,8778.765301160662,3531.0412717118875
20096.40563560432,0.469722001309488,8779.769924783746,3531.4148614380733
20099.10235087622,0.5419110035968207,8781.16832890125,3531.9348859228057
20102.715462581134,0.5891463461234274,8783.041938052991,3532.631623924042
20107.693446082394,0.5741167085106367,8785.623312925467,3533.5915565711243
20111.175345354925,0.5060697614825552,8787.428880901562,3534.2629896366975
20114.265758626625,0.3942475412605213,8789.031440581342,3534.858929545218
20115.720017144078,0.31699463385865073,8789.785558526608,3535.1393612440634
20116.931976161948,0.23279699239671806,8790.414030041879,3535.373069025798
20117.487685575954,0.18450449985163997,8790.702197822138,3535.480229056249
20117.969630914344,0.13431051918284478,8790.952114622982,3535.5731647963275
20118.202953316733,0.1056280340224137,8791.073105913678,3535.6181574232783
20118.394021850196,0.07875544311735119,8791.172186106054,3535.6550020399063
20118.514150720748,0.05957720323173071,8791.234479940646,3535.6781670362884
20118.612817472946,0.04203452705221428,8791.285644413583,3535.6971933939003
20118.67803948822,0.029637732941123953,8791.319465837349,3535.709770450665
20118.72220231468,0.021712325391636082,8791.342366841905,3535.71828656842
20118.75926693349,0.01740349286695408,8791.36158701128,3535.7254339065357
20118.788154920298,0.017556185066100762,8791.37656711946,3535.731004507634
20118.817042907103,0.020829641917262623,8791.391547227644,3535.736575108663
20118.846778318053,0.025869458917510135,8791.406966774737,3535.7423091222477
20118.874634571253,0.03110977718193045,8791.421411868801,3535.74768076929
20118.929554987164,0.04155254148176221,8791.44989131176,3535.758271320803
20119.01211034435,0.05638842836495486,8791.492701085654,3535.774190842218
20119.113312697482,0.07297529980991212,8791.54518041596,3535.7937061470925
20119.25891921185,0.09439910599038503,8791.62068589714,3535.8217841045857
20119.47745476876,0.1227285673363955,8791.734009346128,3535.863925293293
20119.79844989205,0.15878049230559105,8791.900464064402,3535.9258242112237
20120.26383052573,0.2034193508906681,8792.141791103017,3536.015565614472
20120.935332126377,0.25755619281571274,8792.490003902862,3536.145054202726
20121.900800889816,0.32156531031251956,8792.99065584942,3536.331229698428
20123.281013342526,0.3943298307405587,8793.706376630627,3536.5973818705684
20125.235037568105,0.4716551854824647,8794.719652348538,3536.97418431129
20127.95333254607,0.5435089485792165,8796.129247127714,3537.4983636662782
20131.58951155646,0.5897413737106088,8798.014818458629,3538.199541203191
20136.61607241431,0.5721920657315213,8800.621384127617,3539.1688292999584
20140.145717809257,0.5004959430784617,8802.451711678561,3539.84946106925
20143.117534114,0.39044751546573553,8803.992772264392,3540.422524239457
20144.570658665452,0.31209851522156074,8804.746302355914,3540.7027338115463
20145.734099106972,0.23026762164341968,8805.349614295454,3540.9270827606924
20146.29070901785,0.18142125204159437,8805.638249102378,3541.034415115892
20146.75322971136,0.1328138393973165,8805.87809314576,3541.12360401388
20146.98633960991,0.10394979574961102,8805.998974268618,3541.1685551093997
20147.170823680997,0.07782665319814551,8806.094640054747,3541.204129576265
20147.290002810387,0.05869996450138764,8806.156441407298,3541.2271111469213
20147.387703568733,0.041247185518871674,8806.207104967663,3541.245950995715
20147.45107417155,0.02918972915636905,8806.239966333507,3541.2581708858597
20147.49448573875,0.021458077241955625,8806.262477771443,3541.2665420318876
20147.53145062247,0.01732232340851553,8806.281646226756,3541.2736700499304
20147.558903756086,0.017561143396661066,8806.295882283035,3541.278963896666
20147.5863568897,0.020627638422468047,8806.31011833932,3541.2842577433394
20147.6152457909,0.025467040198177627,8806.32509892512,3541.289828452091
20147.643137409843,0.03069494998836504,8806.339562361709,3541.2952068527015
20147.695172415282,0.04060461567051413,8806.366545557037,3541.3052408740623
20147.777448068555,0.05546662725050177,8806.409210297927,3541.321106263751
20147.87673357447,0.07183846424261217,8806.460695642842,3541.340251698859
20148.01860573169,0.09286503869293941,8806.534264658661,3541.3676092070355
20148.231838917764,0.12074164404568367,8806.644838544118,3541.4087274102376
20148.545361532968,0.1562861952995246,8806.807418367893,3541.4691846279343
20149.000156158672,0.20036054919254764,8807.043255997274,3541.5568836067337
20149.656510067638,0.2538830635744795,8807.38361391239,3541.6834496447686
20150.600453790867,0.3172859467093459,8807.873103980613,3541.8654721401604
20151.950502270836,0.38958253607321314,8808.573183140363,3542.125804474462
20153.863304943796,0.4668359544564299,8809.565083301979,3542.494653479221
20156.528175778123,0.5394889834565936,8810.946974856635,3543.0085245695577
20160.106710057018,0.5881563179077952,8812.80265444807,3543.698577850743
20165.011560334675,0.5767370391272274,8815.346106643145,3544.6443846093043
20168.493787973603,0.5120141052557882,8817.151845723094,3545.3158645450985
20171.97601561253,0.38622298003546346,8818.957584853082,3545.9873434847855
20173.266892732165,0.3165928492359808,8819.626980312796,3546.2362634315623
20174.5577698518,0.22587074266843613,8820.296375779382,3546.48518324152
20175.037776838493,0.18357487212654203,8820.545287545032,3546.577742944567
20175.517783825188,0.13340269487175452,8820.794199311633,3546.6703026286996
20175.739093112148,0.10617484518218703,8820.908961153154,3546.712977663036
20175.93600455649,0.0785016715774248,8821.011071282906,3546.75094806191
20176.05548026218,0.05940411649586112,8821.073026441818,3546.773986539488
20176.153980549596,0.04187454942699897,8821.124104616494,3546.7929803302727
20176.2188010953,0.029551214035637426,8821.157717870274,3546.805479662744
20176.262832216627,0.02166087493421342,8821.180550588511,3546.813970174599
20176.2998846641,0.017385996684423775,8821.199764455156,3546.821114990121
20176.3284308581,0.017554164620322756,8821.2145673306,3546.826619546528
20176.3569770521,0.020774030645202352,8821.229370206049,3546.832124102869
20176.38640762528,0.025745689418369487,8821.244631683963,3546.837799193783
20176.414236667384,0.030975176493204342,8821.25906267411,3546.843165461749
20176.468229007627,0.04124696226317361,8821.28706086849,3546.8535767924627
20176.550678909276,0.056088744139493565,8821.329815977155,3546.869475587821
20176.651258129703,0.07260597335148299,8821.381972200705,3546.888870254747
20176.795647681967,0.09390072733906982,8821.456846650331,3546.9167128559916
20177.0124586379,0.122083471406897,8821.5692758446,3546.9585204551754
20177.331023824485,0.1579710400400468,8821.7344705746,3547.019949288696
20177.792960150287,0.2024268539280617,8821.974011648352,3547.109024323057
20178.459532914436,0.25636452617907995,8822.319668717204,3547.2375593056854
20179.417998194378,0.3201772544208446,8822.816689176516,3547.422379751609
20180.788397978744,0.39279056680357194,8823.527321841908,3547.686633219157
20182.729017171838,0.47009374881068966,8824.533646728685,3548.0608415309475
20185.429956337477,0.5422088807011205,8825.934242146805,3548.581661324615
20189.047523090096,0.5892333837507798,8827.810162793232,3549.27923269633
20194.035215366865,0.5736831054262123,8830.396574013643,3550.2410020895027
20197.526318714743,0.5048993076402285,8832.20691608633,3550.9141852200137
20200.592180808417,0.39342656378688745,8833.79674564119,3551.505369027168
20202.045770463268,0.3159681078742804,8834.55051726063,3551.7856614263346
20203.24772855521,0.23224912237026954,8835.173803140498,3552.017432150817
20203.803425094928,0.18385822784576072,8835.461964442822,3552.1245857549457
20204.28135984475,0.13398780005002378,8835.70980168969,3552.2167447231736
20204.514576674315,0.10527456729131204,8835.830738317854,3552.2617153371557
20204.70427223829,0.07855703467300987,8835.929106612999,3552.2982938518026
20204.824195959725,0.05939023928439008,8835.991294108542,3552.3214184374324
20204.9226549598,0.04186696990299386,8836.042350884969,3552.3404040346563
20204.98746725776,0.029545087472255347,8836.075959869484,3552.352901623914
20205.03148257494,0.021658273708481734,8836.098784397556,3552.3613889844883
20205.068534576607,0.017385119024446727,8836.11799803741,3552.368533626692
20205.09706385942,0.017554106551208565,8836.132792146791,3552.3740348548586
20205.12559314223,0.02077136498302437,8836.147586256175,3552.379536082958
20205.155010330753,0.0257399717343511,8836.162840796842,3552.385208523558
20205.18283905923,0.030969126551093913,8836.177271627648,3552.390574665439
20205.23678950221,0.0412331694461065,8836.205248102227,3552.4009777899228
20205.319235059742,0.056075265291721105,8836.248000967977,3552.416875553238
20205.419786360417,0.07258934438804232,8836.300142725402,3552.436264599355
20205.564121421237,0.09387827220577122,8836.374988935107,3552.4640963527627
20205.780855089746,0.12205436392721335,8836.487378076976,3552.5058885377016
20206.09931126096,0.1579344330045382,8836.652516313814,3552.567295599109
20206.561092907268,0.20238182149726797,8836.891977231842,3552.656339718147
20207.22744400831,0.25631019651496784,8837.237519434251,3552.7848303869227
20208.185593708356,0.3201135044019758,8837.734376360288,3552.969587721504
20209.555550054945,0.3927190091262919,8838.444779239304,3553.233752452858
20211.49556058454,0.4700194807746416,8839.450788727885,3553.6078388257115
20214.19570407567,0.5421434818616742,8840.85097186146,3554.128498830228
20217.812387925187,0.5891989472833622,8842.726435098422,3554.8258914371468
20222.79832724313,0.5737298639801488,8845.311937895938,3555.78731107632
20226.287774891203,0.5050640592886351,8847.121421803147,3556.460166733698
20229.357317470523,0.39353962876825543,8848.71316026834,3557.052053023666
20230.81091343704,0.3161170910159847,8849.466935332313,3557.3323432225966
20232.014376157673,0.2323256941609346,8850.091001592573,3557.5644012521357
20232.5700373034,0.18395262941691393,8850.379144606602,3557.671546725252
20233.04857544165,0.1340332123830031,8850.627294802287,3557.763820918623
20233.28179532568,0.10532601835875423,8850.74823304189,3557.8087915734495
20233.47169560237,0.07858525952670996,8850.84670751501,3557.845409116013
20233.591647942616,0.05941698843874487,8850.90890986524,3557.868538938219
20233.69013667318,0.0418909775804984,8850.959982070293,3557.887530036828
20233.755007300264,0.029558446166232377,8850.99362130954,3557.900038721082
20233.79904413673,0.021666033512297983,8851.01645700182,3557.90853012767
20233.836098322317,0.017387724349353297,8851.03567177854,3557.91567510391
20233.864677187095,0.01755430682523127,8851.050491602455,3557.921185825674
20233.893256051873,0.020779187332958443,8851.065311426373,3557.926696547371
20233.922712895284,0.025756785318184695,8851.080586533906,3557.932376565293
20233.950543062863,0.030986986319592846,8851.095018114254,3557.937742919267
20234.004617144037,0.04127382079284965,8851.123058708881,3557.9481697575015
20234.087075912757,0.05611497225674515,8851.165818435134,3557.9640698745065
20234.187709925176,0.07263828242367523,8851.218003095333,3557.983474633212
20234.332206275463,0.09394429057595796,8851.292932960152,3558.011337148066
20234.549168734615,0.1221398018588376,8851.405440769007,3558.0531729402273
20234.867947158447,0.15804156790532167,8851.570746150372,3558.1146413916176
20235.330185222527,0.20251301460542478,8851.810443802366,3558.203772434233
20235.997189046288,0.2564674102161462,8852.156324558546,3558.3323873983886
20236.956265496006,0.32029607748580097,8852.653662171875,3558.517321181965
20238.327518894068,0.39292045711125634,8853.364737810045,3558.781732798237
20240.269298181964,0.47022186140598776,8854.37166473276,3559.156155673752
20242.97172386459,0.542307805910565,8855.773031635415,3559.677249398491
20246.590828815166,0.5892526098900487,8857.649750782217,3560.3751003596103
20251.581972397424,0.5735083944345709,8860.237952884954,3561.3375118009735
20255.076548664685,0.5044463612033929,8862.05009669456,3562.0113481877365
20258.133027219927,0.39311171988256766,8863.635061054283,3562.600708230586
20259.586381291563,0.31557451247048074,8864.388710852527,3562.880948378683
20260.78451289058,0.23204023119686107,8865.010012753359,3563.11197562491
20261.34021644564,0.18361091129348117,8865.298177824478,3563.219127973334
20261.816617694218,0.13386475239402928,8865.545219973095,3563.3109890042765
20262.049797160533,0.10513948023446323,8865.66613728115,3563.3559513191926
20262.238968897043,0.07848126262615492,8865.764233985541,3563.3924279376834
20262.358814265088,0.05931888402976666,8865.82638087848,3563.4155368521747
20262.457194310544,0.04180301052619602,8865.877396735474,3563.434506763074
20262.521852536862,0.02950934304773797,8865.91092584002,3563.4469743396467
20262.565809760243,0.02163765319913478,8865.933720253397,3563.4554502918513
20262.60285572165,0.017378283291312645,8865.952930769748,3563.4625935954705
20262.631255747165,0.017553764586226327,8865.967657858317,3563.4680697660046
20262.65965577268,0.02075132659010615,8865.982384946888,3563.473545936473
20262.68897603784,0.02569770586357924,8865.997589234003,3563.4791995499936
20262.71680430172,0.03092478145655954,8866.012019830443,3563.484565471692
20262.7704471841,0.04113202891915132,8866.039836829417,3563.49490903832
20262.852861360887,0.05597661967725843,8866.082573441818,3563.510800363814
20262.953207709714,0.07246769056874097,8866.134608943305,3563.5301494186965
20263.097143152616,0.09371408246256875,8866.209247961542,3563.5579034393795
20263.313309767076,0.12184168882975799,8866.32134310348,3563.5995852664005
20263.630966676712,0.15766735537991106,8866.486066951042,3563.6608367177505
20264.09161547812,0.20205405689225256,8866.724940530908,3563.749660231935
20264.75634495793,0.2559161600892922,8867.069641983955,3563.877835089202
20265.71218927796,0.3196536380423282,8867.565303660034,3564.0621433998094
20267.078912944256,0.3922073917255424,8868.274030526074,3564.3256783724037
20269.014501275393,0.4694972641535553,8869.277747300366,3564.6989029498163
20271.708902383234,0.5417018355896613,8870.674953304519,3565.2184430388184
20275.31935395611,0.5890095664669043,8872.547185588573,3565.9146169807523
20280.29236624828,0.5741818156025897,8875.125986131481,3566.873520664657
20283.77007262621,0.5064218591155505,8876.929382315944,3567.5440960282954
20286.86890600704,0.39449187730476987,8878.536310512918,3568.141615835989
20288.323110604124,0.3173270322388478,8879.290401529048,3568.4220165908337
20289.538510360384,0.23296651248253664,8879.92065813024,3568.6563706964835
20290.09411882656,0.18471689904521793,8880.208773957245,3568.7635034123045
20290.577445697407,0.1344114770426723,8880.459407506145,3568.8566987326512
20290.810766244547,0.10574391608489307,8880.580398000264,3568.901687706304
20291.002303473066,0.07881832264513558,8880.679721374237,3568.9386199982237
20291.12249528564,0.05963710122820675,8880.742047933183,3568.9617954344126
20291.221229139675,0.042088333893205425,8880.793247272364,3568.980833337075
20291.28658523344,0.029667161625854418,8880.827138270004,3568.9934353257313
20291.33079384624,0.021729763366787377,8880.850063048805,3569.001959648286
20291.36786183296,0.017409593641048833,8880.869284990926,3569.0091071123184
20291.396871058038,0.017557236830972395,8880.8843279888,3569.0147006826273
20291.425880283114,0.02085007873565669,8880.89937098668,3569.0202942528686
20291.455739146695,0.02591696682282821,8880.914854572347,3569.02605165067
20291.483616447873,0.031163360821367416,8880.929310600786,3569.031426962766
20291.538904136716,0.04167355559895295,8880.957980535419,3569.0420875563254
20291.621505753577,0.05650769079597223,8881.000814356234,3569.0580148315944
20291.722956854508,0.0731221071924307,8881.053422748744,3569.0775766708143
20291.86904980171,0.09459709168333423,8881.129180577356,3569.1057463660604
20292.088273846024,0.12298447313974727,8881.24286120273,3569.14801722282
20292.41023809526,0.1591009150924932,8881.409818697715,3569.210098474699
20292.876991390243,0.20381107848090588,8881.651857872352,3569.300097982831
20293.550454873515,0.2580245012578292,8882.001088500432,3569.4299553793744
20294.518706510033,0.32210715896671593,8882.503184215699,3569.6166538366183
20295.902808022325,0.3949239741824919,8883.220922682654,3569.8835364108736
20297.86212213333,0.47224478179009677,8884.236942903897,3570.261331263175
20300.58720471887,0.5439720618807815,8885.65005938518,3570.786781038748
20304.23041677928,0.5898532570264138,8887.539280344228,3571.4892633817494
20309.27230946685,0.5714405076970297,8890.153800033031,3572.4614368574603
20312.816048668978,0.49853189682847227,8891.991438555162,3573.1447364167184
20315.747716989412,0.3891285653545745,8893.51168213655,3573.710016432121
20317.20031453634,0.3104145399228765,8894.264939972547,3573.990103917858
20318.34728225129,0.22940485022433685,8894.859710650442,3574.2112602382126
20318.904225260183,0.18036697250248424,8895.148518581858,3574.318648982375
20319.360174208643,0.13230286386305182,8895.384955113163,3574.4065642157125
20319.593201048137,0.10337819074885611,8895.505793329734,3574.451496013623
20319.77547094161,0.07750888642965675,8895.600311064023,3574.4866409493898
20319.89432415086,0.05840041465890468,8895.661943491905,3574.5095579987255
20319.991700934865,0.04097790940579484,8895.712439121433,3574.5283340038172
20320.054483581203,0.029028949618449783,8895.744995641808,3574.5404396330982
20320.09760377171,0.021371048163809792,8895.767356014348,3574.548753985227
20320.134514063968,0.017297435319356128,8895.786496186878,3574.5558709566103
20320.161617081452,0.017571410302076994,8895.80055070661,3574.561096908111
20320.188720098937,0.020598519123700747,8895.814605226344,3574.5663228595527
20320.217571804526,0.025424261083502275,8895.829566544431,3574.5718859895896
20320.245490952264,0.030655191757780312,8895.844044276044,3574.577269305562
20320.29724241095,0.040512136541091155,8895.870880472357,3574.5872479213895
20320.379498758608,0.05537787332973344,8895.913535260284,3574.6031084302604
20320.47860059555,0.07172882102760392,8895.964925432121,3574.622217052865
20320.62011584544,0.092716968714568,8896.038309470605,3574.6495037455234
20320.832840822753,0.12054944776873747,8896.148619970398,3574.690520954979
20321.14564619721,0.15604421748310535,8896.3108280839,3574.7508354620577
20321.59942430458,0.20006273760650328,8896.546138909662,3574.8383320356716
20322.25432160302,0.2535235819605135,8896.88574194967,3574.9646079741556
20323.19619110267,0.31686380393689056,8897.374157076942,3575.1462172363886
20324.54332361934,0.3891080650597917,8898.072725090564,3575.405968322139
20326.452120120335,0.4663422777236244,8899.062549165452,3575.774017953001
20329.111741530756,0.5390517137843013,8900.441720464067,3576.286839378112
20332.68437878,0.587920771723745,8902.294344621418,3576.97570529264
20337.577298534743,0.5770289104097989,8904.831613592356,3577.919142713062
20341.077569702917,0.512314056922944,8906.646711766994,3578.5940528218684
20344.57784087109,0.3859502340193681,8908.461809991148,3579.2689619427892
20345.864462648835,0.31651411129772583,8909.128999713112,3579.517043266316
20347.15108442658,0.22612021041580954,8909.796189441764,3579.7651244564313
20347.632611990244,0.18372166950729113,8910.04589005488,3579.8579706129285
20348.11413955391,0.13340707120094492,8910.295590668935,3579.9508167507433
20348.335345907562,0.10619390218422593,8910.41029928929,3579.9934688316016
20348.532371043657,0.07850693978243951,8910.512468513636,3580.031458388243
20348.651847510097,0.0594101214244251,8910.57442415118,3580.0544953356043
20348.75035491899,0.04188002722091187,8910.625506088134,3580.0734891170378
20348.815189280114,0.029554262231301535,8910.659126551676,3580.085990203569
20348.85922526671,0.02166270977299199,8910.681961823851,3580.0944810355422
20348.896278524167,0.017386640806321838,8910.701176136614,3580.1016254872084
20348.92483593524,0.017554234185884428,8910.715984848879,3580.1071318057966
20348.95339334631,0.020775767381650823,8910.730793561146,3580.1126381243203
20348.982832781643,0.02574938508643932,8910.74605965534,3580.1183145109408
20349.010662566903,0.030979142966326232,8910.760491050452,3580.1236805316207
20349.064682381137,0.041255914082821046,8910.788503529748,3580.1340964019787
20349.147135651543,0.056097437970895676,8910.831260443376,3580.1499946897247
20349.24773366018,0.07261661936318921,8910.883426480554,3580.1693915677242
20349.39215961041,0.0939149911726277,8910.958319906362,3580.197239160646
20349.609022268294,0.122101730276943,8911.07077606383,3580.2390536860225
20349.927659616424,0.15799347384234314,8911.236008438187,3580.300491962758
20350.38969694438,0.2024534428307026,8911.475602212802,3580.3895799894894
20351.05641218876,0.25639481304720335,8911.821333635417,3580.5181330909713
20352.015076075662,0.3202095958378119,8912.318457758978,3580.7029783830826
20353.385746248925,0.3928210048984649,8913.029231601677,3580.967264759961
20355.326717143063,0.4701140699714711,8914.035740232042,3581.3415136642748
20358.02806570887,0.5422034035781834,8915.436549848726,3581.862374520147
20361.645900423817,0.5891751791387173,8917.312611993742,3582.559946845591
20366.634796724535,0.5735120329514473,8919.899651078096,3583.521878503494
20370.12733241999,0.5045721571841252,8921.710738360884,3584.195288914846
20373.187127033663,0.3931936720324014,8923.297423719883,3584.7852599029525
20374.640309501105,0.31569876582630274,8924.050985208993,3585.0654534447385
20375.839806092634,0.23209847091631444,8924.672995498308,3585.296732736996
20376.395408273616,0.18369100785350095,8924.961108260053,3585.4038603713043
20376.872357181568,0.13389993609139936,8925.208434624737,3585.4958225682753
20377.105515299798,0.10518281814619754,8925.329340971257,3585.5407785987113
20377.294869559573,0.07850372598533764,8925.427532413009,3585.577288651122
20377.414736499442,0.059340507735758205,8925.489690548095,3585.6004006105795
20377.513140676656,0.041822489731026605,8925.540718964703,3585.6193742596383
20377.57784615842,0.029520240079595073,8925.574272604154,3585.6318503464895
20377.621821088658,0.021643983278784702,8925.597076220081,3585.640329304092
20377.658869205832,0.017380394598146737,8925.616287871599,3585.6474726789143
20377.687308077537,0.017553861578319806,8925.631035117465,3585.652956075449
20377.71574694924,0.020757263875028742,8925.645782363334,3585.658439471919
20377.745095296395,0.025710076300369443,8925.6610012263,3585.664098227404
20377.772923627766,0.03093771804779655,8925.675431870714,3585.6694639033676
20377.82665633053,0.04116149512689734,8925.703295471903,3585.6798242898008
20377.909079846184,0.056005292153305034,8925.746036965482,3585.695716649672
20378.0094863032,0.07250299947743218,8925.798103683419,3585.7150763612153
20378.15353871898,0.0937616595186097,8925.872803426148,3585.7428515975653
20378.369871411625,0.12190316183673908,8925.98498479027,3585.784563436863
20378.687761894787,0.15774419433230746,8926.149829907667,3585.845856970959
20379.148740787845,0.20214766447280166,8926.388874874405,3585.9347398485934
20379.81394123227,0.25602746197740855,8926.73382086044,3586.0629993345024
20380.77045220391,0.31978132709526147,8927.229828680496,3586.24742729917
20382.138104740923,0.392345379046516,8927.93903785813,3586.511128667161
20384.074950453076,0.4696302163959122,8928.943407561068,3586.8845776965895
20386.770949864578,0.5417976280579548,8930.34144363575,3587.404400925914
20390.383008701196,0.589009582043211,8932.214511062757,3588.1008512354542
20395.359841031102,0.5739540397599998,8934.79529483695,3589.060445301335
20398.840993803035,0.505882531991752,8936.60047979958,3589.7316528983188
20401.92895591591,0.3941058126608119,8938.201772037599,3590.3270478538907
20403.382630053875,0.31686188118980235,8938.955588655013,3590.607332844615
20404.593616332513,0.23271066198809248,8939.583557170012,3590.84082471267
20405.149124180367,0.18442513188836132,8939.871621078599,3590.947932877161
20405.630680676342,0.13426146651656576,8940.121336807239,3591.0407823687992
20405.8639225686,0.10558381387756091,8940.24228662252,3591.0857540140596
20406.05484877097,0.07872688330923135,8940.341293232026,3591.122566717836
20406.174944731556,0.059551256154357295,8940.403570141845,3591.145722558581
20406.273583038474,0.04201148023953688,8940.454719980024,3591.1647411234976
20406.338749186038,0.029625047657044642,8940.488512509608,3591.17730588261
20406.382891914855,0.021704995233383987,8940.511403144177,3591.1858170922224
20406.419955594884,0.017401009156900713,8940.53062287024,3591.1929633822874
20406.44879236357,0.01755583826349147,8940.545576452681,3591.198523432197
20406.47762913226,0.020821046978037824,8940.560530035127,3591.2040834820396
20406.5073144457,0.025849706924021647,8940.575923638578,3591.2098071406813
20406.535164579087,0.031087904408724373,8940.59036559185,3591.2151769561315
20406.58993474177,0.04150288667056955,8940.618767184022,3591.2257372524373
20406.67247277472,0.056339492013741506,8940.661568071164,3591.241651502403
20406.77357451082,0.0729148943262519,8940.713995344326,3591.2611450398826
20406.91898393139,0.09431743068962387,8940.789398791527,3591.289181589543
20407.13724050354,0.12262253797032023,8940.902577826782,3591.331263875117
20407.457841453273,0.15864670102175787,8941.068828519308,3591.3930792838332
20407.922661239812,0.20325384454614503,8941.30986527142,3591.4827016646245
20408.59335696648,0.2573548649493603,8941.657660965584,3591.61201916655
20409.557674510866,0.32132612612592554,8942.157717069309,3591.7979501164864
20410.93626141686,0.39405595051279413,8942.872596526928,3592.0637565926245
20412.888036838962,0.47136055488544215,8943.884708398175,3592.440079758283
20415.603347069824,0.5432279810619612,8945.292758595553,3592.963620090212
20419.236053075452,0.5895423322952457,8947.17653322856,3593.664043040842
20424.25639109336,0.5722320051021375,8949.779877872606,3594.632013929083
20427.78044561444,0.5008919130688394,8951.607310354746,3595.311485337633
20430.762139349743,0.39069814298033556,8953.153496455954,3595.886383625818
20432.214750367868,0.31247469927256233,8953.906761950158,3596.1664602852284
20433.382271929935,0.23044088958561096,8954.512191555437,3596.3915689739283
20433.93855481546,0.18166187955243898,8954.800657431348,3596.498825293881
20434.402707249585,0.1329186420861556,8955.041348170675,3596.5883180191813
20434.63575031685,0.10407929851572074,8955.1621949102,3596.633250792681
20434.820773884436,0.07789390733144061,8955.258140673253,3596.6689249769956
20434.940017873414,0.058764535495531504,8955.319975798775,3596.6919162738814
20435.03778944294,0.04130541316178385,8955.370676193243,3596.710767497329
20435.1012912834,0.029223965336205898,8955.40360568776,3596.7230112134694
20435.144763310655,0.02147701507886947,8955.426148528617,3596.731393004392
20435.181739365256,0.017327978685277592,8955.445322819935,3596.7385223142783
20435.20927712259,0.017559538504202964,8955.459602790776,3596.743831837024
20435.236814879925,0.02063642276563243,8955.473882761618,3596.7491413597104
20435.265723226425,0.025481331446862942,8955.488873464754,3596.7547151440203
20435.293608229953,0.030708632984975778,8955.50333350348,3596.760091618711
20435.345739907996,0.040636102844617564,8955.530366890185,3596.770143065995
20435.4280233199,0.05549678125099202,8955.573035750618,3596.786008033037
20435.527372660705,0.07187557668788193,8955.62455431386,3596.805163460867
20435.66936833329,0.09291495562717049,8955.6981875457,3596.8325414756628
20435.882777533425,0.12080602709369133,8955.808852954346,3596.873688643759
20436.196547214215,0.15636631612211688,8955.971561263046,3596.9341861873622
20436.651689566675,0.2004573697387836,8956.207579741376,3597.0219416067575
20437.308537752393,0.2539967563488533,8956.548194736035,3597.1485876427487
20438.253177846604,0.31741378937266174,8957.038047017923,3597.330722398268
20439.60419000471,0.3897158375955201,8957.738627480698,3597.591209067992
20441.518282558547,0.46695471442578995,8958.731198758447,3597.960262192408
20444.18475585819,0.5395529171907215,8960.113924401197,3598.47438015814
20447.76477276255,0.5880933694344643,8961.970377002774,3599.1646359469123
20452.67388417186,0.5763876999534995,8964.516044575956,3600.1111500870416
20456.147134906416,0.5116145649354478,8966.31713265815,3600.7808181724686
20459.62038564097,0.38599945247157985,8968.118220788434,3601.450485297115
20460.910418472675,0.316374860040321,8968.787179939662,3601.6992124387684
20462.20045130438,0.2256576497384747,8969.45613909752,3601.9479394479436
20462.67963501433,0.18340908512416904,8969.704624504533,3602.040329257386
20463.15881872428,0.13329880472333938,8969.95310991246,3602.1327190485526
20463.3799028543,0.1060878131044587,8970.067755254615,3602.175345526094
20463.576542616953,0.07844312266346372,8970.16972473069,3602.2132589652147
20463.69595021535,0.05935063165466943,8970.231644711159,3602.236281533773
20463.794391951997,0.04182673753801144,8970.28269263857,3602.255261745748
20463.859097948996,0.02952451110466935,8970.31624656755,3602.267737485608
20463.903085644833,0.021645554192688717,8970.339056818395,3602.2762186011687
20463.940134109773,0.017380944293750984,8970.358268663045,3602.2833617874903
20463.96858280047,0.01755389670788513,8970.373021010468,3602.288846881025
20463.997031491166,0.020758760530135124,8970.387773357896,3602.2943319744954
20464.026387037233,0.025713200470131668,8970.402995964067,3602.299991915539
20464.05421558289,0.030941008826532362,8970.417426729211,3602.305357440867
20464.10797113387,0.041168963330141715,8970.445302197128,3602.315721861952
20464.190397190112,0.05601254514003171,8970.488045036622,3602.331614143134
20464.290819082053,0.07251190732352471,8970.54011979317,3602.3509761380683
20464.434901458986,0.09377362901037126,8970.614835122304,3602.3787561575205
20464.651276709414,0.12191855812218226,8970.727038629897,3602.4204747101053
20464.969226822755,0.1577632806372379,8970.891914778902,3602.4817775487345
20465.43028958265,0.20217061297148428,8971.131003394814,3602.570673417106
20466.095609020544,0.2560542047121919,8971.476011315795,3602.6989512581604
20467.052287172362,0.3198110227751387,8971.97210615906,3602.883404860206
20468.42017006078,0.3923756226203069,8972.681435259869,3603.1471412113196
20470.357321750962,0.46965566904884504,8973.685964299295,3603.520635882804
20473.053694757586,0.5418077290408211,8975.084195035777,3604.040512562121
20476.6660709642,0.5889857436785874,8976.95742828416,3604.7369991756664
20481.643891821324,0.5738546450372427,8979.538726384864,3605.696749560456
20485.126031549455,0.5056804562191258,8981.344424343066,3606.3681234841056
20488.21014281134,0.39396060507767516,8982.943720747953,3606.9627547284067
20489.66356379075,0.31669266736743407,8983.69740658811,3607.242980908607
20490.872989312044,0.23261581630617095,8984.324566173893,3607.4761635261225
20491.42843705293,0.18431967591936127,8984.61259910467,3607.583256281148
20491.909367850923,0.1342060944942706,8984.8619905372,3607.675981823729
20492.142573077002,0.10552587803130956,8984.982921419163,3607.720944795603
20492.33328231482,0.07869330794531751,8985.081815585272,3607.757714354726
20492.453342618453,0.05951987736358736,8985.144074046164,3607.780862494801
20492.551946122912,0.041983415256769234,8985.195205871136,3607.799873671362
20492.617043501217,0.02960959019917588,8985.22896276217,3607.812424723353
20492.661161787808,0.02169596772058521,8985.251840737175,3607.8209309168546
20492.698223710824,0.01739792176162614,8985.27105956488,3607.828076613295
20492.726999004746,0.01755542104872287,8985.2859812789,3607.8336246123145
20492.75577429867,0.020810874086312423,8985.30090299292,3607.8391726112686
20492.785401678106,0.025826650388748304,8985.316266564338,3607.844884895863
20492.813245244266,0.031062536367403998,8985.330705121696,3607.8502532536168
20492.867840862596,0.04144534953409193,8985.359016221015,3607.8607795204157
20492.95035858479,0.056282934903541706,8985.40180660422,3607.876689286831
20493.05134302807,0.07284517675310573,8985.454173088829,3607.8961595145693
20493.196523129576,0.09422330870604267,8985.529457670402,3607.9241508507034
20493.414454906215,0.12250063712873244,8985.642468354845,3607.9661690136277
20493.73459795274,0.1584935560340532,8985.808481707465,3608.0278939323457
20494.198768077185,0.20306568842881556,8986.049181730821,3608.1173878597965
20494.868533259127,0.2571282690702367,8986.396495112585,3608.246521337941
20495.83152697839,0.3210609646407561,8986.895865065466,3608.4321904201643
20497.208255812227,0.39375964659563023,8987.609781475596,3608.6976291773776
20499.157485699234,0.47105559377758593,8988.620574005654,3609.0734481419745
20501.86948155608,0.5429647526427246,8990.02690643508,3609.596330796809
20505.498565996022,0.5894161039120521,8991.908804317718,3610.296030550674
20510.51162750483,0.5724601897018375,8994.508377379905,3611.2625640480705
20514.028655119666,0.5016380563624586,8996.33216719941,3611.9406564752994
20517.02660692155,0.39119425067647495,8997.886785107034,3612.5186689102206
20518.479103313497,0.3131356451371418,8998.639991659124,3612.7987135089716
20519.653301667684,0.2307715127035963,8999.248883982433,3613.0251014928267
20520.209338233108,0.18207876195700565,8999.537222317429,3613.1323065079437
20520.67615984252,0.13311532049236896,8999.779297343592,3613.2223106736856
20520.90919361993,0.10430521439762123,8999.900139345713,3613.2672400584684
20521.095113799045,0.07801709722719528,8999.99655011914,3613.3030858428924
20521.21448214793,0.05888125119275612,9000.058449773642,3613.326100299169
20521.312381234773,0.04141034224483838,9000.10921632703,3613.3449754379662
20521.376120880577,0.029285225504990006,9000.142269159676,3613.3572645681347
20521.419700055743,0.021510962915233207,9000.164867578073,3613.3656667193814
20521.456694212884,0.01733820570396543,9000.184051269327,3613.3727992659983
20521.48439299907,0.017557090574958575,9000.19841475274,3613.378139646652
20521.51209178526,0.020654715165432283,9000.212778236157,3613.383480027245
20521.541047111867,0.025512402170112223,9000.227793311215,3613.389062671244
20521.568918124918,0.030738576574543836,9000.242246104604,3613.3944362573907
20521.62126063943,0.040705105523508346,9000.269388840557,3613.404527996996
20521.70356019105,0.05556312760909465,9000.312066098628,3613.4203955117573
20521.803047771242,0.07195743969275714,9000.363656381367,3613.4395769113794
20521.94531186619,0.09302538022576322,9000.437428855024,3613.4670057051694
20522.1591031624,0.12094907466454925,9000.548292476622,3613.5082250792625
20522.47341119939,0.15654579662778725,9000.711280062953,3613.5688242682077
20522.929315140893,0.20067712487642228,9000.94769362703,3613.656723403694
20523.587252139514,0.2542600014210635,9001.288873461821,3613.7835748627576
20524.53343795544,0.3177193237476537,9001.779527617176,3613.966001162032
20525.886613338243,0.39005265074524714,9002.481230305106,3614.2268956468315
20527.803656030785,0.46729250127447663,9003.47533206316,3614.5965044474738
20530.47393839808,0.5398259139355165,9004.860033850226,3615.1113385401163
20534.05802598987,0.5881786864992241,9006.718598574456,3615.8023546443064
20538.9761350558,0.5760105184511746,9009.268933654637,3616.750569932403
20542.44028701091,0.5110431889428534,9011.06530466179,3617.418460002118
20545.904438966023,0.38541953347840796,9012.861675716293,3618.086349124823
20547.190222780966,0.31590178828617316,9013.528431938066,3618.33424823569
20548.47600659591,0.2253721421644114,9014.195188166359,3618.5821472161547
20548.954353983954,0.18315842451983344,9014.443240054008,3618.674372507559
20549.432701372,0.13309119857119892,9014.691291942561,3618.766597780918
20549.653259608076,0.10592219152966934,9014.80566465266,3618.8091213552384
20549.849396832065,0.07832829966194232,9014.907373599439,3618.8469365611395
20549.968670077036,0.059245200320892984,9014.969223950397,3618.8699324103436
20550.06699630394,0.041732033430127276,9015.020212012712,3618.8888896793155
20550.131475601353,0.029471344243638075,9015.053648406441,3618.9013212693594
20550.17537614581,0.021615025646003268,9015.07641347909,3618.90978528155
20550.212414693196,0.017370943559462833,9015.095620193557,3618.916926302584
20550.24067753617,0.01755370408724617,9015.110276177486,3618.9223753703186
20550.268940379145,0.020730660116172254,9015.124932161414,3618.92782443799
20550.298168015917,0.02565537806146924,9015.14008844896,3618.93345951755
20550.326000301706,0.03088114510445869,9015.1545211631,3618.938825573799
20550.379339802395,0.041032209835251035,9015.182180902293,3618.9491094131645
20550.461725193833,0.05587944754994812,9015.224902682816,3618.964993290913
20550.561870600704,0.07234773101251972,9015.276834099554,3618.984301293372
20550.705414191885,0.09355204096554885,9015.351270085119,3619.0119764505253
20550.9210245455,0.1216314746707196,9015.463077021668,3619.0535460527126
20551.237896442875,0.15740268582428837,9015.627394159515,3619.1146388391358
20551.69743111197,0.2017280012952799,9015.865690526014,3619.2032369419303
20552.360563050603,0.25552196778906733,9016.209564324416,3619.3310884885723
20553.3141310365,0.3191896304061416,9016.704046686458,3619.5149359168554
20554.677652046834,0.3916838604409524,9017.411114358392,3619.7778219576317
20556.60883514782,0.4689487137333517,9018.412548986857,3620.1501526615357
20559.29745288326,0.5412080293920902,9019.80675906918,3620.668515725318
20562.901389720275,0.5887242292597512,9021.67561722928,3621.363350589523
20567.861711032703,0.5744539394277894,9024.247842460176,3622.3196931432144
20571.329682995765,0.5074486036279584,9026.046194765751,3622.988311817043
20574.797654958827,0.3787167548598338,9027.844547118619,3623.6569295446775
20576.022732293994,0.31116207690487757,9028.479823519581,3623.8931216617525
20577.24780962916,0.22401685455720755,9029.115099926441,3624.129313660809
20577.72603887997,0.18159701170578402,9029.363090606988,3624.22151509192
20578.20426813078,0.13120059126290565,9029.611081288434,3624.3137165050493
20578.41945863826,0.10449129949234126,9029.722670532798,3624.355204695165
20578.611503631957,0.0772996248488697,9029.822257433794,3624.392230485201
20578.72955289488,0.0583037758343575,9029.883473089809,3624.414990083681
20578.826864202263,0.04088397181254897,9029.933934866327,3624.433751456107
20578.889436150523,0.028974140324200506,9029.966382191888,3624.4458151681056
20578.93245899332,0.021341219994462386,9029.988692128307,3624.4541098622635
20578.96934793374,0.017289284350553706,9030.007821266738,3624.4612219556006
20578.996346423104,0.01757590709250815,9030.021821610331,3624.46642719521
20579.023344912468,0.020592807684578295,9030.035821953925,3624.4716324347623
20579.0522009864,0.025417919544259756,9030.050785567055,3624.477195811795
20579.080126792876,0.030649731981594677,9030.065266780455,3624.4825798355855
20579.13183787295,0.040499058335471703,9030.09208209147,3624.492549598897
20579.214092120816,0.05536525216459459,9030.13473587547,3624.508408006013
20579.313168799086,0.0717131393259875,9030.186113103358,3624.527509733673
20579.454634769132,0.09269565384069099,9030.259471733412,3624.55478400596
20579.66728969788,0.1205215087306476,9030.369746128466,3624.5957833219736
20579.97999532873,0.15600841692278025,9030.531902841898,3624.65607214613
20580.433630447686,0.20001748265637864,9030.767139988096,3624.7435317917134
20581.08832019177,0.2534668325775643,9031.106636074828,3624.8697542062837
20582.029889151683,0.31679337423770304,9031.594896326496,3625.051286099843
20583.376588989704,0.3890219606455237,9032.293241360716,3625.3109259860885
20585.2847683537,0.4662393587705191,9033.282747382804,3625.6788172788797
20587.943522811867,0.5389329673081421,9034.661471858466,3626.191416735325
20591.514976056715,0.58779165219993,9036.513485722817,3626.8799807595287
20596.406353553317,0.576903151019703,9039.049959983675,3627.8230200601465
20599.905543772147,0.5122019215093868,9040.86450122724,3628.4976497047705
20603.404733990978,0.3858637053613124,9042.67904251879,3629.172278389004
20604.690900039564,0.31644493612124613,9043.345997242366,3629.4202453786265
20605.97706608815,0.22607469439643657,9044.01295197242,3629.6682122385614
20606.458464890064,0.18368388790006748,9044.26258631044,3629.7610236656105
20606.939863691976,0.1333783600754289,9044.512220649367,3629.853835074495
20607.161004608613,0.10617089579867386,9044.626895564346,3629.896469989709
20607.357965866602,0.07849075630673107,9044.729031866817,3629.9344431787003
20607.477422481395,0.05939576413980687,9044.790977333043,3629.9574738415035
20607.575914333167,0.04186734587856502,9044.84205130407,3629.976462597635
20607.64071889467,0.029547169872465813,9044.875656381431,3629.988956605531
20607.684743271257,0.02165871030440067,9044.898485678437,3629.997444293492
20607.72179583136,0.017385342798757548,9044.91769966771,3630.0045878486662
20607.75032700329,0.01755416598073352,9044.932494802788,3630.010088521159
20607.77885817522,0.020771579869842422,9044.947289937867,3630.0155891935888
20607.808276623993,0.02574035295676759,9044.962545179556,3630.021260928649
20607.83610639316,0.030969627799757055,9044.976976594962,3630.02662637388
20607.890060384823,0.04123413634323579,9045.004954996875,3630.037028443
20607.972507330323,0.05607608539719156,9045.047708715509,3630.052923815624
20608.07306196351,0.07259018905254674,9045.099852363423,3630.0723102621982
20608.217402945014,0.0938791748228996,9045.174701876442,3630.100138503408
20608.4341451835,0.12205504758323148,9045.287095812344,3630.1419253527656
20608.752611846485,0.15793417835840906,9045.452240004033,3630.203324169707
20609.214405473576,0.2023793863234187,9045.691707880458,3630.29235571107
20609.88076900037,0.2563034879342974,9046.037257602256,3630.42082729408
20610.838927483397,0.32009890289402476,9046.534120629663,3630.6055554364602
20612.208877920817,0.39269027338371254,9047.244522655816,3630.869674874145
20614.148839480178,0.4699659280803979,9048.250509881333,3631.243689289314
20616.84881307652,0.5420471116896762,9049.65060927072,3631.7642295490346
20620.464916896442,0.5890317007372847,9051.525777560391,3632.4613938510047
20625.451120618854,0.5734302700102694,9054.111425504943,3633.422703963067
20628.94140096842,0.5045900148650497,9055.921346840363,3634.095607881718
20632.00296892743,0.39319569036645685,9057.508954926418,3634.6858579857785
20633.45569953101,0.3157439574516054,9058.262283587801,3634.9659346055423
20634.655943679856,0.23210752031243667,9058.88468276132,3635.197333422705
20635.211352471844,0.18372341287994293,9059.172695809095,3635.3044123798472
20635.688602315684,0.1339069759869114,9059.420178716444,3635.3964228154337
20635.921700223185,0.10519972909902861,9059.5410540792,3635.4413624569916
20636.111148516087,0.07850960034418844,9059.639294477023,3635.4778867558975
20636.231018224757,0.05934697359872211,9059.701454170838,3635.500996791505
20636.329429953676,0.04182847968463552,9059.752486604388,3635.519969878902
20636.394150767206,0.02952356556981223,9059.786048260647,3635.5324475949674
20636.438130968076,0.02164600974607427,9059.808854654815,3635.5409266671068
20636.47518011981,0.017381106515680842,9059.82806688081,3635.548069481803
20636.503630923304,0.017553922827638093,9059.842820343196,3635.553554595634
20636.532081726797,0.020759052259042243,9059.857573805584,3635.5590397094015
20636.561438769044,0.025713784524598177,9059.872797207583,3635.5646995395286
20636.589267739248,0.030941660769967277,9059.887228211808,3635.570064768109
20636.643027861704,0.041170379480692784,9059.915106086875,3635.580429339225
20636.725454802767,0.05601387087895543,9059.957849441265,3635.596320669636
20636.825880143606,0.0725134712056404,9060.009926054574,3635.615681963326
20636.969968993595,0.09377563758338771,9060.084644838375,3635.6434612706244
20637.18635350481,0.12192095203135667,9060.196853295409,3635.6851786650877
20637.504315997976,0.15776581116492905,9060.361736080338,3635.746479565236
20637.965395073537,0.20217281126514214,9060.600833470464,3635.835372307359
20638.6307358526,0.2560552312981605,9060.945852910563,3635.963645213103
20639.58744055523,0.3198093258300924,9061.441962172532,3636.1480909222496
20640.95535289719,0.3923683943975981,9062.151307476752,3636.4118143496166
20642.892527431468,0.4696379347858204,9063.155849678966,3636.7852870860934
20645.58888475681,0.5417708891636748,9064.554074116055,3637.305124088992
20649.201075460474,0.5889160911716282,9066.427213623778,3638.0015258506155
20654.179141157805,0.5737220630877317,9069.008642068608,3638.9612558260014
20657.661699825378,0.5054659679918014,9070.814559635273,3639.6326632416262
20660.74215274687,0.39380404477099334,9072.41196106114,3640.2265473331704
20662.195176540263,0.31652237961091345,9073.165441921914,3640.5066772188648
20663.403126686007,0.2325159985930337,9073.791837256122,3640.739558989845
20663.958457162214,0.1842148502818337,9074.079809754627,3640.846621602615
20664.438797012463,0.1341483173519246,9074.328895070976,3640.939226692424
20664.671946196882,0.10546806728919997,9074.449797050029,3640.9841756968394
20664.862447816802,0.07865870096218948,9074.548583682954,3641.0209026424786
20664.98247034299,0.059487827112369975,9074.610822635337,3641.0440418710064
20665.081038437795,0.04195481197526321,9074.661936165096,3641.0630448835486
20665.146066269044,0.0295937856533981,9074.695657035894,3641.075581644601
20665.190159386882,0.021686796460651858,9074.71852198928,3641.0840823874305
20665.22721951321,0.01739481570988207,9074.737739910415,3641.0912272348223
20665.25593296918,0.017555052763425803,9074.752629577211,3641.096762921788
20665.28464642515,0.020800726712638985,9074.767519244013,3641.1022986086896
20665.314217599807,0.02580391721547524,9074.782853689929,3641.1079996556996
20665.342056171143,0.03103777906186325,9074.79728967604,3641.1133666728656
20665.39648121009,0.04138909656619437,9074.825512356618,3641.123859313093
20665.478979788586,0.05622769129063794,9074.86829286859,3641.1397642696393
20665.579850011323,0.07277703125285974,9074.920600191372,3641.1592111071395
20665.724806781316,0.09413125603306838,9074.995769060426,3641.187157418093
20665.942422166838,0.1223812941627103,9075.10861582461,3641.2291116282136
20666.26211879844,0.15834336516963454,9075.27439790102,3641.2907461407235
20666.725654986065,0.20288068670327225,9075.514769504296,3641.3801115565907
20667.394511114016,0.2569046301629032,9075.861611940361,3641.5090606957383
20668.356209600934,0.32079775791194215,9076.3603108893,3641.694467012559
20669.731116402934,0.3934627557627015,9077.073283398233,3641.959535835385
20671.677840909393,0.4707446758910124,9078.082778056945,3642.3348453665085
20674.38655053204,0.5426851882294611,9079.48740821118,3642.8570577183955
20678.01195246974,0.5892550747288529,9081.367398949631,3643.555998363939
20683.01791581831,0.5726169470021331,9083.963294576692,3644.521095537186
20686.52811138553,0.5022658698513789,9085.783543943093,3645.1978232249276
20689.540330449734,0.3916087075215203,9087.345562318375,3645.7785456727834
20690.99255250388,0.3137043861165971,9088.098627591213,3646.0585177363723
20692.172614911964,0.23105124319633372,9088.71056157577,3646.2860203633913
20692.728373767142,0.18243920322585164,9088.998756276813,3646.393164319898
20693.19754167017,0.13328229959137836,9089.242048314016,3646.4836145116483
20693.43054431231,0.10450040765105176,9089.362874328033,3646.528534742855
20693.617250687224,0.07812220258126852,9089.459692917304,3646.5645295828404
20693.73672389648,0.05898119387714691,9089.521647028909,3646.587562640958
20693.83473265775,0.04150023255097054,9089.572470521278,3646.6064576000003
20693.898679120477,0.029337230462573725,9089.605630644113,3646.6187857402506
20693.942347953045,0.021540062545138912,9089.628275584753,3646.627204587171
20693.979356494277,0.017347163050707718,9089.647466760021,3646.6343394066753
20694.007201881275,0.017555532995383136,9089.661906283563,3646.6397076757567
20694.035047268273,0.020672830197852394,9089.676345807111,3646.6450759447785
20694.064057096533,0.02554458211938346,9089.691389164143,3646.6506687045626
20694.091916093388,0.030770025104741944,9089.705835745233,3646.6560395972847
20694.144479405895,0.040777395030402654,9089.733093013709,3646.6661731964755
20694.22679687491,0.05563273914947723,9089.775779618627,3646.682043052749
20694.326429851957,0.07204328706731647,9089.827445365665,3646.701251138066
20694.46897625789,0.09314112873233071,9089.9013643308,3646.728732434664
20694.68316929826,0.12109889850051152,9090.012436425543,3646.7700263698584
20694.998043020147,0.15673352993328873,9090.175717566131,3646.830730366862
20695.45474672407,0.20090653779687076,9090.412546163503,3646.918777523671
20696.11382616273,0.2545340226899206,9090.754318867172,3647.0458403373673
20697.061631990153,0.31803593995308926,9091.24581373582,3647.2285661656015
20698.41707074496,0.3903990341064983,9091.948691033274,3647.489878711979
20700.33719151543,0.46763470460653966,9092.944390255878,3647.8600550222277
20703.011425431625,0.5400913570529049,9094.331142963334,3648.375614847244
20706.599649548007,0.5882329533911002,9096.191855145067,3649.067380012319
20711.52720523094,0.5755529403695017,9098.74709218694,3650.0173500870487
20714.985744230784,0.5102505081555234,9100.540554870711,3650.6841113017585
20718.444283230627,0.3842946593374184,9102.334017600728,3651.350871589595
20719.72058393836,0.31506240636006827,9102.995857120857,3651.596925145086
20720.996884646094,0.22502778956918915,9103.65769664728,3651.8429785744142
20721.474648139683,0.18281644527742485,9103.905446072231,3651.9350848498993
20721.952411633272,0.13274389125981212,9104.153195498066,3652.0271911077093
20722.172027925677,0.10565355533990732,9104.26707990158,3652.06953011495
20722.36737936697,0.07813786189337471,9104.368381504288,3652.1071911887593
20722.486427094405,0.059070868738776615,9104.430114990984,3652.1301419534793
20722.584563291737,0.041575356525453376,9104.481004577605,3652.1490612619427
20722.64867367315,0.02938236245936965,9104.514249709358,3652.161420860899
20722.692425324203,0.021564519059002443,9104.536937601277,3652.1698555767293
20722.729444293087,0.017354828907072208,9104.556134188035,3652.176992324036
20722.757419972073,0.017554581561962327,9104.570641278995,3652.1823856495403
20722.78539565106,0.02068997093977956,9104.58514836996,3652.187778974984
20722.814463339702,0.025576197955038956,9104.600221734348,3652.1933828247797
20722.842312299843,0.03080127677002578,9104.614663113889,3652.198751720454
20722.895094479976,0.040849168154249216,9104.642033884387,3652.2089273971237
20722.977430203537,0.055702034985138905,9104.684729964554,3652.224800589108
20723.077207364397,0.07212878901489331,9104.736470490752,3652.2440362489597
20723.220034077614,0.09325649358678394,9104.81053482812,3652.2715712671506
20723.434625769074,0.12124836958426415,9104.921813671524,3652.3129415792646
20723.75006131282,0.15692118012130513,9105.085386185945,3652.373753185804
20724.20756040204,0.20113656908896502,9105.322627289768,3652.461952663763
20724.86777765103,0.25481007772264924,9105.664990090609,3652.589233362249
20725.817199917437,0.3183572416464948,9106.157323286616,3652.772268704572
20727.17490315997,0.39075489315233947,9106.861375009456,3653.0340147910815
20729.098117177335,0.4679948446379766,9107.858678482287,3653.404783155854
20731.77635735403,0.5403894056735646,9109.247508976929,3653.921109370683
20735.36890306755,0.5883443209856328,9111.110462568671,3654.6136996815108
20740.305740859425,0.5751977085537074,9113.67051349671,3655.5654482312398
20743.763518101216,0.5094847927588232,9115.463581546781,3656.232054888458
20747.221295343006,0.3829502253672245,9117.256649642919,3656.8986606220114
20748.485534486586,0.31409944437642495,9117.912234648973,3657.1423860576424
20749.749773630167,0.22472658216083471,9118.567819661184,3657.386111369857
20750.22737470361,0.18248277762122633,9118.815484914378,3657.478185271166
20750.70497577705,0.13235632503021574,9119.063150168447,3657.570259154864
20750.923500469722,0.10535881294045588,9119.176468535343,3657.6123872308935
20751.11800368657,0.07792659421768434,9119.27733030366,3657.6498843463432
20751.236800334056,0.05887744216490214,9119.338933603303,3657.6727864422496
20751.334726775425,0.041401251278090606,9119.389714429557,3657.691665094991
20751.398435606625,0.029281981908902584,9119.42275134017,3657.703947138993
20751.442015038712,0.021508305239385014,9119.445349930911,3657.7123485565194
20751.47900748196,0.01733747025850003,9119.464532766615,3657.7194801078294
20751.50669337298,0.017557281776096997,9119.47888958796,3657.724817504673
20751.534379263998,0.020653134579381626,9119.493246409307,3657.730154901457
20751.56333041392,0.025509634738683597,9119.50825934449,3657.735736219848
20751.59120314522,0.030735945170391788,9119.522713053913,3657.741109636327
20751.64352725012,0.040698959153992395,9119.549846290343,3657.7511968861177
20751.72582590089,0.05555713176509821,9119.592523155137,3657.767062748075
20751.825301934277,0.07194994861481732,9119.644107539454,3657.78624013363
20751.96754323614,0.09301513690066249,9119.717868321199,3657.8136619764864
20752.18130221783,0.12093552921544512,9119.828715377636,3657.8548712786405
20752.495563838816,0.15652816516813953,9119.991679176539,3657.915455870799
20752.951400462996,0.20065431563036978,9120.228058241646,3658.003333835734
20753.60923852414,0.2542304948739918,9120.56918736177,3658.130154398444
20754.55527882132,0.31768115156053983,9121.059766905833,3658.3125356430182
20755.90824016544,0.39000328984857147,9121.761359815744,3658.573364553796
20757.824967671982,0.4672287483914264,9122.755299850303,3658.942878156577
20760.494782706177,0.5397437946068506,9124.139761691356,3659.4575742015004
20764.078148928547,0.5880738840952098,9125.997955554549,3660.148386895227
20768.995586653582,0.5758746812266563,9128.547946910196,3661.0963845089027
20772.458288729045,0.5109011395110367,9130.343569168665,3661.7639329336125
20775.92099080451,0.38528902792218334,9132.13919147318,3662.4314804348114
20777.205933123096,0.31579884028109223,9132.805512478431,3662.679194272729
20778.490875441683,0.22531162022667348,9133.471833490023,3662.9269079835394
20778.969062363092,0.18310595749417496,9133.719802593907,3663.019093767565
20779.4472492845,0.13304802498751617,9133.967771698668,3663.1112795339905
20779.66770253805,0.10588791552796738,9134.082090166234,3663.15377891738
20779.86374179306,0.07830420588047034,9134.183748485579,3663.191571722119
20779.982985956278,0.059223526845456294,9134.24558386257,3663.2145598277048
20780.081288655245,0.041712741430390735,9134.296559812175,3663.2335107990907
20780.145722879784,0.029460427829800104,9134.329972890548,3663.245932544563
20780.189605224445,0.02160887858753115,9134.352728564763,3663.2543922615573
20780.22664192325,0.017368984559141792,9134.371934353761,3663.261532262568
20780.254867966134,0.017553754045625345,9134.386571279876,3663.2669737295073
20780.283094009017,0.02072520572152069,9134.401208205996,3663.2724151963857
20780.312298574838,0.025644416318419412,9134.416352555989,3663.2780453045957
20780.340132883222,0.03086999195626634,9134.430786343864,3663.2834112520763
20780.39339479018,0.04100660952165656,9134.458405893685,3663.2936791770717
20780.475773423368,0.055854514473653964,9134.50112424334,3663.3095602758203
20780.57586788954,0.0723168838182795,9134.553029333794,3663.3288566635124
20780.71931195644,0.09351028072639694,9134.627413838345,3663.3565100623305
20780.934781048672,0.12157710825204014,9134.739147715105,3663.398048568888
20781.251452991186,0.1573338076293846,9134.903361447576,3663.4590971305506
20781.710702810433,0.20164234164609018,9135.141510513049,3663.5476320867724
20782.373424522444,0.255416978112189,9135.485172176976,3663.6753926697133
20783.32640460908,0.3190634993658044,9135.979350530097,3663.8591096808464
20784.689091574317,0.3915368904273025,9136.685986917897,3664.1218105118483
20786.619111995038,0.46878581010495635,9137.686820352046,3664.4938824904075
20789.30616335845,0.5410430740661758,9139.080220577658,3665.0118954532886
20792.90818905886,0.5885864838531525,9140.948090916349,3665.706297388033
20797.865319105753,0.5744107222426604,9143.518665710215,3666.6619359950405
20801.331079038795,0.5075354041878356,9145.315874038062,3667.3300662246556
20804.796838971837,0.37903953112025185,9147.11308241188,3667.998195531925
20806.0252072511,0.31137527235986107,9147.750066461123,3668.235000185534
20807.25357553036,0.22403822584252786,9148.387050516138,3668.471804723331
20807.731606732603,0.18164323910501406,9148.634938922803,3668.5639594308086
20808.209637934844,0.13128232381768107,9148.882827330342,3668.65611412075
20808.42508084895,0.10455108821471744,9148.99454765483,3668.697647125533
20808.61729516523,0.07734335933041285,9149.094222531154,3668.7347021268674
20808.73539623312,0.05834413273240202,9149.155465156455,3668.75746960352
20808.832750664056,0.040920573239268655,9149.205949381923,3668.7762375509888
20808.895400937192,0.028996380754012015,9149.238437379505,3668.7883152446943
20808.938465765812,0.021353036454355434,9149.260769126495,3668.7966172643432
20808.975363301848,0.01729257259176459,9149.279902755165,3668.8037303557953
20809.002402122755,0.01757411561087899,9149.293924037196,3668.808942888231
20809.02944094366,0.020594750233357426,9149.307945319231,3668.814155420611
20809.05829460167,0.025419824076972436,9149.322907705282,3668.819717816453
20809.086218850618,0.030651384271633744,9149.337388135906,3668.8251010411527
20809.137942491543,0.04050294440394029,9149.364210006588,3668.835072302242
20809.22019808944,0.05536889674478643,9149.406864563989,3668.8509295003464
20809.319283248253,0.07171754970742863,9149.45824627788,3668.870031093137
20809.460765320244,0.0927014724507056,9149.531613383884,3668.897305942665
20809.673443315714,0.12052878968505275,9149.641899930011,3668.938305907068
20809.986180625445,0.1560169577361051,9149.804073349627,3668.998595252929
20810.439858995043,0.2000267939574922,9150.03933332828,3669.0860551341525
20811.09460804081,0.2534759366824265,9150.378860750086,3669.2122772883954
20812.03625644371,0.3168002548408424,9150.867163036944,3669.3938076823247
20813.383057740153,0.38902270896183855,9151.565561883604,3669.65344308109
20815.29135370006,0.4662267291555429,9152.555130067858,3670.021322784674
20817.950202381893,0.5388940288200521,9153.933905772381,3670.5338929504737
20821.521550632748,0.5877051253610183,9155.785868370815,3671.2223730096175
20826.41357631316,0.5767229071310894,9158.3226831076,3672.165450029387
20829.907884853954,0.5120458711563135,9160.134696014686,3672.8390762141603
20833.402193394748,0.38587140639535134,9161.946708968344,3673.5127014641325
20834.689141378978,0.3164185519422574,9162.61407031663,3673.760796280211
20835.97608936321,0.22598423698163578,9163.281431671228,3674.008890969549
20836.457040496316,0.18362394075870922,9163.530834293328,3674.101607521852
20836.937991629424,0.13335929947558567,9163.78023691631,3674.1943240564583
20837.15911911742,0.10615188531552472,9163.894905064204,3674.2369524445116
20837.356015790312,0.07847921124173851,9163.997008050344,3674.27490967524
20837.475459181027,0.05938542505850288,9164.058946765212,3674.2979356613537
20837.573939767582,0.04185826756966032,9164.11001498204,3674.316920491797
20837.638723215077,0.02954207478633561,9164.143609168073,3674.3294092753176
20837.682739191845,0.021655859248031525,9164.16643414837,3674.33789455998
20837.71979129571,0.017384424275330653,9164.185647933979,3674.3450373673577
20837.748303784294,0.01755412523278745,9164.200433405942,3674.3505339300336
20837.77681627288,0.020768601272301686,9164.215218877911,3674.3560304926473
20837.80622000277,0.02573395599485247,9164.230466513096,3674.361698866352
20837.834049966204,0.03096291747042792,9164.244898053967,3674.3670638534386
20837.887957549487,0.04121875860983031,9164.272852438226,3674.3774560152597
20837.970400175633,0.056060998532693807,9164.315603990259,3674.3933490870036
20838.07092433998,0.07257149460219481,9164.367731927547,3674.4127278692263
20838.215205577748,0.09385381400093439,9164.442550588012,3674.4405420228477
20838.431863154434,0.12202193573342511,9164.554900814139,3674.4823086917704
20838.75020963938,0.15789199462517092,9164.719982969063,3674.5436786702935
20839.211831362216,0.20232646692887102,9164.959362112822,3674.6326688497747
20839.87794626295,0.25623781870303536,9165.304783498677,3674.76108063886
20840.835746486537,0.3200185904492636,9165.801461597626,3674.945722658642
20842.205184706574,0.3925941488663595,9166.511599224265,3675.209718965985
20844.144423458136,0.46985467473003967,9167.517213352088,3675.5835595132
20846.843400999718,0.5419253147169204,9168.916798622613,3676.1038597147026
20850.458210392233,0.5889111469008399,9170.791298880886,3676.8007101599683
20855.442529097454,0.573338890138164,9173.375973750426,3677.7615682341434
20858.931303611156,0.5045499277319401,9175.185117311368,3678.434119837165
20861.99324274894,0.3931589726004535,9176.772920589101,3679.0243871063026
20863.445558501753,0.3157345450561575,9177.526035411769,3679.304357951197
20864.645974825344,0.23208976408068271,9178.148524931492,3679.53576864496
20865.201219261675,0.18372092801765452,9178.436453242637,3679.642806056115
20865.67853926022,0.13389797290515318,9178.68397295213,3679.7348215418306
20865.91158114621,0.10519769428280257,9178.804819470703,3679.7797462451385
20866.101045922314,0.07850536596448651,9178.90306858383,3679.816270357987
20866.220908376123,0.059343792797467466,9178.965224621694,3679.839376866813
20866.3193168988,0.04182579898329315,9179.016255479748,3679.858347588898
20866.3840320474,0.029522043701538887,9179.0498142557,3679.8708230638445
20866.42800965171,0.021645223982326156,9179.072619342336,3679.8793008546068
20866.465058922382,0.017380879539405068,9179.091831662812,3679.886443034462
20866.493504255723,0.017553934271326507,9179.10658231378,3679.891926588671
20866.521949589063,0.020758159879555697,9179.12133296475,3679.8974101428184
20866.55130248505,0.025711873430334268,9179.136554242652,3679.903068652451
20866.579132001138,0.030939711211179746,9179.15098555459,3679.9084334921968
20866.632878675216,0.041165842477931536,9179.178856503448,3679.9187945163612
20866.71530479269,0.056009374307093164,9179.221599503737,3679.934684224637
20866.815721693518,0.07250783260945973,9179.2736718293,3679.954042108416
20866.959793763443,0.09376789384075901,9179.348382039181,3679.98181562291
20867.17615455663,0.12191064915610049,9179.460578388542,3680.0235246037005
20867.494082744906,0.15775225112102512,9179.625443665785,3680.0848132461615
20867.955111599105,0.2021549856774123,9179.864515421245,3680.1736881219913
20868.620377865584,0.25603169179607826,9180.209496810985,3680.3019348534426
20869.57697169787,0.3197780743647516,9180.705549426704,3680.486342209036
20870.944718429593,0.3923266539731934,9181.414810062504,3680.75000943485
20872.881643648005,0.4695818079767877,9182.419224693269,3681.12339973688
20875.577618045645,0.5416949030124024,9183.81725294409,3681.643115089406
20879.18917321388,0.5888131870239908,9185.6900660819,3682.3393302795284
20884.16674215405,0.5735774738796275,9188.271241327473,3683.2988762548207
20887.649109189828,0.5052715288756295,9190.077062597797,3683.970185026621
20890.726632386228,0.3936597566185394,9191.672947501389,3684.563449786174
20892.179177490874,0.3163763489319876,9192.426181415389,3684.8434616648597
20893.38595376294,0.23242614340216503,9193.051969090171,3685.076095758441
20893.941128514405,0.18412618425094332,9193.339861325954,3685.1831185208084
20894.42099868313,0.13409676239605361,9193.588703507477,3685.275624565821
20894.65408123814,0.10541894570641591,9193.70957114084,3685.320556598897
20894.844415030537,0.0786282215468853,9193.808270912987,3685.3572478199144
20894.964403321683,0.05945987222501727,9193.870492218311,3685.380378324409
20895.062940653894,0.041929921980774526,9193.921589882755,3685.3993736620832
20895.12790844028,0.029579990625647302,9193.955279673983,3685.4118976971163
20895.171979443752,0.021678842157369007,9193.97813319862,3685.4203933964495
20895.209038013818,0.017392147634850273,9193.99735034544,3685.427537287879
20895.237698335048,0.017554779632855195,9194.012212483945,3685.433062223681
20895.266358656278,0.020792076952971344,9194.027074622454,3685.4385871594204
20895.295883213883,0.02578475315470062,9194.042384920656,3685.4442786965233
20895.323718729982,0.03101710434616839,9194.056819347004,3685.4496446319913
20895.378001152774,0.041342038166591086,9194.084968120364,3685.4601088163818
20895.46048430063,0.05618151022020481,9194.127740703398,3685.4760093381456
20895.5612593743,0.07272002189855442,9194.179998774543,3685.495436048156
20895.70603006204,0.09405419569759246,9194.255071276417,3685.5233439219014
20895.92338177568,0.12228127424082791,9194.367781502535,3685.56524345173
20896.2427060367,0.15821724729957692,9194.533370763982,3685.6268005232596
20896.705712876144,0.20272488678753645,9194.773468276655,3685.716055691802
20897.373808941793,0.25671549443954267,9195.119917163767,3685.8448464753537
20898.334422598207,0.3205737382542615,9195.618054409742,3686.0300266494764
20899.70779946481,0.3932074668771739,9196.33023476578,3686.2947762171784
20901.652411520678,0.4704723501558669,9197.338635705639,3686.669644089882
20904.358327615566,0.5424300970691622,9198.741819631874,3687.191270024184
20907.98051421286,0.5890844741200143,9200.620146213401,3687.8895267498283
20912.98056050836,0.5726849237560843,9203.212977893532,3688.853394825599
20916.48516041528,0.5026923374586564,9205.030328655766,3689.528981832857
20919.507695209435,0.39188646041412367,9206.597699022852,3690.111639673197
20920.959536001148,0.31410407116045486,9207.350567865293,3690.391512605411
20922.14384509712,0.23124234513499542,9207.964705057073,3690.6198130425923
20922.69933577915,0.18269425215838367,9208.252761182657,3690.726895494794
20923.17020422921,0.1333970529406283,9208.496935470866,3690.817665222802
20923.403159908008,0.10463830621561918,9208.617737336426,3690.862572289039
20923.59043353914,0.0781950326718347,9208.714850247183,3690.8986731847376
20923.709978029336,0.05905084066508375,9208.77684142742,3690.9217178754684
20923.808063551463,0.0415629384800122,9208.827704811216,3690.9406259022808
20923.87215615679,0.02937324439528899,9208.860940774224,3690.9529810861554
20923.915886325907,0.02156039136314183,9208.883617560046,3690.9614109863933
20923.952904351518,0.0173535347223377,9208.902813686096,3690.968546981159
20923.980856790342,0.017554747419854324,9208.917308747092,3690.9739353953514
20924.008809229166,0.02068681044048806,9208.931803808091,3690.9793238094853
20924.03786597863,0.02557026576517299,9208.94687152217,3690.984925102407
20924.065717155754,0.030795429819054736,9208.961314072747,3690.9902939961207
20924.118458488563,0.04083566796027792,9208.988663701937,3691.000460984914
20924.200791227162,0.055688922590990016,9209.031358297467,3691.016332332182
20924.300541926485,0.07211252863373367,9209.083085178372,3691.035561352854
20924.443316872563,0.09323443308573884,9209.157122781005,3691.0630841900606
20924.65783505238,0.12121954570161149,9209.26836366893,3691.104437023231
20924.973166221986,0.1568844384090592,9209.43188230122,3691.165223647017
20925.43051610001,0.2010904643551186,9209.669046381245,3691.2533873093184
20926.090517544355,0.2547528476214585,9210.01129778115,3691.3806162307
20927.039628800834,0.31828721952754246,9210.503470428466,3691.5635769867226
20928.396887267714,0.3906710291577382,9211.207292550243,3691.8252164109117
20930.319473379568,0.46789767832517065,9212.204271891838,3692.1958341018476
20932.996847553306,0.5402828361038978,9213.592655366117,3692.711952121744
20936.588264895832,0.5882384764763945,9215.455026584192,3693.4042695957123
20941.523459411837,0.5751165068393189,9218.014229158067,3694.3556253848787
20944.9803280742,0.5094363682866105,9219.806828703866,3695.022003698108
20948.437196736566,0.38295646506692205,9221.599428294641,3695.6883811073776
20949.701754201353,0.31409754451481553,9222.255179338179,3695.93214846713
20950.96631166614,0.22470563554408746,9222.910930387734,3696.1759157059732
20951.44381188717,0.18247024393959146,9223.158543708441,3696.2679628243573
20951.9213121082,0.13235464210685377,9223.406157030005,3696.360009925504
20952.13984497779,0.10535652133051651,9223.519479804456,3696.4021362188964
20952.334343277023,0.07792523709650447,9223.620339171603,3696.4396293967857
20952.453137864388,0.058876556569499326,9223.6819414939,3696.462529269639
20952.551063513067,0.04140062423847807,9223.732721984068,3696.4814062644446
20952.614771617944,0.02928159447870569,9223.765758566813,3696.4936871892373
20952.658350273265,0.02150817009060847,9223.788356788118,3696.5020877872203
20952.695342954667,0.01733746044835488,9223.80753977564,3696.5092188158756
20952.72302779072,0.017557319487233904,9223.821896071115,3696.514555583831
20952.75071262677,0.020652972450879766,9223.836252366593,3696.5198923517287
20952.77966351854,0.02550933493419089,9223.851265190073,3696.5254731753903
20952.807536853637,0.03073569866326117,9223.865719233941,3696.5308462798707
20952.8598592897,0.0406983135875845,9223.892851645034,3696.5409324037682
20952.942158281236,0.05555644342895811,9223.935528749544,3696.5567970665375
20953.041633686178,0.0719490196696864,9223.987112884126,3696.5759728020785
20953.18387345346,0.09301376558629192,9224.060872978991,3696.6033921630064
20953.39763035265,0.12093351651857895,9224.171719119164,3696.644597778514
20953.71188828785,0.1565250975406591,9224.334681247332,3696.7051768304973
20954.16771829677,0.20064951986939958,9224.571057230953,3696.793046515059
20954.825544607796,0.254222891437823,9224.91218076145,3696.919854703852
20955.77156391472,0.31766898465423776,9225.40275014483,3697.1022173657734
20957.12448703934,0.38998367825002606,9226.104324270938,3697.3630181225985
20959.041142589194,0.4671969472465347,9227.098228458031,3697.7324884115005
20961.710813270605,0.5396920422021552,9228.48261748542,3698.2471156285455
20965.29383598333,0.5879903284755794,9230.340635957606,3698.9378070917105
20970.211299136572,0.5757339027324826,9232.890644257504,3699.885734146644
20973.672366430794,0.5107368612067051,9234.685421426,3700.5529143257922
20977.133433725015,0.3851199170708089,9236.48019863943,3701.220093601483
20978.417179165834,0.31566718286324325,9237.145899970465,3701.4675570241166
20979.700924606652,0.2252404942978217,9237.811601307676,3701.7150203225156
20980.17893558909,0.18304236074428465,9238.059479541258,3701.80716486292
20980.65694657153,0.13299282454600359,9238.307357775695,3701.899309386102
20980.877260979858,0.10584438117076096,9238.421604411655,3701.941778626517
20981.073174455792,0.07827356678342227,9238.523197656365,3701.9795441811902
20981.19238191749,0.05919579136636126,9238.58501409234,3702.002523384706
20981.29065446872,0.04168796953749814,9238.635974483484,3702.0214670382866
20981.35503063416,0.029446396986837035,9238.669357503792,3702.0338766045684
20981.39888957503,0.021600952722904295,9238.692101075178,3702.0423311376794
20981.435923655026,0.01736645721556042,9238.71130553442,3702.0494700663535
20981.46410304976,0.017553842954945834,9238.725918292124,3702.054902108585
20981.49228244449,0.02071839154117853,9238.74053104983,3702.060334150756
20981.521458887702,0.025630870118743928,9238.755660838795,3702.06595839037
20981.54929584271,0.03085625355738553,9238.770096020347,3702.071324421527
20981.602462060036,0.04097508726188221,9238.79766598982,3702.081573084648
20981.684832320785,0.05582386536656926,9238.8403800607,3702.0974513072056
20981.784863847384,0.07227899534539216,9238.892252589467,3702.116734028554
20981.9281850893,0.09345903530147649,9238.966573511114,3702.1443615529324
20982.143479778744,0.12151048501977339,9239.078217113643,3702.1858631390523
20982.45990516972,0.1572496159942908,9239.242303235502,3702.246859321928
20982.91880435589,0.20153804977381676,9239.480270826414,3702.335319651717
20983.58102204623,0.2552898771148279,9239.823671629505,3702.462972923305
20984.53328156637,0.3189120788916292,9240.317477051265,3702.6465364350734
20985.89494983146,0.39136273565466995,9241.02358621934,3702.9090200231085
20987.82355803654,0.46859700070831006,9242.023688804038,3703.280790217905
20990.508726893055,0.5408600947490549,9243.416114881775,3703.7983991581577
20994.10852698413,0.588450607403084,9245.282833849193,3704.4923169424787
20999.061694208453,0.574416198024178,9247.851357449901,3705.4471158202928
21002.524865734144,0.5077259722961617,9249.647226166664,3706.114694100312
21005.988037259835,0.3795618439600408,9251.443094928265,3706.7822714784784
21007.22149818412,0.3117275955760511,9252.082720763612,3707.020039042025
21008.454959108407,0.22409594993539064,9252.722346604647,3707.2578064912213
21008.93277561674,0.1817329591816167,9252.970124042806,3707.3499125095277
21009.410592125074,0.13141881753108803,9253.217901481818,3707.4420185106765
21009.62644329589,0.10465211451458101,9253.329833676526,3707.483626921337
21009.81894320562,0.07741686805728988,9253.429656796909,3707.520734038377
21009.937131657447,0.05841166243229465,9253.490944826,3707.54351655529
21010.034558201773,0.04098165812453636,9253.541466520763,3707.562296916368
21010.09733956513,0.029033351625856484,9253.574022544382,3707.574398922491
21010.140473864034,0.02137268932797045,9253.596390348763,3707.58271367564
21010.17738511026,0.01729806442073667,9253.615531115074,3707.589828846254
21010.20449382944,0.017571272656337684,9253.62958866425,3707.595054439519
21010.231602548618,0.020598754084988423,9253.643646213426,3707.6002800327287
21010.260454787265,0.025424465295322905,9253.65860788539,3707.6058417141835
21010.288375359312,0.03065551632700788,9253.673086430548,3707.6112238035225
21010.340129425123,0.04051264056115545,9253.69992411775,3707.6212001392887
21010.422387524843,0.05537811998517462,9253.74258003505,3707.6370565630887
21010.521492635977,0.07172885845000782,9253.793972170799,3707.656160488328
21010.663013129437,0.09271661739946818,9253.867359308297,3707.683440582858
21010.875745963822,0.12054819666289353,9253.977674453516,3707.724447869429
21011.1885598616,0.15604081226996344,9254.139887826568,3707.7847472015596
21011.64234524872,0.20005504140117047,9254.375203645377,3707.872220782116
21012.297245167203,0.25350805616896344,9254.714809801822,3707.9984620186683
21013.239103779197,0.31683444433205304,9255.203221810965,3708.180018551944
21014.586191118062,0.3890546674979967,9255.901770012055,3708.4396885226633
21016.494858943563,0.4662475636733966,9256.891532481897,3708.8076107721968
21019.15414062707,0.5388867812848978,9258.27053474472,3709.32022381866
21022.725779793185,0.5876405160746533,9260.122650913168,3710.0087054579085
21027.61919034487,0.5765367467790791,9262.660187505197,3710.951974811549
21031.107926562156,0.5118781431079297,9264.469313468471,3711.624473584253
21034.59666277944,0.3858836511177961,9266.278439477102,3712.2969714444466
21035.88448330261,0.31639102100267985,9266.946254266695,3712.5452148449085
21037.172303825777,0.2258836590128579,9267.614069062463,3712.793458121089
21037.65275134002,0.1835572750895647,9267.863210891523,3712.8860702683824
21038.133198854266,0.1333382767853581,9268.11235272144,3712.9786823983814
21038.354310984716,0.10613080811924766,9268.227013073096,3713.021304457962
21038.55113439285,0.07846651746399555,9268.329078216148,3713.059244567037
21038.670563494106,0.059373942828931735,9268.391009611574,3713.0822659794435
21038.769031537806,0.041848137645232326,9268.442071398791,3713.1012468921613
21038.83379124473,0.029536393890835372,9268.475653322967,3713.1137301127023
21038.87779788746,0.021652658678277068,9268.498473496344,3713.1222129277267
21038.914849375138,0.017383387790104492,9268.517686990499,3713.1293550520036
21038.943341142633,0.01755408143039237,9268.532461738903,3713.1348471861793
21038.971832910127,0.02076532471997469,9268.54723648731,3713.140339320294
21039.00122059004,0.025726957872603682,9268.56247582187,3713.146004152341
21039.029050748413,0.030955583811349777,9268.576907484921,3713.151368753145
21039.08290756229,0.041201964523068256,9268.604835582948,3713.1617503075204
21039.16534539725,0.0560445464673861,9268.647584712937,3713.1776412000913
21039.265836140155,0.0725511280627401,9268.699695395317,3713.197012008943
21039.410051922023,0.0938262135437172,9268.77448022218,3713.224811347771
21039.626616709535,0.12198595692576598,9268.886782495552,3713.266556830867
21039.944831678575,0.15784629070815961,9269.051796692569,3713.3278966099856
21040.40626564316,0.20226938156341237,9269.291078821832,3713.4168435670163
21041.072109567966,0.25616741565506,9269.636360194589,3713.5451929789433
21042.029520403292,0.31993324468738665,9270.132837097246,3713.7297453557962
21043.39840407823,0.3924933305429602,9270.842688195258,3713.993613919182
21045.33686508544,0.4697403866736545,9271.847900483153,3714.3672750285637
21048.034782949984,0.5418046546918629,9273.246938289016,3714.887329892172
21051.648257620847,0.5888002090912964,9275.120749147352,3715.5838680631314
21056.63050180615,0.5732752184665304,9277.70435202029,3716.5442504595426
21060.117546978447,0.5045624321020274,9279.512601448354,3717.216415687305
21063.180829175642,0.3931598093638169,9281.101103500187,3717.806895322348
21064.632797994807,0.3157683998350777,9281.854039513668,3718.0867772309853
21065.833780617813,0.23209630308317525,9282.476823601783,3718.3182788524437
21066.388876991336,0.1837453008684781,9282.764675552635,3718.4252792905386
21066.866424986056,0.1339031369743068,9283.012313852883,3718.517331476176
21067.099420673232,0.10521040415038901,9283.13313659054,3718.5622437353263
21067.288956635333,0.07850972005733153,9283.231422761146,3718.5987786929236
21067.408821016044,0.059348618194521696,9283.293579888767,3718.6218837530696
21067.507235166635,0.041830277401399,9283.344613739579,3718.640854065676
21067.571961801572,0.029524528690535585,9283.37817852079,3718.6533307720492
21067.61594334863,0.021646738782298627,9283.400985685204,3718.6618086550325
21067.652993388383,0.017381411770074358,9283.42019843248,3718.668950420561
21067.681447676805,0.01755398034814205,9283.4349537487,3718.674435269024
21067.709901965227,0.020759503329843994,9283.449709064922,3718.6799201174263
21067.739261407507,0.025714661283227414,9283.464933759655,3718.685579443216
21067.7670914069,0.030942675145404986,9283.479365343239,3718.6909439535502
21067.820858700594,0.04117252036603548,9283.507247025243,3718.701308136247
21067.903287409397,0.05601582138662197,9283.549991431557,3718.717197092454
21068.003718519994,0.07251569928781045,9283.602071201612,3718.736556190574
21068.147818001336,0.09377839034428113,9283.676795734835,3718.7643328013223
21068.36421777312,0.12192399898858591,9283.789012460433,3718.806046010497
21068.68220011434,0.15776845434040654,9283.953906059462,3718.867340264325
21069.143304278743,0.20217380087282863,9284.193017216121,3718.9562226573526
21069.80867597933,0.25605240552438635,9284.53805378239,3719.0844796124225
21070.76541523822,0.3197988344091906,9285.03418253317,3719.268900478953
21072.133356722246,0.3923434513839834,9285.743545192798,3719.532584484726
21074.070527771066,0.46958673709049004,9286.748088764018,3719.9059927781836
21076.766767859262,0.5416733061444758,9288.146256826452,3720.4257184407998
21080.378412245984,0.5887404006008626,9290.019118954102,3721.1218960507213
21085.356906982903,0.573398692926308,9292.600778036009,3722.0815450182477
21088.840393887946,0.5049499357443545,9294.407182652682,3722.7530168823023
21091.9121172453,0.39342790350242673,9296.000062297404,3723.345117054076
21093.364180294782,0.31611450897927107,9296.753047329787,3723.6250140139605
21094.568609597314,0.23227674666444095,9297.37761886357,3723.857177436374
21095.123656293395,0.18396403765474498,9297.665445112681,3723.9641671089794
21095.602586274585,0.1340098773867025,9297.913800109756,3724.0564846599427
21095.83559994597,0.10532976401432391,9298.034632198152,3724.101399886322
21096.025606236526,0.07857578867346707,9298.133162283508,3724.1380250972184
21096.145538103003,0.059411092075271246,9298.195354419458,3724.1611429088816
21096.24402155759,0.04188633039366133,9298.246424219184,3724.1801263694574
21096.308883913942,0.02955577818867061,9298.280059387285,3724.192629098479
21096.352915993695,0.021664841459246298,9298.30289276073,3724.2011166277757
21096.389971251094,0.017387456998837016,9298.322108217624,3724.208259319641
21096.418540131406,0.017554371433648745,9298.3369229599,3724.213766195608
21096.44710901172,0.020777431117091967,9298.351737702178,3724.219273071514
21096.476557253933,0.02575282875948748,9298.367008448327,3724.2249494512653
21096.50438915799,0.030982975078086245,9298.381441022562,3724.230314269095
21096.558435685925,0.04126432652123347,9298.409467510623,3724.240732161147
21096.64089364726,0.056105426418198864,9298.45222709497,3724.2566265793507
21096.74151125835,0.07262615776476647,9298.504403587829,3724.27602141166
21096.88597439245,0.09392742179966501,9298.579316712978,3724.303867810495
21097.102890082046,0.12211692157459787,9298.691800997107,3724.345680003079
21097.421599244688,0.15801047659056794,9298.857071532126,3724.407113675917
21097.883733031456,0.20247036151833347,9299.096716661152,3724.496193548446
21098.550577597507,0.2564081223209457,9299.442517070662,3724.624732983754
21099.50940883987,0.32021253542788664,9299.939730746926,3724.809555045789
21100.880279802772,0.3928010443157565,9300.650612669308,3725.0738007993386
21102.821449299234,0.47004864372232874,9301.65722989073,3725.447975672272
21105.52285779302,0.5420530594197502,9303.058078380203,3725.968691805463
21109.140019322833,0.5888765152082632,9304.933801874418,3726.6659251460133
21114.13023572724,0.5729251135634268,9307.521539900683,3727.6278228793767
21117.625250044668,0.5035960641935395,9309.333922569434,3728.301509264324
21120.66816849505,0.3924925953826054,9310.911865401507,3728.8880505374145
21122.11978097624,0.3149217943143108,9311.664616940403,3729.1678575415226
21123.31244934409,0.23165202913444904,9312.283089824426,3729.3977513990167
21123.86762366593,0.18321242259479256,9312.570982314375,3729.5047644857195
21124.341840277568,0.13364089053196893,9312.816893186378,3729.5961724837443
21124.57477575282,0.10491968567907173,9312.937684749933,3729.6410721393845
21124.763177162695,0.0783477012175129,9313.035382624783,3729.677387594254
21124.882874951767,0.05919580108282659,9313.097453389735,3729.7004600298687
21124.98112031519,0.041693207637100806,9313.148399734802,3729.7193973865606
21125.04551954797,0.029447419411259203,9313.181794751345,3729.7318107072624
21125.089374283383,0.02160251734225143,9313.204536165365,3729.740263958336
21125.126409581655,0.017366962380282017,9313.223741276142,3729.747402723786
21125.15459732032,0.017553848535637306,9313.238358375746,3729.7528360714778
21125.182785058987,0.020719572731625932,9313.252975475352,3729.758269419111
21125.211966439478,0.02563318125910826,9313.268107840187,3729.7638942968188
21125.239803344673,0.030858632282945463,9313.282543010779,3729.769260019178
21125.292986169996,0.04098047101622938,9313.310121620927,3729.7795113121465
21125.375358318863,0.05582904325079955,9313.352836714908,3729.7953890133276
21125.47540119011,0.0722853242835539,9313.40471518001,3729.814672846286
21125.618744300322,0.09346749095528077,9313.47904751828,3729.8423030455106
21125.834070118923,0.12152126704864216,9313.5907073782,3729.883808318044
21126.150538834892,0.1572627610091299,9313.75481613576,3729.944809451325
21126.609498378035,0.20155342192791265,9313.992815270596,3730.0332764835084
21127.2718007758,0.2553070023685571,9314.336260353397,3730.1609389665377
21128.22417754979,0.3189296373646421,9314.830127087049,3730.3445148472156
21129.58600373277,0.391377791371433,9315.536318872371,3730.607014244838
21131.51481340289,0.4686036826535857,9316.536526958718,3730.978802555369
21134.200206127745,0.5408474250983997,9317.929070559076,3731.496425809293
21137.800110042914,0.5883999689490274,9319.79584528608,3732.1903249576976
21142.754031405402,0.5742863683278301,9322.364762595464,3733.145216043775
21146.217558268163,0.5075036718348481,9324.160817422317,3733.8128256672326
21149.681085130924,0.3791766723958187,9325.956872293284,3734.4804344019444
21150.911187891874,0.31145668035148616,9326.594757368206,3734.7175414433445
21152.141290652824,0.22401667003645437,9327.232642448693,3734.9546483726904
21152.6190976593,0.1816433518130147,9327.480415213948,3735.04674743836
21153.096904665774,0.13131186115400392,9327.72818798004,3735.1388464871256
21153.312457231703,0.10457114578170931,9327.839965444386,3735.1803950273697
21153.504729705208,0.0773585369929299,9327.939670727365,3735.217456242314
21153.622848298546,0.058358584415222535,9328.000922593386,3735.2402240271967
21153.720218441224,0.040933892386014734,9328.051415092235,3735.258992472605
21153.782898177906,0.029004435772937185,9328.083918449498,3735.271074217045
21153.82597808466,0.021357421058664536,9328.106258071117,3735.2793780236802
21153.862879161916,0.017293842649593764,9328.12539358383,3735.286490838645
21153.88993289102,0.017573521271008863,9328.13942263165,3735.291705541878
21153.916986620123,0.02059549764109884,9328.153451679469,3735.2969202450568
21153.945839930744,0.02542059344526301,9328.168413922678,3735.3024818239587
21153.973764213133,0.03065211845873692,9328.182894406742,3735.3078643292847
21154.025493403755,0.0405045570604147,9328.209719222155,3735.317835315679
21154.107750185187,0.05537032771869396,9328.252374499627,3735.3336906039126
21154.206839694594,0.07171918222681616,9328.303758597664,3735.352790459882
21154.348329657456,0.09270347421104853,9328.377129978473,3735.3800631530567
21154.561019075645,0.1205309857632351,9328.48742272292,3735.4210597914894
21154.87377122402,0.15601880023392667,9328.649604241557,3735.4813438693786
21155.327468214924,0.20002729590332655,9328.884874462938,3735.568795549102
21155.982240014542,0.253473401226111,9329.224414530303,3735.6950050736823
21156.92391345835,0.3167916711253952,9329.71273101941,3735.876515824903
21158.270734909904,0.38900278279447353,9330.41114205811,3736.1361201151603
21160.179024999226,0.46618626558697374,9331.400709663565,3736.5039491129505
21162.83777974867,0.5388173496505617,9332.779440092527,3737.0164321170987
21166.40871170517,0.5875673624983101,9334.631191427528,3737.704739208955
21171.301159421168,0.5764705855084331,9337.168231329464,3738.647770617821
21174.789481563606,0.511819477513795,9338.977144422084,3739.320152266163
21178.277803706045,0.38583328632990005,9340.786057559306,3739.9925330156325
21179.565330410413,0.3163521430223124,9341.453720669035,3740.240706017743
21180.85285711478,0.2258610926246349,9342.121383784837,3740.488878897456
21181.333248997824,0.1835379337232691,9342.370497020589,3740.581475187875
21181.813640880868,0.13332249774396465,9342.619610257187,3740.674071461259
21182.03471590327,0.10611832036037809,9342.734251483324,3740.716684005695
21182.231505249652,0.07845765112947022,9342.836299067658,3740.754615446366
21182.350923419814,0.05936608945359917,9342.898224857992,3740.777633475775
21182.449382970983,0.04184120072739523,9342.949282293546,3740.796611699497
21182.514126433314,0.029532505979128702,9342.982855828242,3740.8090910969727
21182.55812669726,0.021650470168715026,9343.00567271717,3740.8175722123096
21182.595177768828,0.017382682732321107,9343.024886015208,3740.8247138605243
21182.62365540844,0.017554058343490678,9343.039653452537,3740.830202967126
21182.65213304805,0.020763100048252783,9343.054420889868,3740.835692073668
21182.681509931106,0.025722221548454896,9343.069654641173,3740.8413545106314
21182.709340305635,0.030950633618883797,9343.084086431081,3740.846718855767
21182.763162822106,0.041190618059282036,9343.111996772332,3740.8570932238736
21182.845597482494,0.056033434709994494,9343.154744299842,3740.8729826238005
21182.946065688626,0.07253736854080484,9343.20684334881,3740.8923480150534
21183.090237321423,0.09380756175774307,9343.28160535813,3740.9201373033616
21183.306739519507,0.121961632182015,9343.393875289863,3740.9618684086395
21183.624865744936,0.1578153675598199,9343.558843636582,3741.023187682826
21184.086172958625,0.20223071467532644,9343.798060282359,3741.112105279171
21184.7518338559,0.25611965259663494,9344.143247097087,3741.2404122998287
21185.708981497442,0.3198752122306943,9344.639588025111,3741.424903719663
21187.077489967858,0.39242454266208454,9345.349245282057,3741.6886853427036
21189.015423917914,0.4696619797981759,9346.354185285662,3742.0622241627248
21191.712621544433,0.5417210622426663,9347.75285103315,3742.5821113989414
21195.325181492575,0.5887217452983734,9349.626189465233,3743.2784346946128
21200.306027853392,0.5732260235384355,9352.20907011736,3744.2384945148774
21203.791922337812,0.5045611372509843,9354.016724687603,3744.9104007681776
21206.85594830008,0.3931533576791281,9355.605614049167,3745.5009911137145
21208.307665677472,0.3157836327523946,9356.358420442464,3745.7808090847743
21209.508964806522,0.23209628499876064,9356.981369294039,3746.0123589166196
21210.063956332466,0.18375707908965794,9357.269167168439,3746.119333231595
21210.54163191321,0.13390406072298633,9357.51687188259,3746.211404922003
21210.774594012382,0.10521641218431899,9357.637677325978,3746.256308225052
21210.96416880969,0.07851112301160139,9357.735983735301,3746.2928486490846
21211.084032830993,0.059350451897054936,9357.798140739935,3746.3159523631234
21211.182449229964,0.041832028003389574,9357.849175808713,3746.3349220607774
21211.24718057925,0.02952549503706308,9357.882743068838,3746.347398986364
21211.29116363398,0.02164735417351555,9357.905551038333,3746.3558766914584
21211.328214087505,0.01738163878871389,9357.924764019768,3746.3630181420835
21211.356671861904,0.017554008856782027,9357.93952115873,3746.3685033593724
21211.385129636303,0.020760016558987095,9357.954278297697,3746.3739885766013
21211.41449161449,0.025715713743584202,9357.969504322982,3746.3796480784517
21211.44232196577,0.030943809966273897,9357.983936103758,3746.385012360171
21211.49609715375,0.041175045467880804,9358.011821907876,3746.3953774917663
21211.57852703803,0.05601824052782982,9358.054566967332,3746.411265796536
21211.678963756574,0.0725186226564759,9358.106649698568,3746.4306249058277
21211.823073961463,0.09378224987373335,9358.181379868816,3746.4584020486564
21212.03948900356,0.12192882245431964,9358.293604627452,3746.5001158962314
21212.35749230996,0.15777411197834543,9358.45850926637,3746.561410804246
21212.81862516431,0.20217998305303617,9358.69763554436,3746.650293816206
21213.48403624757,0.2560584819409713,9359.042692884785,3746.77855127606
21214.440828317394,0.3198034968938965,9359.538849527113,3746.9629721334472
21215.8088373273,0.3923441569352531,9360.248247926187,3747.2266545891694
21217.746086096246,0.4695787652162375,9361.252832823895,3747.6000572399403
21220.442388996857,0.541648231773504,9362.651034883002,3748.1197663121798
21224.053959728488,0.5886844512617961,9364.523860723306,3748.8158912971803
21229.0328285556,0.5732814244496367,9367.105716422471,3749.775559421935
21232.51686070764,0.5047507582603996,9368.91240562188,3750.4470993491414
21235.585096325773,0.39328390079756176,9370.503478275099,3751.0384946239183
21237.036832728038,0.3159546592506607,9371.256294686043,3751.3183131960027
21238.23985220633,0.2321845819595383,9371.880135772462,3751.550192083878
21238.794808058767,0.18386538398876287,9372.16791520603,3751.657158350954
21239.273173471414,0.13395639337383689,9372.415977691333,3751.74936199598
21239.50614076494,0.10527546389402177,9372.536785852715,3751.794265808334
21239.695949815145,0.07854360673396812,9372.635213756717,3751.830850983697
21239.815846834048,0.05938121974563826,9372.697387885228,3751.8539608048504
21239.914297376774,0.04185964530243791,9372.74844066999,3751.872936875824
21239.979095542476,0.029540908240145377,9372.782042585399,3751.8854265434184
21240.023103569394,0.0216562787658286,9372.804863509145,3751.8939089689684
21240.06015667875,0.017384613993896743,9372.824077871675,3751.9010508532715
21240.08867054915,0.017554183244214244,9372.838864102914,3751.9065468228246
21240.11718441955,0.02076874352973563,9372.853650334157,3751.912042792318
21240.146589037617,0.025734182483827854,9372.86889847397,3751.917710450893
21240.17441998183,0.030963246628083245,9372.883330565133,3751.9230747881397
21240.228329917183,0.04121933459930139,9372.91128624985,3751.9334657783784
21240.31077381221,0.056061440100359704,9372.95403858339,3751.949356609644
21240.41130050433,0.07257187235426477,9373.006167982086,3751.9687328490377
21240.55558609794,0.09385408622759595,9373.080989117483,3751.9965434932915
21240.77225000109,0.12202180122704408,9373.193342948854,3752.0383048512226
21241.09060384814,0.15789071715391617,9373.358429398393,3752.0996666535734
21241.552233159695,0.20232278873165588,9373.597813168883,3752.1886443827016
21242.21835424591,0.2562296374516604,9373.943238760066,3752.3170372888085
21243.17615444825,0.3200023073665399,9374.439918282547,3752.5016504409664
21244.54557453055,0.39256360798210765,9375.150048554435,3752.765601988953
21246.48474781737,0.46979940306412427,9376.155631638236,3753.13937149569
21249.183534593452,0.5418277469352817,9377.555122024878,3753.6595536367345
21252.797743034185,0.588744018352452,9379.429316060823,3754.3561794111797
21257.782272977063,0.5730424895502613,9382.014107924795,3755.3169281928654
21261.27185273507,0.5040826580678667,9383.823674270696,3755.989530051283
21264.325952714735,0.3928205373578815,9385.407417027714,3756.5781942777703
21265.777421493087,0.31536736492013917,9386.160094810464,3756.8579582083453
21266.974672861426,0.23187533014603418,9386.780944894948,3757.088722786444
21267.529671691995,0.1834954611517022,9387.068746673312,3757.195696168782
21268.005725200794,0.1337738843205196,9387.315610341086,3757.2874531982357
21268.238647653157,0.10507350873911492,9387.436395273824,3757.3323478771968
21268.427668397253,0.0784309620150345,9387.534414411368,3757.3687807107754
21268.547449557194,0.059274956241923756,9387.596528472235,3757.3918679482686
21268.64578253347,0.04176434005124223,9387.64752030168,3757.4108211516254
21268.710351540252,0.029487543963358488,9387.681003390546,3757.423266513544
21268.75427255647,0.02162552797571616,9387.703779198368,3757.431732075563
21268.79131619308,0.01737445803087342,9387.722988652551,3757.4388720560396
21268.819639774058,0.017553799358872496,9387.737676209737,3757.44433128821
21268.847963355034,0.020739560912453107,9387.75236376693,3757.4497905203216
21268.87723047741,0.02567330792367203,9387.76754060965,3757.4554316153753
21268.905062621034,0.030899733233718796,9387.781973325687,3757.4607961252173
21268.958531654094,0.04107440554765315,9387.809700380476,3757.471102020211
21269.040931210584,0.05592023019963391,9387.852429730303,3757.486984131898
21269.1411643059,0.07239773824213093,9387.90440689109,3757.5063035703415
21269.284877625803,0.0936190974293673,9387.978931281652,3757.534003607939
21269.500729315787,0.12171746905608637,9388.090863952046,3757.575607959743
21269.81793856899,0.1575086758918141,9388.25535689094,3757.6367484772513
21270.277946078113,0.20185422790489943,9388.493899703077,3757.725412640522
21270.941746307493,0.2556668565337822,9388.838121853572,3757.85335681143
21271.896248312918,0.3193464350210968,9389.333091153489,3758.0373322377836
21273.26104610985,0.39183563979418845,9390.040824622576,3758.300389983774
21275.19390200915,0.4690596710318769,9391.043131945828,3758.6729377701745
21277.884500483757,0.5412091325710472,9392.438376464353,3759.19153598912
21281.489879585195,0.5884959278169282,9394.307992308775,3759.886452367875
21286.455903847458,0.573729960595264,9396.883188331476,3760.843623831354
21289.928392487447,0.5060956272670453,9398.683892219666,3761.5129241698555
21293.0256142372,0.39422924812610805,9400.289996646026,3762.1098934334855
21294.477992487897,0.3171534908691823,9401.043146198328,3762.389829614374
21295.692822508925,0.23282092431308518,9401.673112045399,3762.623979846691
21296.24774316398,0.1846226456386271,9401.960873342556,3762.7309369966833
21296.73084628741,0.13433197102286426,9402.211392728877,3762.824051791766
21296.963919163674,0.10568963059400543,9402.332255690106,3762.868974975076
21297.155348477234,0.07877486942021256,9402.431523842228,3762.905871647013
21297.27548322339,0.059599608248881865,9402.49382127227,3762.929026784403
21297.374176654495,0.04205549683593102,9402.545000030468,3762.948049256545
21297.43945479415,0.029649100609462034,9402.578850856095,3762.9606311633706
21297.48363472288,0.021719521219819286,9402.601760930926,3762.969146536792
21297.52070260977,0.017406171863337833,9402.620982964258,3762.976291113594
21297.549637077354,0.01755671263543683,9402.635987307562,3762.981868030452
21297.57857154494,0.020837209527814513,9402.65099165087,3762.9874449472495
21297.608352190702,0.025886655299699347,9402.666434790846,3762.9931849589248
21297.63621812641,0.031129306117440952,9402.680885033102,3762.998555923538
21297.691272761404,0.041596190874968145,9402.709434327893,3763.0091673200045
21297.77384762508,0.056431074985423046,9402.752254594106,3763.0250830479704
21297.87514340553,0.07302732595288595,9402.804782834477,3763.0446071011493
21298.020931069786,0.0944686066102598,9402.88038291815,3763.072706652424
21298.239723434086,0.12281702949445682,9402.9938405358,3763.114877345441
21298.561075619167,0.15888812591587198,9403.160481878753,3763.1768157179513
21299.02695395764,0.20354496875971856,9403.402069133459,3763.266610476207
21299.699153727965,0.2576957043815156,9403.75064704396,3763.396172204869
21300.66558793572,0.321707522247856,9404.251804041582,3763.5824454725857
21302.047098302937,0.3944500270194628,9404.968204173043,3763.8487215771784
21304.00277221241,0.4717041359701688,9405.982344273161,3764.225663302792
21306.722880011308,0.5433948771069015,9407.392891515761,3764.749943560365
21310.35977773184,0.5893098411048896,9409.27885212619,3765.4509273165895
21315.39210191706,0.5710964335925289,9411.888429355971,3766.4208670844623
21318.928323832184,0.49850724020407106,9413.7221833282,3767.1024441422396
21321.864666825182,0.3890619116353417,9415.24486229961,3767.6683988871127
21323.315419484323,0.31049911777929945,9415.997169031401,3767.9480186975534
21324.464403821414,0.2293868482001692,9416.592989865421,3768.169475210397
21325.020556568725,0.18043437546110924,9416.881390137742,3768.276668671977
21325.4773143618,0.1322991166245557,9417.118247858949,3768.3647046294022
21325.710088546995,0.10341117581535533,9417.238955954199,3768.409569754643
21325.892596044254,0.07751301008457034,9417.333597601753,3768.4447464262894
21326.01144068157,0.05840789182588329,9417.395226041457,3768.4676526553967
21326.108827253676,0.04098531652806999,9417.445727121078,3768.4864230357184
21326.17162888335,0.02903338318097016,9417.478293726857,3768.498527481051
21326.214757130547,0.02137376271102069,9417.500658443067,3768.5068400599243
21326.251670745314,0.017298365788644125,9417.519800480417,3768.5139548245993
21326.27878221891,0.01757122011512999,9417.533859489364,3768.5191803153425
21326.305893692504,0.020598893523178518,9417.547918498314,3768.524405806032
21326.33474624863,0.025424607154000817,9417.562880368368,3768.5299668745333
21326.362667464215,0.030655711603641608,9417.577359279614,3768.5353484355346
21326.414422973132,0.040512960893394914,9417.604197775168,3768.5453238401997
21326.496681974346,0.05537832894546356,9417.646854255332,3768.561178515787
21326.59578879885,0.0717289925666118,9417.698247394488,3768.5802804556847
21326.737312101974,0.09271661288004487,9417.77163615307,3768.607557785184
21326.950049095958,0.1205478213248856,9417.88195370196,3768.648560903155
21327.262867690857,0.15603949434966655,9418.044169873461,3768.708853832176
21327.716657529847,0.20005180198249434,9418.279488526965,3768.796317669178
21328.371560223848,0.25350126823141045,9418.619096881936,3768.922544141386
21329.31341603632,0.3168213370161657,9419.107508531171,3769.1040781338634
21330.66048563832,0.38903051863177346,9419.806049095945,3769.36371322257
21332.569098315525,0.466204360544502,9420.795785179784,3769.7315802702383
21335.228228633434,0.538811100208586,9422.174712030905,3770.2441020556194
21338.799412539436,0.5875113871270314,9424.026596254698,3770.932412586909
21343.693059400244,0.5763092143261139,9426.564261052416,3771.8756133255984
21347.17681535914,0.5116674053955202,9428.370808473786,3772.547070850523
21350.660571318036,0.38581909803695075,9430.17735593878,3773.2185274946005
21351.948599655803,0.31631228463317795,9430.845279982357,3773.466780936734
21353.23662799357,0.2257732027773743,9431.513204031897,3773.715034258515
21353.71660473619,0.18347730456203337,9431.762102291488,3773.8075444755627
21354.19658147881,0.13329834240092878,9432.011000551911,3773.9000546759007
21354.417624521677,0.10609578533223621,9432.125625332856,3773.9426582682545
21354.614338857464,0.07844346820666463,9432.22763414249,3773.980572769451
21354.733740853844,0.05935322580040042,9432.289551620355,3774.0035861753995
21354.832186401305,0.04182979397670869,9432.340601855658,3774.0225604582706
21354.896902972858,0.02952611324236306,9432.374161486263,3774.0350338562966
21354.940892764494,0.021646850816062203,9432.396972972143,3774.0435123982807
21354.977943040205,0.017381511427872053,9432.41618588064,3774.050653425815
21355.006397567748,0.017554023046907515,9432.430941350704,3774.0561377186655
21355.03485209529,0.020759490621138268,9432.445696820772,3774.0616220114566
21355.064211601017,0.025714576788135785,9432.4609215792,3774.067280728637
21355.09204229852,0.030942650817971127,9432.475353553988,3774.07264478503
21355.14580944267,0.0411723333920027,9432.503235214841,3774.083007801943
21355.22823889929,0.0560155563328486,9432.545980095401,3774.0988951592626
21355.32867061764,0.07251525325548981,9432.598060285956,3774.1182522508434
21355.472770862623,0.09377761771764578,9432.67278536631,3774.146025961743
21355.689171820733,0.12192264904390665,9432.78500293406,3774.1877348238067
21356.007154727726,0.15776596597327816,9432.949897159975,3774.2490224631447
21356.468257660075,0.20216923709592327,9433.18900816132,3774.337894869341
21357.133624250208,0.2560442287471816,9433.534042775258,3774.466136771939
21358.09034993607,0.3197844713280834,9434.030165490789,3774.6505347964353
21359.458259431547,0.3923185785641789,9434.739512996543,3774.914183721205
21361.395357640424,0.46954410037859595,9435.744020826283,3775.2875370345896
21364.091427521813,0.5416008686528104,9437.142103451308,3775.8071729218855
21367.70260584102,0.5886196477827202,9439.014727677015,3776.5031844157143
21372.681180484233,0.5731892006106317,9441.59643340826,3777.462743672046
21376.165125803233,0.5046250447549535,9443.403079387284,3778.1342303737565
21379.23144857798,0.3931910826557462,9444.993161701872,3778.7252248486857
21380.68288737774,0.3158599420602146,9445.745824539987,3779.004970866
21381.885139384332,0.23212675487535464,9446.369268267583,3779.2366892431246
21382.439999789036,0.18380783153892563,9446.656998493198,3779.3436313063653
21382.91805821703,0.13392318636212597,9446.904902035543,3779.4357707783815
21383.15098407285,0.10524361975381502,9447.025688829632,3779.480664166417
21383.34068378859,0.07852393825702755,9447.124060135196,3779.5172262829046
21383.460558842835,0.05936315760336361,9447.186222935798,3779.540330616118
21383.558989608402,0.04184354820602991,9447.237265515889,3779.55930184518
21383.623749350027,0.02953191792528232,9447.270847539574,3779.5717834290394
21383.667742765072,0.02165113499104596,9447.293660908954,3779.580262577877
21383.704794627476,0.017382925037520078,9447.312874644067,3779.587403834152
21383.733275650266,0.017554101882807642,9447.327643856524,3779.5928931744184
21383.761756673055,0.0207635953933659,9447.342413068984,3779.598382514626
21383.791136046435,0.025723225097618686,9447.357648133071,3779.6040449999587
21383.818966943218,0.030951734430492667,9447.372080214065,3779.6094090368665
21383.87279708192,0.04119302971657978,9447.399994547117,3779.6197840832974
21383.955233085246,0.05603573191624253,9447.442742831048,3779.6356725309374
21384.055706885934,0.07254011698968822,9447.494844854302,3779.655037524414
21384.199889133328,0.09381115111695833,9447.569612472937,3779.682826740438
21384.416406459717,0.1219660343654344,9447.68189040729,3779.724557580799
21384.73455322286,0.15782033454027575,9447.846869635736,3779.7858761397983
21385.195888104212,0.2022357418258933,9448.086100964803,3779.8747922919706
21385.861586234194,0.25612379268836216,9448.43130757165,3780.003096710532
21386.818782337545,0.31987663347744466,9448.927674326935,3780.187583411905
21388.18734958295,0.3924198316851031,9449.637363058491,3780.451356264419
21390.125343331296,0.46964496821183466,9450.642335481538,3780.8248781530588
21392.82256501515,0.5416809394210025,9452.041015666533,3781.3447304296237
21396.434951468793,0.5886410984668956,9453.914266757978,3782.0409672693672
21401.41617701618,0.5730664469339626,9456.497347662931,3783.001027106414
21404.90272869875,0.5042959503529926,9458.30534556473,3783.6730089110483
21407.96216793209,0.39296193001995167,9459.891858642071,3784.262670320163
21409.413443707163,0.3155722251769733,9460.644437090643,3784.542381904839
21410.612888734715,0.23197420646906064,9461.2664253452,3784.773556784734
21411.167757022344,0.18362681756067667,9461.554159715588,3784.8804992161954
21411.644690396,0.13383326761776543,9461.801479895044,3784.972420859432
21411.877589945594,0.10514473279416535,9461.922253071602,3785.017308694186
21412.066905398802,0.07846854965613678,9462.020425132167,3785.053796356458
21412.1867232857,0.05931096073339442,9462.08255830018,3785.0768894228945
21412.285096317093,0.04179674492258827,9462.133570951552,3785.0958493204157
21412.349743450388,0.029505730782434157,9462.167094587327,3785.1083090664206
21412.39369422382,0.021636038985112252,9462.189885848844,3785.116779905493
21412.430741524917,0.017377933542647817,9462.209097222434,3785.123920205796
21412.459128698178,0.017553892955885286,9462.223817770886,3785.1293913989293
21412.48751587144,0.020749148389762977,9462.238538319341,3785.1348625920045
21412.51682663663,0.025692987055417112,9462.25373780875,3785.1405117932245
21412.544657882456,0.03092013697553005,9462.268170073603,3785.145875839682
21412.59826873002,0.04112093582705733,9462.295970695826,3785.156208509458
21412.680682603273,0.05596546525049441,9462.338707512374,3785.1720925208906
21412.78101036631,0.07245346352133386,9462.390733816164,3785.1914291594653
21412.92490791465,0.09369420666337154,9462.465353815098,3785.219163205084
21413.141021206575,0.12181456706071063,9462.577422254199,3785.260815724968
21413.458598544992,0.15763015627281418,9462.742106232487,3785.322023876327
21413.919126482695,0.20200242355816952,9462.980919157477,3785.4107835458753
21414.58366968534,0.25584343035699453,9463.325526929613,3785.5388639897046
21415.539224211392,0.31954966680399116,9463.821042521233,3785.723032318015
21416.905490252968,0.3920565014051241,9464.529538073131,3785.9863588125345
21418.840337554386,0.46927494604174935,9465.532879062735,3786.3592702568467
21421.53347754836,0.5413697625580287,9466.92944290925,3786.878330265047
21425.14145071536,0.5885119486661493,9468.800405801863,3787.5737090351167
21430.113482598033,0.5733985706613697,9471.378719718552,3788.5319866370432
21433.591365539436,0.5052876010225197,9473.18222268478,3789.2022904776804
21436.67215048368,0.3936519688272218,9474.779805180779,3789.7960595858435
21438.12378550871,0.31645327075576624,9475.532570071742,3790.0758374089737
21439.331938987405,0.23243752175050847,9476.159074333676,3790.3086882128755
21439.886730592872,0.18418299444225633,9476.446768996268,3790.4156147177655
21440.367155795288,0.1341069572313995,9476.695899959388,3790.5082083643338
21440.600117451122,0.10544848901808553,9476.816705365802,3790.553107687362
21440.79062374839,0.07863753287303868,9476.915494973977,3790.5898244726795
21440.910614933506,0.05947057067128196,9476.977718020376,3790.612950691559
21441.00916497631,0.04193991949106059,9477.028822473465,3790.6319445015247
21441.074159084277,0.029585476706048334,9477.062526044252,3790.644470987185
21441.118238591564,0.02168226250965185,9477.08538406694,3790.6529665465814
21441.15529888336,0.01739339470612982,9477.104602180825,3790.6601092740043
21441.183980269678,0.017554969929704817,9477.119475300327,3790.665637112888
21441.212661655994,0.020795378664598248,9477.134348419835,3790.671164951713
21441.24220406835,0.025791904694454748,9477.149668036001,3790.676858738283
21441.270042143664,0.031024941236914776,9477.164103845225,3790.6822240434503
21441.324378738384,0.04135960009869176,9477.192280818905,3790.692696477506
21441.406869351737,0.056198553855906774,9477.2350574385,3790.7085951088234
21441.507682068423,0.0727407978062509,9477.287335231807,3790.728025006296
21441.652525474754,0.09408190518131275,9477.362445732879,3790.7559410519916
21441.869980445364,0.12231647144957669,9477.475209939665,3790.7978517101274
21442.189448058758,0.15825988783683503,9477.640874178027,3790.859423522224
21442.652654175527,0.2027742671222093,9477.881075956015,3790.9486984115247
21443.321028979462,0.2567696098969483,9478.227670724686,3791.0775159549084
21444.282026572415,0.32062749023406656,9478.726008989866,3791.262731362167
21445.655916434745,0.39324991626508565,9479.438458116736,3791.527524387118
21447.601173202478,0.4704820253533834,9480.447197273692,3791.9024380678006
21450.307777658596,0.5423673093946244,9481.850743574663,3792.4240875363353
21453.930152738485,0.588882718757145,9483.729175143353,3793.1222345458737
21458.93258880997,0.5721957896896999,9486.323256072928,3794.086361699106
21462.44049980457,0.5018044995302984,9488.142330849441,3794.7624456778362
21465.447041815918,0.39126146559711006,9489.70141398116,3795.3418994963886
21466.897786935544,0.31338570410745353,9490.453717547975,3795.6215028077695
21468.075595911607,0.23084251100772968,9491.064486379586,3795.8485027986035
21468.630846753782,0.18225011870998106,9491.35241924224,3795.955516667589
21469.099117061294,0.1331638645093619,9491.595247168589,3796.0457667023343
21469.33191582855,0.1043951541192261,9491.715968130688,3796.090634151235
21469.518293160232,0.07805333598516023,9491.81261662712,3796.1265547656444
21469.63768622877,0.0589189036920893,9491.874529524284,3796.1495654617174
21469.735628020626,0.04144483489204325,9491.925318570637,3796.168441839901
21469.799449597493,0.029305176550472937,9491.958414116123,3796.180742208948
21469.843063000844,0.021522434251537895,9491.981030438783,3796.189147844976
21469.88006433349,0.017341860898094755,9492.000217982379,3796.1962791327505
21469.9078181616,0.017556555515156332,9492.0146101069,3796.201628143679
21469.935571989707,0.020661212200139126,9492.029002231422,3796.2069771545525
21469.96454682019,0.025523698301298064,9492.044027523314,3796.2125614898396
21469.992415488538,0.030749765340274605,9492.058479199808,3796.217932633824
21470.04483681445,0.04073047498917447,9492.085662990376,3796.2280358250346
21470.127144832444,0.05558725908008786,9492.12834493108,3796.243899094584
21470.226686374215,0.07198684805662203,9492.179963549648,3796.263083789995
21470.3690538515,0.09306451023314426,9492.25379013885,3796.2905223499843
21470.582992705993,0.12099867997023066,9492.36473103803,3796.3317548970244
21470.897505214136,0.15660555714922594,9492.527825771813,3796.3923710508457
21471.353692057484,0.20074555312173775,9492.764387657402,3796.4802921579208
21472.012023059073,0.25433349652403503,9493.105774143973,3796.6071725783695
21472.958748549867,0.3177893851604672,9493.596711514449,3796.789635339787
21474.312638824347,0.3901016136449091,9494.29878972292,3797.050571012152
21476.23056587274,0.46728627287038194,9495.293356879909,3797.420213433705
21478.90175492987,0.5397020754973981,9496.678538318483,3797.9350317372932
21482.48594479044,0.5878327432421451,9498.537168788673,3798.625811895467
21487.407842742716,0.5752134430075762,9501.089486083989,3799.5744067544115
21490.863324675516,0.5099939810737958,9502.881373408409,3800.240378973032
21494.318806608317,0.38417119233261376,9504.673260775056,3800.9063503375896
21495.594959277085,0.3149530792951491,9505.335027187508,3801.1523016707797
21496.871111945853,0.22492339603420658,9505.996793605718,3801.3982528875354
21497.34851488347,0.18273802040328155,9506.244357429146,3801.4902620946445
21497.825917821086,0.13269742184715375,9506.491921253379,3801.5822712854615
21498.04544950535,0.10561478412369461,9506.605762411744,3801.6245813100245
21498.24069729816,0.0781109459145502,9506.707010826103,3801.6622111323527
21498.35971121756,0.05904761879526393,9506.768727122433,3801.6851485101142
21498.457822825367,0.04155508766461072,9506.819604239126,3801.704057415322
21498.521888707026,0.02937067119053048,9506.852826478695,3801.7164047376627
21498.565620143592,0.021558240404160506,9506.875504013524,3801.7248330323946
21498.602637591677,0.017352983840003135,9506.894699917762,3801.731967350005
21498.63057771032,0.017554906975901802,9506.909188648611,3801.737352207373
21498.65851782896,0.020685068435852567,9506.923677379462,3801.742737064685
21498.68756899335,0.025566949166325792,9506.938742258291,3801.7483360521246
21498.715422551024,0.030792267851322826,9506.953186101771,3801.7537042265576
21498.768141839475,0.04082816208263309,9506.980524410219,3801.763864735871
21498.850474175288,0.055681495037014375,9507.023218969627,3801.7797325229453
21498.9502117371,0.07210313231809146,9507.07493924719,3801.7989547923626
21499.09296025308,0.09322141489265028,9507.148963443693,3801.8264664966778
21499.30744109831,0.12120199343707073,9507.260185421334,3801.867803060941
21499.62271748762,0.1568608380195984,9507.423676308123,3801.9285657898145
21500.07998578189,0.2010585415198421,9507.660799041263,3802.0166943853897
21500.73986390749,0.2547091966548301,9508.00298787709,3802.1438716271614
21501.688787529394,0.3182268263052113,9508.495065214784,3802.326756084476
21503.045757603308,0.3905864040033625,9509.19874063305,3802.5882825379845
21504.967892520384,0.46777748201910463,9510.19549003294,3802.9587319916564
21507.644533805116,0.5401098469395573,9511.58349907036,3803.4745956013635
21511.23461321918,0.587988283699335,9513.445184013533,3804.1665034734897
21516.169121711107,0.5747374233286312,9516.004041177466,3805.1175186147802
21519.623863002427,0.5089553779448595,9517.795544783039,3805.783340992181
21523.078604293747,0.38233094365112275,9519.587048430682,3806.4491625183628
21524.338218007117,0.31363723844284724,9520.240238469525,3806.6919237334405
21525.597831720486,0.22451698496415018,9520.893428513958,3806.9346848354116
21526.075040332336,0.18228533152180657,9521.140891615472,3807.026655611884
21526.552248944186,0.132168470251588,9521.388354717785,3807.1186263721256
21526.77028915457,0.105212792510893,9521.501422474064,3807.1606485000507
21526.964381202575,0.07782268686573558,9521.60207158081,3807.1980551794636
21527.083052576767,0.05878370101148449,9521.663610257661,3807.220926295714
21527.180878520303,0.041317462849340056,9521.71433924915,3807.239779944731
21527.244400138705,0.029233020892060268,9521.747279259997,3807.252022241808
21527.287893655528,0.021481489932238508,9521.769833422697,3807.260404593466
21527.324873048852,0.017329531863370586,9521.789009596865,3807.2675315010365
21527.352430015122,0.017559343049408847,9521.803299641599,3807.272842457533
21527.379986981392,0.02063832027444227,9521.817589686336,3807.2781534139745
21527.40890082026,0.02548437686165551,9521.832583356067,3807.2837258756053
21527.436786931088,0.03071178568236678,9521.847044083257,3807.2891002667984
21527.48894110371,0.040642938899818064,9521.874089348445,3807.2991517552846
21527.571228807396,0.05550299740585079,9521.916760771588,3807.315010771811
21527.67059544084,0.07188282034964864,9521.968288709237,3807.334161349096
21527.812622978192,0.09292409187862037,9522.041939046794,3807.361533809197
21528.02607808311,0.12081659512894291,9522.152629134383,3807.402672246628
21528.339908423728,0.15637666797708857,9522.315370184624,3807.463155637632
21528.795129070535,0.2004644673631903,9522.551431128253,3807.550888660531
21529.45207688846,0.2539952879840063,9522.892100479454,3807.677499802859
21530.3968353068,0.3173941554156028,9523.382017989466,3807.859579572197
21531.747965628092,0.38966093501062976,9524.082665260788,3808.119977773555
21533.662112990212,0.4668345593370685,9525.075272798278,3808.488883882468
21536.328381374326,0.5393160408449956,9526.45790309548,3809.002742889336
21539.90716659587,0.5876577873921773,9528.313731641772,3809.6924667406115
21544.817780646754,0.5755761337245329,9530.860198510734,3810.638866738552
21548.278746488617,0.510703324038209,9532.654930291661,3811.3058816924286
21551.73971233048,0.38520887192919384,9534.449662114675,3811.972895794482
21553.024762788635,0.3157290628891207,9535.116042857475,3812.220556726796
21554.30981324679,0.2252395513524183,9535.782423606073,3812.4682175417292
21554.787756546924,0.183053882097705,9536.030267738583,3812.560328935467
21555.26569984706,0.13302007147143607,9536.278111871896,3812.65244031297
21555.486112136598,0.10586435842621257,9536.392409724771,3812.6949191530084
21555.682095421216,0.07828761060041274,9536.494039578121,3812.7326899233035
21555.80131764329,0.05920979615124153,9536.555863916776,3812.7556669588757
21555.89960602955,0.04170104973960439,9536.606832724237,3812.7746095319767
21555.964015276004,0.02945372830146207,9536.64023303335,3812.7870227668377
21556.007886100477,0.021605371387199365,9536.662982858563,3812.795477746004
21556.044922739733,0.017367974615838777,9536.68218872214,3812.8026156106866
21556.07312646819,0.017553884274319354,9536.696814157169,3812.8080511577255
21556.101330196645,0.020721816801032238,9536.711439592202,3812.8134867047083
21556.13052110412,0.02563755517976177,9536.726576942629,3812.819112505127
21556.15835831602,0.03086317247199406,9536.741012315417,3812.824477415309
21556.211572841734,0.040990674084974234,9536.76860744669,3812.8347331531163
21556.2939490265,0.05583881335327797,9536.81132476124,3812.8506090539186
21556.394013943856,0.07229720039323957,9536.863214813744,3812.869894004451
21556.53739932644,0.09348326184566005,9536.937569295149,3812.897527864141
21556.752785366738,0.1215411791067481,9537.049260717657,3812.9390380035707
21557.06933732471,0.15728658308051496,9537.213413132076,3813.0000452750037
21557.52841175802,0.2015803901623374,9537.451472556213,3813.0885200856997
21558.190873586438,0.2553353816823618,9537.795001340526,3813.216192568619
21559.1434675612,0.31895551551762397,9538.288982182661,3813.399780507655
21560.505578913053,0.3913932196727879,9538.99532395656,3813.6622922553397
21562.434735197672,0.46859351491213874,9539.995714773013,3814.0340870282216
21565.1204652,0.5407841612013736,9541.388437432739,3814.5516912966023
21568.72031834816,0.5882379794921563,9543.255191407763,3815.2454681082554
21573.67573345594,0.5739249959460573,9545.82489098636,3816.2004922543406
21577.140086050236,0.5069062378520076,9547.621379365492,3816.868152819502
21580.25594529771,0.3948088343093982,9549.23715169268,3817.4686499603713
21581.70864804001,0.31790720940538875,9549.990470998982,3817.7486186755877
21582.9310659068,0.2332200782068329,9550.624372870938,3817.984206164554
21583.485942739055,0.18510268328744128,9550.912112010175,3818.0911434078894
21583.972093000666,0.13456841318914664,9551.16421202621,3818.1848354776453
21584.205222272372,0.10595254525301007,9551.285104470211,3818.2297647162436
21584.39769450115,0.0789205206996651,9551.384913636182,3818.2668584280295
21584.51797731373,0.0597378154769931,9551.447287970877,3818.290039620218
21584.61682549927,0.04217957392308764,9551.498547079982,3818.309089878896
21584.682414562318,0.029716611744034685,9551.532559205973,3818.321730359577
21584.7266984673,0.02175968912099092,9551.555523244278,3818.3302648592044
21584.763772591923,0.01742037173572076,9551.574748550142,3818.337409872684
21584.792993979485,0.017559531690679836,9551.589901709374,3818.343041487931
21584.822215367047,0.020886469408935508,9551.60505486861,3818.3486731031167
21584.852307702567,0.026003783713229027,9551.620659670094,3818.354472569398
21584.880241193536,0.031264355278991046,9551.635144972543,3818.359855977979
21584.936217900315,0.04190037078108069,9551.664172476801,3818.370643941406
21585.01891486687,0.056731901009344755,9551.707056145528,3818.3865814961373
21585.120837368857,0.0733975331541767,9551.759909484601,3818.406224240803
21585.267852422876,0.0949679425997632,9551.83614619734,3818.4345573270175
21585.488380322106,0.12346238935138361,9551.950504024417,3818.477057978404
21585.81217582181,0.15969634352664497,9552.118412710623,3818.539460596506
21586.281516540614,0.2045335881616694,9552.361795906992,3818.6299130128996
21586.958666437866,0.258878616813184,9552.712941461701,3818.7604148617834
21587.932124563577,0.3230780316867541,9553.217741797387,3818.9480218409694
21589.323455171754,0.39595620908753104,9553.93923576319,3819.2161620024467
21591.2924954857,0.47320545982707923,9554.960309196553,3819.59563935934
21594.029773940998,0.544588630896349,9556.379763300652,3820.123172639349
21597.68450044849,0.5896377172912723,9558.274972990463,3820.827517349015
21602.7549948029,0.5692807839875879,9560.90434903143,3821.8047095264083
21606.316718480753,0.493948470879789,9562.7513309075,3822.4911283959887
21609.162398181878,0.38596453394137387,9564.226998146687,3823.039549925716
21610.61046809962,0.30662459728167224,9564.977915183379,3823.3186228283375
21611.722244165612,0.22737396001434484,9565.554442315048,3823.5328848776867
21612.278691075313,0.1780161709458241,9565.842995695884,3823.6401235765657
21612.72065213986,0.13110694366980002,9566.072180830311,3823.72529849625
21612.953046361974,0.10210094059177947,9566.192692127412,3823.7700856015967
21613.130567854398,0.07677513067078287,9566.284748397788,3823.8042976104525
21613.24865141008,0.05771323578089581,9566.345982288913,3823.827054716528
21613.345373448275,0.040345443745654096,9566.396138864284,3823.8456950224004
21613.40684875784,0.028639784006206585,9566.428017752041,3823.8575425657523
21613.449224173186,0.02116828571978569,9566.449992120602,3823.865709170596
21613.485977430046,0.017244473997706462,9566.46905103969,3823.8727922709895
21613.51252214064,0.017612534195352664,9566.482816173308,3823.8779079767514
21613.539066851237,0.020603802045629737,9566.496581306928,3823.8830236824638
21613.568137268034,0.025470153421125553,9566.511656181081,3823.8886261430825
21613.59606384965,0.03070454464792725,9566.526137903391,3823.89400816334
21613.648139766978,0.040621079382351176,9566.55314260394,3823.9040442515984
21613.730422072204,0.05548184038209259,9566.59581125249,3823.919901724676
21613.82974529503,0.07185669981024055,9566.647316708959,3823.9390433283925
21613.971688004243,0.09288877884010335,9566.72092310058,3823.96639857214
21614.18502247578,0.12077071219297575,9566.83155069649,3824.0075124561904
21614.498682403413,0.15631878513213102,9566.994203471444,3824.067961086726
21614.95366120281,0.2003929999215058,9567.23013913915,3824.155644718101
21615.610261955775,0.2539086116328055,9567.570628713282,3824.2821849585057
21616.554525204392,0.3172916381340276,9568.06028973129,3824.464163524465
21617.904957480067,0.3895443658161043,9568.760575429082,3824.724418941566
21619.818141521613,0.46671068996206255,9569.752684000814,3825.0931277039217
21622.483136703147,0.5392009767115548,9571.134654865347,3825.60672505249
21626.060453388265,0.5875831367192581,9572.989722960772,3826.296144034181
21630.9682743443,0.5756132519700318,9575.534742911315,3827.2419757757552
21634.430721678527,0.5107985477471434,9577.33024398396,3827.909255125551
21637.893169012754,0.3853330622904188,9579.125745098328,3828.5765336301515
21639.179268533426,0.315827172222895,9579.792670234347,3828.824388900397
21640.465368054098,0.22528916532657098,9580.45959537612,3829.0722440540844
21640.94343791189,0.18310033171270826,9580.707505280794,3829.1643769240204
21641.421507769683,0.13306280392152894,9580.955415186265,3829.256509777852
21641.64203454884,0.10589799125683397,9581.06977247571,3829.2990093385015
21641.83812106218,0.07831102908272809,9581.171455918779,3829.3367988081673
21641.957370405136,0.059231495155400035,9581.23329435724,3829.3597803436733
21642.055682597544,0.04172063876520213,9581.284275539307,3829.378726905513
21642.120138714596,0.029464781782224114,9581.317700173222,3829.3911487805767
21642.1640278105,0.021611722987770438,9581.340459486551,3829.3996070135595
21642.201066902227,0.01737004356887653,9581.35966663304,3829.406745125116
21642.229307657726,0.01755385842924421,9581.374311277457,3829.4121876360246
21642.257548413225,0.020727210406270236,9581.38895592188,3829.417630146877
21642.28676198649,0.025648284145819066,9581.404105034757,3829.4232601374724
21642.3145978045,0.030874128633198102,9581.418539693106,3829.428624609342
21642.367888664096,0.04101570095534064,9581.446174424416,3829.4388947337134
21642.450272205657,0.055863079859476084,9581.488895578732,3829.454771550178
21642.550387946587,0.0723270967900723,9581.540812016643,3829.4740656853996
21642.693872138814,0.09352355026932531,9581.61521778035,3829.501717713523
21642.909398572276,0.12159325895909272,9581.726982070559,3829.5432535964364
21643.2261480549,0.15735172297192732,9581.891237009471,3829.604297005043
21643.685501661086,0.20165980859951796,9582.12944134084,3829.692822819413
21644.34836192984,0.25542992165147455,9582.473176941425,3829.820568051583
21645.30152015592,0.3190641714686906,9582.967450670767,3830.0042589268255
21646.664418240543,0.39151100710122705,9583.674200825983,3830.2669139921013
21648.594640731364,0.4687077383956973,9584.675145119203,3830.638902488561
21651.281729353308,0.5408680961485108,9586.068573118258,3831.1567522277096
21654.882962391024,0.5882426958260647,9587.936043737045,3831.8507730473725
21659.841621526975,0.5737404349641845,9590.507427041968,3832.8063922103333
21663.308359643488,0.5064770751790033,9592.305153508387,3833.474491426996
21666.41563765495,0.39449372978900143,9593.916476848894,3834.0733158684616
21667.867765191855,0.3175358764783931,9594.669498310328,3834.3531648987373
21669.086710925272,0.2330105674977425,9595.301600024854,3834.5880758185276
21669.64144313127,0.18486967053491835,9595.589264332606,3834.6949818169187
21670.126199909766,0.1344458342031232,9595.840641883959,3834.7884023845418
21670.359245801876,0.10582424001695692,9595.961491160235,3834.8333141374874
21670.551233448783,0.07884633476254446,9596.06104909711,3834.870313292549
21670.671437906705,0.059668251203824164,9596.123382835971,3834.8934786534264
21670.770208461425,0.042117305264230354,9596.174601718163,3834.912513350579
21670.835641738737,0.029682804846344238,9596.208533078916,3834.9251234101616
21670.879873783648,0.021739609683595104,9596.231470237728,3834.9336476463536
21670.916945514156,0.01741326371149922,9596.250694313214,3834.940791973116
21670.946020886124,0.01755803653121134,9596.265771762743,3834.946395271175
21670.97509625809,0.020861125517330926,9596.280849212273,3834.9519985691736
21671.005024279933,0.025942733747433996,9596.296368815581,3834.9577661866365
21671.03291853617,0.031193163178015647,9596.31083378068,3834.963141864272
21671.088410169763,0.04174015127109478,9596.339609760103,3834.9738360059832
21671.171041805304,0.05657310622721898,9596.38245957531,3834.9897604677594
21671.27263447663,0.07320205278843857,9596.435141906564,3835.0093390292436
21671.41900281654,0.09470413509528296,9596.511043300568,3835.0375465896445
21671.63861673927,0.12312119011624273,9596.624927238236,3835.0798697626824
21671.961124646674,0.15926842279324407,9596.792168322196,3835.14202227311
21672.428638861125,0.20400891384823197,9597.03460449943,3835.232119840451
21673.10317463366,0.2582486070181172,9597.384394665523,3835.362113790719
21674.07291830563,0.32234410962947757,9597.887269110084,3835.5489990205792
21675.459045079642,0.39514220153019675,9598.606064970485,3835.8161278682132
21677.420978608923,0.47237948930118373,9599.623453669294,3836.1942236766263
21680.149065635334,0.5439003669542533,9601.038142246704,3836.7199690055318
21683.794017837212,0.5893661252359068,9602.928284425081,3837.4224078764764
21688.844494884128,0.5700662567748039,9605.547281722045,3838.3957116631186
21692.39564573276,0.49601258147479055,9607.38878197125,3839.080071403223
21695.28255720075,0.38737912080051895,9608.885831386626,3839.6364216550137
21696.732113710623,0.30839077840573587,9609.637519750155,3839.9157722698014
21697.860813670053,0.22829587112107633,9610.222823342618,3840.133289060388
21698.417206954597,0.17911934925474662,9610.511349081788,3840.240514052715
21698.8658890519,0.13165365206741764,9610.744019636602,3840.326981533521
21699.09848922959,0.1026985480276893,9610.864637804436,3840.3718069210963
21699.278275461555,0.07711284591615084,9610.95786854117,3840.406454301871
21699.39670696682,0.058031476244363854,9611.019282901876,3840.4292777472
21699.493733418978,0.04063863834497885,9611.069597364414,3840.447976131845
21699.55579946673,0.028823114967019812,9611.10178260634,3840.4599371463405
21699.598532274293,0.021262761572123964,9611.123942318454,3840.46817236897
21699.635364445166,0.017268470679035273,9611.143042170532,3840.4752704544926
21699.662120467114,0.01759021513962585,9611.156916890628,3840.4804267221066
21699.68887648906,0.02058749348378104,9611.170791610728,3840.4855829896705
21699.717782935728,0.02542017979029754,9611.185781464506,3840.4911536747345
21699.745718991726,0.030653797665979234,9611.200268108247,3840.496537351603
21699.797451650033,0.04050661442833995,9611.227094822469,3840.506506973366
21699.879710079193,0.0553720901424598,9611.269751114347,3840.5223593465553
21699.978805529303,0.07172115348398406,9611.321138485702,3840.54145645333
21700.120305998025,0.09270580700469756,9611.394515589605,3840.5687256108813
21700.33301067364,0.12053336756319602,9611.504816659575,3840.609716831548
21700.645782324893,0.15602032527325546,9611.66700889983,3840.6699923779765
21701.099503140307,0.20002635607137859,9611.90229235789,3840.757430821188
21701.754302817833,0.2534672546483782,9612.24184815476,3840.883619990697
21702.696004213652,0.31677550568374835,9612.730180969425,3841.065099131072
21704.042840934057,0.3889682063889672,9613.428602543934,3841.324653454462
21705.95109839537,0.4661187904799265,9614.41815693828,3841.6924012102772
21708.609672586907,0.538692384618903,9615.796798902093,3842.204745011672
21712.179904667526,0.5873460614036542,9617.648194241967,3842.892777045282
21717.072951374546,0.5760694267960672,9620.185554257121,3843.835731909128
21720.552459992563,0.5114436497643277,9621.989903737955,3844.50627825542
21724.03196861058,0.3857109632515696,9623.794253260521,3845.1768237554984
21725.319780011538,0.3162070228010155,9624.462066500371,3845.4250011530303
21726.607591412496,0.22566417084553358,9625.129879745933,3845.6731784346975
21727.08715076056,0.1833945640992915,9625.378562189895,3845.765595458796
21727.566710108622,0.13324941456613135,9625.627244634647,3845.8580124668297
21727.78765565393,0.10605451930683478,9625.74181914709,3845.9005913962706
21727.984246542965,0.07841555276205353,9625.843764199939,3845.938476880441
21728.10361518613,0.059328212953101866,9625.905664538803,3845.961480685981
21728.202033585745,0.04180763787620251,9625.956700825465,3845.980447121193
21728.266698144667,0.029513676698064956,9625.990233569146,3845.9929087760847
21728.310667512862,0.02163982909873934,9626.013034521919,3846.0013822133214
21728.34771621565,0.017379249931804047,9626.032246663404,3846.008521953237
21728.376126275554,0.017553977560950756,9626.046979111494,3846.0139969205384
21728.40453633546,0.020752589186312412,9626.061711559587,3846.019471887783
21728.433863267615,0.025700068801896445,9626.07691946507,3846.025123547505
21728.461695007587,0.030927571240085928,9626.091352016989,3846.0304870652885
21728.515357518838,0.041137762213508296,9626.119179489535,3846.0408284894843
21728.59777738828,0.055981759866551954,9626.16191950676,3846.0567118089784
21728.698140320186,0.07247342516661337,9626.213964158978,3846.0760529759914
21728.842105920732,0.09372095055546656,9626.288619606717,3846.1037969104113
21729.058315920254,0.12184881106728856,9626.400738434257,3846.145463222596
21729.376028331102,0.15767225883067995,9626.565492807973,3846.2066902853758
21729.836745406417,0.202052375132281,9626.804404322944,3846.2954760814373
21730.501555555184,0.2559004202493359,9627.149151259648,3846.4235930743034
21731.457482421793,0.3196106906077328,9627.64486099176,3846.607811741568
21732.82425584477,0.39211426646790926,9628.35362116605,3846.87120539781
21734.75976415323,0.4693142654076042,9629.357307071861,3847.2442008750163
21737.453676457575,0.5413615833621774,9630.754274391027,3847.7633493895323
21741.06216773691,0.5884062835368176,9632.625509949063,3848.4587472118487
21746.036466016893,0.5730839011035699,9635.205004635935,3849.4173502819654
21749.516833586847,0.5046894767742994,9637.009799885696,3850.088055122618
21752.586550294454,0.39322190667191004,9638.601646189534,3850.6796223566184
21754.03736642278,0.31595997207548726,9639.353988032766,3850.959209909622
21755.241036500986,0.23215874075867446,9639.978168696021,3851.191169703669
21755.79562211243,0.18387661389342663,9640.265757149922,3851.298044108593
21756.2742509207,0.13394449717617776,9640.513957097042,3851.3902808317544
21756.507094701443,0.1052801004803568,9640.634701634783,3851.435152231495
21756.69697695257,0.07853922958872558,9640.733167845032,3851.4717444982757
21756.81686301459,0.059378924343404554,9640.795336510773,3851.4948477767175
21756.915311817367,0.04185796882082212,9640.846388573156,3851.5138198738478
21756.980107704145,0.0295399335622174,9640.879989425197,3851.5263067074775
21757.0241139618,0.02165591914341298,9640.90280951188,3851.5347871656445
21757.061167802767,0.01738457987577352,9640.922024321499,3851.5419278215504
21757.08967811594,0.017554249227851617,9640.936808760187,3851.5474220517954
21757.11818842911,0.020768102971285878,9640.951593198877,3851.5529162819835
21757.14759007061,0.025732709259117668,9640.966839848876,3851.558582280236
21757.175422179895,0.030961802595051727,9640.981272595056,3851.5639458134574
21757.22932212885,0.04121580359895116,9641.009223199684,3851.5743328868775
21757.311766382463,0.05605784794658243,9641.051975869816,3851.5902207404074
21757.412287695057,0.07256722720526748,9641.104102662557,3851.609592228029
21757.55656202639,0.09384750661945071,9641.178918221363,3851.637395369749
21757.773210123556,0.12201264548941716,9641.291264252173,3851.6791456748815
21758.091539717407,0.15787778826595503,9641.456338706505,3851.7404910389323
21758.553131009736,0.2023042003338975,9641.695703604946,3851.829444382974
21759.21919165449,0.25620244124745156,9642.041099070224,3851.957801027911
21760.17689456852,0.3199618770377485,9642.537729892016,3852.142360043371
21761.546154873053,0.39250259094713663,9643.247779809957,3852.4062302099874
21763.48505713009,0.46970601517812255,9644.253225888415,3852.7798758595777
21766.18335544886,0.5416831571906875,9645.652467905324,3853.299864208787
21769.796525064146,0.5885202730439563,9647.526129838945,3853.996156368201
21774.780780961177,0.5726789026559116,9650.11078868462,3854.9566684080633
21778.270897429862,0.5035368164688803,9651.920639711961,3855.6292449839293
21781.3161204388,0.3924240767907388,9653.49978475185,3856.2160859300648
21782.766523988485,0.31494459749318765,9654.251912789301,3856.4955910760264
21783.960195507374,0.23162579333310307,9654.870908671444,3856.725621658341
21784.51487660047,0.18323678348956265,9655.158546693361,3856.832513355615
21784.989498341023,0.13362977740796442,9655.404668763815,3856.923976927444
21785.22227120228,0.1049309226416692,9655.525376548136,3856.968834195417
21785.410788383084,0.07834480219600204,9655.623134899815,3857.0051630226226
21785.53047479573,0.0591954329706787,9655.685200046244,3857.0282275875816
21785.628720811303,0.041693356071531296,9655.736146960033,3857.0471604093527
21785.693122612385,0.029447458939398537,9655.769543459528,3857.0595711700216
21785.736977193075,0.021602795212276187,9655.792284896223,3857.0680223109125
21785.774013644503,0.017367162636798668,9655.811490691889,3857.0751595417246
21785.80220149643,0.017553947104610862,9655.826107916371,3857.080591574092
21785.830389348357,0.020719484695854915,9655.840725140855,3857.0860236064045
21785.859570775923,0.02563289818759203,9655.855857598577,3857.091647108906
21785.887409309267,0.030858487489197166,9655.870293678787,3857.097011824526
21785.9405911687,0.040979840510714016,9655.897871912855,3857.107260408541
21786.022964979416,0.05582823941283976,9655.9405880619,3857.123134522538
21786.12300884834,0.07228406180088842,9655.99246727911,3857.1424138021284
21786.266352883464,0.09346539196170583,9656.066800433353,3857.1700373800586
21786.48168026984,0.12151774729134626,9656.178461611507,3857.211532740843
21786.798148699596,0.15725652649833946,9656.342570963187,3857.2725188078366
21787.25710320305,0.20154231488785404,9656.580568561441,3857.3609630997566
21787.91939074711,0.25528749015129487,9656.924007495447,3857.4885913082376
21788.871732003714,0.3188958266953279,9657.417858045186,3857.672115178166
21790.233478808983,0.39131980658070187,9658.124011862274,3857.934534702332
21792.162113553288,0.4685049865596045,9659.124133761567,3858.3061978558862
21794.84710690352,0.5406806134728704,9660.51647655628,3858.823616859048
21798.445939911704,0.5881228531659473,9662.382704385736,3859.5171390538985
21803.400065950827,0.573807337371755,9664.951739438033,3860.4718349424825
21806.86347495032,0.5067949811204397,9666.747741254805,3861.139257874419
21809.97820713151,0.3947223210173931,9668.362931599962,3861.7394876555827
21811.430455903268,0.3178354132939681,9669.116016646673,3862.019345504083
21812.65243587198,0.2331691041179592,9669.749692410642,3862.2548289331244
21813.207148515703,0.18506091585251844,9670.03734684799,3862.361725606651
21813.693124062727,0.134539857365903,9670.289356649108,3862.4553761845946
21813.926191424955,0.10592902420423655,9670.410217174087,3862.5002897414315
21814.11859626652,0.07890426048211915,9670.509991548202,3862.537367370165
21814.2388594263,0.05972329436760536,9670.572355787122,3862.560542839669
21814.337691704062,0.04216674127950537,9670.623606725472,3862.579588442274
21814.403249337538,0.02970963979544637,9670.657602605255,3862.5922218109095
21814.44752250695,0.02175562638689769,9670.680561111622,3862.600753529172
21814.484596557915,0.017418961467764706,9670.699786408717,3862.607897931917
21814.51378748966,0.0175592386772213,9670.71492379783,3862.6135232079514
21814.542978421407,0.020881110677364312,9670.730061186945,3862.6191484839273
21814.573035302394,0.02599068333255419,9670.745647626842,3862.6249406337015
21814.600960008524,0.031248961114380087,9670.760128395954,3862.6303218999315
21814.65683199758,0.04186566387798846,9670.789101641718,3862.6410887829193
21814.739515147485,0.05669739695620742,9670.831978211252,3862.6570223444933
21814.8413668518,0.07335497192959799,9670.884794918044,3862.676649806077
21814.988242710653,0.09491037402566524,9670.960959565755,3862.704953703078
21815.2085740089,0.12338766933758337,9671.075215617511,3862.747412920058
21815.532091706795,0.15960203200076042,9671.24298050246,3862.809756794484
21816.001036789945,0.20441680680608776,9671.486158908585,3862.900125418534
21816.677617904188,0.2587363470874676,9671.837010049812,3863.030506765876
21817.650263032232,0.3229086308166233,9672.341389565956,3863.2179414164207
21819.04044475508,0.39576154604099184,9673.06228886412,3863.4858378026
21821.007893732687,0.47299474904232675,9674.082538648358,3863.864976835027
21823.743055515493,0.5443850809026123,9675.500897291276,3864.392058212041
21827.39530781792,0.5894876559790306,9677.394826842556,3865.095867389947
21832.461491769605,0.5692916935561687,9680.021971677721,3866.072147473952
21836.021209246985,0.4941476502894165,9681.867916029396,3866.7581225460426
21838.87177762527,0.3860974404865419,9683.346120617565,3867.3074404663453
21840.319782801627,0.30681612701460204,9684.09700522776,3867.5864776525027
21841.433579557666,0.22746577677938817,9684.674581098123,3867.8011112568224
21841.989922227363,0.1781385256891992,9684.96308086407,3867.9083209394244
21842.432685559364,0.131162622847573,9685.192682375922,3867.993643368171
21842.66507016621,0.1021667261633464,9685.31318887076,3868.0384248919063
21842.84285715357,0.07681030936118069,9685.40538295794,3868.0726852145544
21842.960974853864,0.05774705203323027,9685.466634648688,3868.0954470058878
21843.057734708946,0.040375778946595664,9685.516810911095,3868.1140930474253
21843.119269079685,0.02865923361253649,9685.54872047454,3868.1259509858164
21843.161683536455,0.021178186747701052,9685.570715122141,3868.1341244342457
21843.19844554156,0.017246978188731825,9685.58977860684,3868.1412086308032
21843.22500967483,0.01761005406503569,9685.603553833373,3868.146327653522
21843.2515738081,0.0206013325499562,9685.61732905991,3868.1514466761923
21843.280622348582,0.025463059404684494,9685.632392612775,3868.157044454756
21843.308550929323,0.03069741464822583,9685.646875393857,3868.162426412211
21843.36057834401,0.04060484870499392,9685.673854983841,3868.1724523183216
21843.442857741768,0.05546619257151873,9685.716522189778,3868.1883079110285
21843.54214937926,0.07183728886219565,9685.76801134578,3868.2074418346474
21843.684030370365,0.09286244437476045,9685.841585844855,3868.2347829078535
21843.897277071166,0.1207362934281106,9685.952168094716,3868.2758764556315
21844.210812410285,0.15627491462363044,9686.114756510577,3868.3362960455897
21844.665613238005,0.20033797757899827,9686.350600248335,3868.423938082428
21845.32195668447,0.2538403627806967,9686.69095691173,3868.550418206383
21846.265849239775,0.3172082199140238,9687.180426448056,3868.7323101926886
21847.615751617588,0.3894446038859083,9687.880438427395,3868.9924418385763
21849.528188065335,0.46659536233024995,9688.872160835965,3869.360975858787
21852.192153326057,0.5390749625118398,9690.253599726359,3869.8743320144995
21855.768131764336,0.5874588837767796,9692.107976680762,3870.5634357805325
21860.673985805224,0.575520014244118,9694.651980534452,3871.5088098713677
21864.135948086703,0.5107306421425497,9696.447232809225,3872.1759403075935
21867.597910368182,0.38529208473460064,9698.242485124656,3872.8430699180108
21868.883885658604,0.31579437030425456,9698.909346853889,3873.0908806671523
21870.169860949027,0.22526446857428295,9699.57620858873,3873.3386913023987
21870.64785938664,0.18308099615318352,9699.824081834484,3873.4308027605416
21871.125857824256,0.13304971343015703,9700.071955081014,3873.522914202951
21871.34635877672,0.10588738295508748,9700.186299151566,3873.5654052586765
21871.542418450725,0.07830348999634003,9700.287968831344,3873.60318641935
21871.661658163375,0.05922503380325194,9700.349802369914,3873.6261641913547
21871.75996352332,0.04171502318494711,9700.400780086438,3873.645107863807
21871.824407109976,0.02946158832497225,9700.43419827336,3873.6575262931024
21871.86829082855,0.021609990289483575,9700.456954832807,3873.6659827877525
21871.9053296674,0.01736952254909851,9700.476161877372,3873.6731202580536
21871.933559710946,0.017553905510945194,9700.49080098922,3873.6785602529703
21871.961789754492,0.02072560850181743,9700.505440101068,3873.6840002478325
21871.990996680568,0.025645040418928,9700.520585789985,3873.689628490166
21872.01883350612,0.030870865554742125,9700.535020992762,3873.6949927108985
21872.072101624177,0.041008125262897176,9700.562643973131,3873.705257600428
21872.15448367873,0.05585566186283896,9700.605364421306,3873.72113281246
21872.254584933136,0.07231785150277024,9700.657273425964,3873.7404225545674
21872.39804054877,0.09351093402359995,9700.731664484003,3873.7680667806603
21872.613526474735,0.12157663309845898,9700.843407938402,3873.809591410065
21872.930218004545,0.1573302115199048,9701.007633074787,3873.870618584355
21873.389487904155,0.20163221250455582,9701.245794361066,3873.959120920813
21874.05222571891,0.2553946138066835,9701.58946698394,3874.086831953825
21875.005204876972,0.31901914292691874,9702.083648606345,3874.2704730783894
21876.367841621566,0.3914538567901896,9702.790264314139,3874.5330559885733
21878.2976836051,0.46863571822440425,9703.791012810909,3874.90494029914
21880.984218331585,0.5407783167589633,9705.184155696452,3875.4226403490547
21884.58462826521,0.5881329952633931,9707.051202318846,3876.1164450084707
21889.54241406178,0.5736071948356312,9709.622136644442,3877.0718166737865
21893.00853467404,0.506322118830986,9711.419545622814,3877.7397415464293
21896.11376143848,0.39437564659694957,9713.029807702595,3878.3381211164005
21897.565396012124,0.317425228771872,9713.78257467251,3878.6178519806385
21898.78352858073,0.2329383411030405,9714.414255666648,3878.852586754977
21899.33809003033,0.18480338316092,9714.70183186225,3878.959450998629
21899.822521512466,0.13440477510944657,9714.953041107383,3879.052801148363
21900.0554995722,0.10578725926117574,9715.07385539137,3879.0976961124256
21900.247367923424,0.07882244137013027,9715.1733516166,3879.1346692166344
21900.367544803645,0.05964653738590695,9715.235671149123,3879.157827345844
21900.46629145863,0.042098021730704316,9715.286877715393,3879.1768558619924
21900.531677448816,0.029672278167882923,9715.320784606132,3879.1894557655937
21900.57589313892,0.021733464305976002,9715.343713318682,3879.197976144662
21900.612964332046,0.017411141287685984,9715.362937144642,3879.20511977654
21900.641995253558,0.017557652624789345,9715.377991566573,3879.210714045201
21900.67102617507,0.0208534735851036,9715.393045988507,3879.2163083138043
21900.700906196707,0.025924536724365177,9715.408540724111,3879.222066204234
21900.728791179554,0.031172345543999568,9715.423000902281,3879.2274396499492
21900.784140541153,0.04169309518186616,9715.451703148039,3879.238105490668
21900.86675434092,0.056526532400389476,9715.494543779194,3879.2540251974615
21900.96825109691,0.07314461207056412,9715.54717645196,3879.2735836555808
21901.114431255082,0.09462648956642568,9715.622980376544,3879.3017526186914
21901.33377909585,0.12302047994722297,9715.736726506024,3879.344021014826
21901.65591132583,0.15914150434450897,9715.90377303029,3879.4060959882727
21902.122891231018,0.20385216923772204,9716.145932500856,3879.4960831377803
21902.7966598284,0.258058385800366,9716.495325366846,3879.6259184958185
21903.765308688235,0.32211891065361015,9716.997632842144,3879.812577291184
21905.149891895304,0.3948857645180207,9717.715629351767,3880.0793865921883
21907.109695311385,0.4721063129782493,9718.731914989521,3880.457040651193
21909.834969192503,0.5436452250955743,9720.145146910565,3880.982200407667
21913.47670510501,0.5891969264818033,9722.03362409514,3881.6839614274077
21918.521315738788,0.5701396471120571,9724.64958323799,3882.6560543295554
21922.068048767553,0.4964193566991611,9726.48879534505,3883.3395062321783
21924.964431077166,0.38763921863464423,9727.990758272306,3883.8976355632876
21926.41368780664,0.30876356047776743,9728.742292316434,3884.176905348097
21927.546304446034,0.2284711495072364,9729.329627847319,3884.3951589215394
21928.102438223657,0.17935579094064957,9729.618019451285,3884.5023250566974
21928.552679435317,0.13175939269747003,9729.851498860111,3884.589085839547
21928.785239516197,0.10282554599538923,9729.972096417408,3884.6338998008337
21928.965540517893,0.077180215523642,9730.06559423668,3884.6686435173256
21929.08403796909,0.058095867683921526,9730.12704288745,3884.6914777866423
21929.181124473715,0.04069850314278572,9730.177388567135,3884.710186200084
21929.243315985503,0.028859822832286074,9730.209638918977,3884.7221704041367
21929.2861187441,0.021282050969207236,9730.231834938744,3884.730418426555
21929.322966441217,0.017273576587556676,9730.250942871051,3884.737518918148
21929.34977692918,0.017586522435788777,9730.264845856293,3884.7426852557246
21929.37658741714,0.020587470951833924,9730.278748841536,3884.747851593252
21929.405476947053,0.025417017055568123,9730.293729945524,3884.7534185587347
21929.43341286903,0.030650389275032303,9730.308216541654,3884.7588017654634
21929.48512355175,0.040499024197914735,9730.335031900639,3884.768766329777
21929.567381135883,0.05536476539180899,9730.37768781877,3884.7846172318505
21929.666462296052,0.07171201555408832,9730.429067857507,3884.803710008925
21929.807934656765,0.09269333632864589,9730.502430496446,3884.8309714996585
21930.020599389285,0.12051692035750836,9730.61271101998,3884.871951640522
21930.33331388275,0.15599903304909737,9730.774873865255,3884.9322111985816
21930.786952204955,0.19999903676673672,9731.010114900686,3885.0196265300256
21931.441631210408,0.2534322956511813,9731.349608634206,3885.145782033617
21932.383156130618,0.31673091262819053,9731.837850672455,3885.3272121937293
21933.729735262743,0.3889115916280772,9732.536139725567,3885.5866954671237
21935.63761762884,0.4660474140634997,9733.525501102975,3885.954340608602
21938.29564580088,0.5386033489753258,9734.903862001518,3886.4665369413933
21941.865067826035,0.5872371280330365,9736.754840069032,3887.1543561564704
21946.757272936768,0.5759369789765204,9739.291767489332,3888.0970711406817
21950.234938617672,0.5113215749852915,9741.095164007715,3888.76720712378
21953.712604298576,0.385636443925505,9742.89856056674,3889.4373422806343
21955.00012932835,0.3161415115928009,9743.566226310733,3889.6854440645056
21956.287654358122,0.225608687588663,9744.233892060294,3889.9335457351763
21956.76702266627,0.18335088476434228,9744.482475812225,3890.0259183400867
21957.24639097442,0.1332205187424261,9744.731059564929,3890.1182909293075
21957.467274868523,0.1060307227082831,9744.845602279787,3890.160854474577
21957.663796787027,0.0783991663286684,9744.947511720477,3890.1987235505003
21957.783145646372,0.05931358375012261,9745.009401893378,3890.2217216506483
21957.88154821866,0.04179468512644136,9745.06043004941,3890.240683475147
21957.946182472857,0.029506396514397498,9745.093947128622,3890.2531382649026
21957.990139864218,0.021635728696306845,9745.116741904969,3890.261608696934
21958.02718763622,0.017377938412124563,9745.13595359272,3890.2687476699366
21958.05557194123,0.01755397077928472,9745.150672707407,3890.2742172238077
21958.08395624624,0.020748626179715107,9745.165391822095,3890.279686777624
21958.113264844535,0.02569179897568805,9745.18059024318,3890.285334439386
21958.141097427346,0.030919016405990558,9745.195023253904,3890.290697678204
21958.194700509455,0.04111812415088638,9745.222819950477,3890.3010267995987
21958.277115097357,0.055962573796009905,9745.265557293253,3890.316907794294
21958.377439062755,0.0724496701611787,9745.317581817182,3890.336239860998
21958.521328361876,0.09368875531942028,9745.392197810095,3890.363966809362
21958.737430133613,0.12180683321935715,9745.50426068333,3890.4056088377893
21959.05498916951,0.15761892991146098,9745.668935770256,3890.4668013076316
21959.51548733783,0.20198576843903968,9745.907734127464,3890.555537615559
21960.179981579968,0.2558182792298532,9746.252317765122,3890.6835831931403
21961.135454508963,0.3195111211926081,9746.74779284738,3890.8676992323767
21962.501581472527,0.39199665230934766,9747.456218857362,3891.1309466511057
21964.436183138867,0.46918094507395147,9748.459436120898,3891.5037367437526
21967.1288601366,0.541220839553737,9749.855764955248,3892.0226045307045
21970.7357953063,0.5882768972324123,9751.726196383876,3892.7176453337315
21975.70767355902,0.5730096576974364,9754.304440007223,3893.675703309961
21979.18605441491,0.5047031860015009,9756.108207728455,3894.3459702341215
21982.257312918733,0.3932229950442871,9757.70085594597,3894.9377859934216
21983.70773681651,0.31599882704634336,9758.45299552207,3895.2172750150676
21984.912056343328,0.23216652639312776,9759.07751390428,3895.4493409158927
21985.46647517822,0.18390465318742927,9759.3650163055,3895.5561744127435
21985.94536551935,0.13395059120905523,9759.613352247196,3895.648453962413
21986.17815729152,0.10529475492540567,9759.734069996393,3895.6933116581245
21986.36812139866,0.07854430112536767,9759.832578802181,3895.7299166953144
21986.488009787434,0.05938453322439406,9759.89474876784,3895.7530185262635
21986.58646517156,0.04186317079350282,9759.945804319734,3895.771990334757
21986.651274440763,0.029542816798857185,9759.979412161887,3895.7844787224603
21986.695285288755,0.02165767870181636,9760.00223466322,3895.7929593692734
21986.732340002338,0.01738520695813527,9760.0214499542,3895.8000996073847
21986.760860921717,0.017554323543932913,9760.036239915096,3895.8055954305464
21986.789381841096,0.020769731007958113,9760.051029875996,3895.8110912536526
21986.81879162506,0.02573612458762116,9760.066280771285,3895.816758355981
21986.846624446607,0.030965456527078574,9760.08071390849,3895.8221215863396
21986.900549696653,0.04122401534220974,9760.108677675353,3895.832512682817
21986.982997250198,0.05606580250720981,9760.151432120902,3895.84839986854
21987.083536048125,0.07257693664636147,9760.203568059194,3895.867773135966
21987.227844122634,0.09386046690183467,9760.278401228366,3895.895580498456
21987.444540159464,0.12202913780146399,9760.390772287692,3895.937336615586
21987.762936422034,0.15789783830645124,9760.555881561935,3895.998689792928
21988.224620549852,0.2023275531202505,9760.795294960983,3896.0876537274894
21988.890811320958,0.2562282833650444,9761.140758423759,3896.2160249163376
21989.84869399799,0.31998803481704186,9761.63748320985,3896.400603430622
21991.218195605663,0.39252430659112136,9762.347659324887,3896.66449845058
21993.157403753597,0.46971385275684724,9763.353265536467,3897.038172399625
21995.856036211208,0.5416595646194935,9764.752682925275,3897.558182499109
21999.46933263623,0.5884356756077824,9766.626413427823,3898.25444201948
22004.454710896054,0.5724673957478397,9769.211658166212,3899.215091632118
22007.946323482163,0.5031497116306494,9771.022287739894,3899.887901415001
22010.98452328202,0.3921492363769287,9772.597793151326,3900.4733409918495
22012.434425650685,0.31462962051696786,9773.349662419763,3900.752726685272
22013.62524710885,0.23144916874534094,9773.96718128555,3900.98218925546
22014.179810196016,0.18304176754607987,9774.254758544232,3901.0890494663768
22014.653291485327,0.1335268429547979,9774.500289584465,3901.1802857971907
22014.885992318545,0.104823965314986,9774.6209601982,3901.2251255153346
22015.074114762047,0.0782823796783503,9774.718513999067,3901.261375306971
22015.193734400855,0.05913730117297641,9774.780544611782,3901.284425117864
22015.291916753733,0.04164134510617957,9774.831458588547,3901.303344123159
22015.356196509772,0.029417935153440447,9774.86479184968,3901.3157303511766
22015.400001742313,0.021586084228214387,9774.887507730165,3901.3241712915556
22015.437032156267,0.01736184516938665,9774.906710423751,3901.3313067750087
22015.465123910693,0.01755423104400076,9774.921277837264,3901.336719845649
22015.49321566512,0.020705755453333377,9774.935845250779,3901.342132916235
22015.52234266769,0.02560605049242718,9774.950949508227,3901.3477454713257
22015.55018705898,0.030831404317327744,9774.96538864777,3901.3531108767816
22015.60317994848,0.040917697712670086,9774.99286892983,3901.3633222091626
22015.68553732324,0.055767947935131346,9775.035576619684,3901.3791918572515
22015.78545675209,0.07220958944748458,9775.087391384213,3901.3984455807577
22015.928558215226,0.09336475740698114,9775.161598860246,3901.426020156775
22016.14354100529,0.1213870930852254,9775.27308150976,3901.4674457214296
22016.459522925998,0.1570918484575834,9775.436938820236,3901.5283330522607
22016.917786762457,0.2013391510420395,9775.674578618582,3901.6166370221567
22017.579083395354,0.25504135972363495,9776.017504214173,3901.7440638488106
22018.530011528204,0.3186051904575547,9776.510622705619,3901.927300408494
22019.889767688353,0.3909902084955829,9777.21574529927,3902.1893148876266
22021.81565872169,0.46815641767304556,9778.214445900645,3902.5604189567694
22024.49703538775,0.5403602053271014,9779.604915289732,3903.0770987519854
22028.09173949086,0.5879223742334162,9781.469004801023,3903.7697686600022
22033.037999864286,0.5739352173037984,9784.033964828537,3904.7228709104784
22036.496237264437,0.507346893782937,9785.827287514114,3905.3892428215663
22039.954474664588,0.3793738827278741,9787.620610239508,3906.0556139225355
22041.187619228975,0.3115590269982536,9788.260076519122,3906.293229542433
22042.42076379336,0.22393618517703565,9788.8995428038,3906.530845059369
22042.898022524074,0.18161199352379537,9789.147032739567,3906.6228083613287
22043.375281254786,0.13134599115318496,9789.394522676093,3906.714771647868
22043.59099563339,0.10459138360843202,9789.50638472188,3906.7563377827937
22043.7833296734,0.07737488152916452,9789.606122529613,3906.7933987433867
22043.901466285228,0.058375031653076094,9789.66738410706,3906.816162556161
22043.998854893987,0.04094945236455372,9789.717886484861,3906.8349284233877
22044.06157070433,0.029013809256014534,9789.750408743776,3906.8470131687377
22044.10466806305,0.021362704431434325,9789.77275754947,3906.8553176232745
22044.14157411321,0.017295469824646074,9789.791895755818,3906.8624290709467
22044.168645436654,0.017572936135488226,9789.80593401166,3906.867645459509
22044.195716760096,0.02059639115109417,9789.819972267502,3906.8728618480213
22044.224570361825,0.02542150363656312,9789.834934751476,3906.8784216646823
22044.25249586749,0.03065309284091975,9789.849415956804,3906.8838026459407
22044.304232282702,0.04050646988873243,9789.876244679646,3906.8937717644963
22044.3864918741,0.055371892192439966,9789.918901670291,3906.909622410436
22044.485588244817,0.07172076174806556,9789.970289634775,3906.9287173440407
22044.627090034497,0.09270507408619978,9790.043667588936,3906.955983399752
22044.83979671938,0.12053200516083325,9790.153969949255,3906.9969699623416
22045.152569960115,0.15601768248193346,9790.31616337902,3907.057238396461
22045.606290649892,0.20002133323735222,9790.551447301772,3907.144666054131
22046.26108622745,0.2534580416581655,9790.891001737147,3907.2708389039567
22047.2027744133,0.3167590619385129,9791.37932880111,3907.4522931666593
22048.549577469523,0.38893940757893664,9792.077734490897,3907.71180906698
22050.457754983778,0.4660690163826919,9793.067249654849,3908.079496176328
22053.116137745772,0.5386072905882423,9794.44579545231,3908.5917400752965
22056.685841894017,0.5872033754621941,9796.296921189465,3909.2795857831425
22061.57908488982,0.5758214218159006,9798.834388698542,3910.2224625751014
22065.05366700028,0.5112028674723961,9800.636187517168,3910.891977256798
22068.52824911074,0.38559724327619155,9802.43798637586,3911.561491122993
22069.815840799176,0.3160934256300886,9803.10568718024,3911.8095957130167
22071.103432487613,0.22554299506483053,9803.773387990117,3912.0577001911006
22071.582518628766,0.18330275186554928,9804.021825603631,3912.150014689002
22072.06160476992,0.133195651085894,9804.270263217908,3912.2423291714085
22072.28244267939,0.1060090144263893,9804.38478217135,3912.2848821343473
22072.47889525931,0.07838492151656458,9804.48665573073,3912.3227363178153
22072.598227609604,0.05930062406212444,9804.548537388331,3912.3457303066616
22072.696616032383,0.04178313991231133,9804.59955824462,3912.3646886377783
22072.761222993715,0.029499907250077725,9804.633061195453,3912.377137664766
22072.80516971794,0.02163204033427158,9804.65585045703,3912.3856056987697
22072.84221646852,0.017376743776759362,9804.6750616293,3912.392744186217
22072.87057799032,0.017553955255848113,9804.68976894027,3912.398209128806
22072.89893951212,0.02074515084575758,9804.704476251243,3912.4036740713404
22072.9282322303,0.0256846091625482,9804.719666448676,3912.4093184447647
22072.95606545183,0.030911581959335077,9804.734099801284,3912.4146815897407
22073.009616890882,0.041101099265226676,9804.761869738075,3912.4250003423476
22073.09202667404,0.0559459695635693,9804.804604620851,3912.440879768925
22073.192316561133,0.07242914691919217,9804.856611511379,3912.46020448726
22073.33613928431,0.09366099285981948,9804.93119303542,3912.487917485822
22073.552146583592,0.12177073984789868,9805.043207001276,3912.5295396263623
22073.869572069238,0.1575733121607792,9805.207812955283,3912.5907038878686
22074.329880247707,0.20192923704747573,9805.446512966688,3912.6793999984193
22074.99410133099,0.2557493417110047,9805.790955208084,3912.8073877635443
22075.949183650904,0.319428917113139,9806.28622809985,3912.991421092282
22077.314758209704,0.3919019678262178,9806.994368174875,3913.254551426015
22079.24859369119,0.46907803277581883,9807.997188862006,3913.6271788145586
22081.940248435716,0.5411205849088218,9809.392988621683,3914.1458286562315
22085.54597270316,0.5882012997996227,9811.262793498192,3914.840608052992
22090.51572075584,0.5730091554814939,9813.839934374502,3915.798216876808
22093.992252913795,0.5048138831838908,9815.642744754143,3916.468100524595
22097.06648822506,0.3932963638263793,9817.236937815678,3917.06046599482
22098.516768936854,0.31611002164524177,9817.9890036946,3917.339916150579
22099.72231212197,0.23221920327910195,9818.614157084146,3917.5722084728836
22100.276646113383,0.18397653246919635,9818.901615700226,3917.6790213122736
22100.756027681047,0.1339824074350853,9819.150206558092,3917.7713917927795
22100.988802046624,0.10533371724869671,9819.27091536974,3917.816244325236
22101.178930344842,0.07856454281341649,9819.36950939195,3917.8528795235134
22101.298838117487,0.05940404331437029,9819.43168945521,3917.8759841577485
22101.397315291888,0.041880756883885734,9819.482756344398,3917.894959399787
22101.462167584094,0.029552598686899356,9819.516386521558,3917.9074555737857
22101.50619417249,0.021663393212719855,9819.539217202135,3917.9159389115366
22101.543250649058,0.01738713694800112,9819.558433421491,3917.923079201384
22101.571807762353,0.01755447464290699,9819.573242162205,3917.9285817769846
22101.60036487565,0.020775408066519153,9819.588050902923,3917.93408435253
22101.629803176467,0.02574825430850604,9819.603316597308,3917.939756721122
22101.657637067943,0.03097832642336697,9819.61775029997,3917.945119941343
22101.711651457863,0.04125327469744043,9819.645760312313,3917.955527794818
22101.79410872683,0.05609434609069639,9819.688519827434,3917.971416211852
22101.89470735447,0.07261207610916626,9819.740686829762,3917.990800226359
22102.039131961283,0.09390781313460694,9819.815580483708,3918.018628921636
22102.255993326107,0.12209029282627294,9819.928037359225,3918.0604152113233
22102.574622094548,0.15797425840237034,9820.09326732464,3918.1218107152495
22103.036634863485,0.2024206303808905,9820.332851322019,3918.210834387032
22103.703294519797,0.25633892247708334,9820.678558186988,3918.33929074739
22104.661840831322,0.3201149040919821,9821.17562747694,3918.5239896928006
22106.03226690453,0.39266129319809634,9821.886283510981,3918.788052205498
22107.972725923395,0.469845607365821,9822.892539121609,3919.161952117471
22110.672946601197,0.5417539739614445,9824.29278113688,3919.68224728792
22114.28782968327,0.5884342812020205,9826.167335803915,3920.3787844829253
22119.276963736233,0.5722380454910638,9828.754530069178,3921.340119094437
22122.77254743352,0.5025917975575581,9830.567220256187,3922.013666966386
22125.79944309304,0.39176396770106564,9832.136864884402,3922.59690484277
22127.249043757183,0.31415123871287054,9832.888578251446,3922.876221161719
22128.43525104434,0.2311956465918361,9833.503704819312,3923.104785420141
22128.989822291576,0.18274206775703825,9833.791286520698,3923.21164290517
22129.4614565718,0.13337755400069326,9834.035859945407,3923.3025196757917
22129.694110083252,0.10466045876037777,9834.156506108291,3923.347348472356
22129.881602732403,0.07819039573651299,9834.25373339095,3923.383475454315
22130.00112695367,0.05905081447032743,9834.31571456893,3923.406505952705
22130.09921439504,0.041563780809078146,9834.36657936521,3923.425405909141
22130.163312929988,0.029373655191324566,9834.399818675749,3923.437756720489
22130.20704344494,0.021561077289647727,9834.422495826924,3923.446182924466
22130.24406364935,0.01735395241677719,9834.441693240286,3923.4533161537365
22130.272017293417,0.017554918755092373,9834.45618904518,3923.4587023949257
22130.299970937485,0.020686787903483585,9834.470684850077,3923.4640886360626
22130.329028531523,0.025570059636118875,9834.485753125718,3923.469687591476
22130.356882631222,0.030795482139215524,9834.500197310312,3923.475054651824
22130.409624435586,0.04083525311874407,9834.527547408374,3923.485217193279
22130.491960366475,0.05568816392634266,9834.570244009523,3923.501082071269
22130.591714356426,0.07211110375135281,9834.621973021129,3923.520303142949
22130.73449379871,0.09323178902968253,9834.696013562625,3923.54781456159
22130.949018867464,0.1212146685280575,9834.807258935341,3923.5891502645018
22131.264355245126,0.15687502205308604,9834.970781609532,3923.6499107606865
22131.721704091462,0.20107263277848197,9835.207947099696,3923.73803487532
22132.381690198894,0.25472022273238065,9835.550193353249,3923.865204060368
22133.330753540817,0.3182290920553146,9836.04234518972,3924.048073936834
22134.68789122004,0.390569357573387,9836.746110446014,3924.3095733427535
22136.61019194194,0.4677221242313231,9837.74294996718,3924.6799706999905
22139.286884019373,0.5399829490992691,9839.13099110837,3925.1957270885223
22142.876412809783,0.5877362268942153,9840.992398245815,3925.8873719745666
22147.812140320035,0.5742430565164,9843.551898169348,3926.8384064496795
22151.26538363717,0.5082337630354944,9845.342632407195,3927.503789343761
22154.7186269543,0.3812545217572671,9847.13336668425,3928.1691714391054
22155.96923680199,0.31286054829110754,9847.781890332657,3928.4101427939536
22157.219846649677,0.2242417760003966,9848.430413986205,3928.6511140440884
22157.696780940732,0.1819989936284012,9848.67773585977,3928.743011143787
22158.173715231787,0.1318571603533218,9848.925057734084,3928.834908228259
22158.39090788356,0.10497460973025655,9849.037686443842,3928.8767575342
22158.584326584634,0.07765202662957187,9849.137986792844,3928.914026004162
22158.702793422315,0.058628667596323326,9849.199419659008,3928.9368525329205
22158.800453241285,0.041178280295669493,9849.250062714142,3928.955669905159
22158.86366646507,0.029150941141193456,9849.282842938526,3928.967850008928
22158.90701416607,0.02143668176180104,9849.305321579555,3928.9762023671046
22158.943968548694,0.017316465606871258,9849.324484863479,3928.983322842434
22158.97132670885,0.01756362150241727,9849.33867187334,3928.9885942903234
22158.998684869002,0.020618164162050423,9849.352858883205,3928.993865738162
22159.027558153877,0.025451956303301236,9849.367831585138,3928.999429124472
22159.055463025463,0.030681144936700672,9849.382302100932,3929.004805914113
22159.107400565634,0.040571815536492514,9849.409235139961,3929.014813386223
22159.189674276884,0.055434507887500095,9849.4518994839,3929.030666117192
22159.288901162494,0.07179801924125197,9849.503355166567,3929.049785433058
22159.43065621087,0.09280926936746207,9849.576864505761,3929.0770991939944
22159.643723641035,0.12066697342452674,9849.687354017015,3929.118153622454
22159.957005107684,0.1561869693851015,9849.84981111412,3929.178517566275
22160.411444393707,0.20022845454202287,9850.085467848581,3929.2660801794336
22161.067266934297,0.2537058713656158,9850.425555080468,3929.3924458483284
22162.010412379812,0.31704619758093233,9850.914638186956,3929.574173624702
22163.359253537794,0.38925499881285763,9851.614101277863,3929.8340718280383
22165.270207618338,0.46638368203099695,9852.605056998367,3930.202279194927
22167.93216785969,0.5388576539520896,9853.985458962998,3930.7151918824975
22171.505668983136,0.5872713719632033,9855.838555035627,3931.403741641293
22176.40744237915,0.5754435048710124,9858.380447974454,3932.348224324002
22179.8701532819,0.5107152743408073,9860.176092104559,3933.015424840101
22183.33286418465,0.3853084053060258,9861.971736273965,3933.6826245553193
22184.619177098146,0.31581031065619297,9862.638774436458,3933.9304728243246
22185.905490011643,0.22527086780589806,9863.30581260437,3934.178320982862
22186.383517976727,0.18308901138168618,9863.553701665012,3934.2704278982324
22186.86154594181,0.13305900797508613,9863.801590726402,3934.362534798349
22187.08207925259,0.10589475624824855,9863.915951808865,3934.4050273691896
22187.278169422654,0.07830824402094375,9864.01763750913,3934.4428102093966
22187.397413451483,0.059230063058630905,9864.07947341137,3934.4657862608697
22187.495724599863,0.04171981381861967,9864.130454233002,3934.4847289445634
22187.560180701064,0.029464258107224826,9864.163878977339,3934.4971484058638
22187.604068709454,0.02161164055748712,9864.186637807505,3934.5056047878256
22187.641108627762,0.017370107809115243,9864.205845450806,3934.5127416733703
22187.669347715288,0.017553943619095336,9864.220489282252,3934.5181828066798
22187.697586802813,0.020726886057543508,9864.2351331137,3934.523623939936
22187.72679930205,0.025647538850128795,9864.250281723396,3934.5292526309963
22187.754636494177,0.03087347876838062,9864.264717145548,3934.5346163265726
22187.80792284053,0.041013962315275224,9864.292349634532,3934.544883588259
22187.890307440917,0.05586123838346688,9864.335071489555,3934.5607575276285
22187.990421557533,0.07232459975964467,9864.386987269423,3934.580047605622
22188.13390173423,0.09351984999733903,9864.461391214903,3934.6076934938924
22188.34942265283,0.12158779659313208,9864.573153041976,3934.6492202539116
22188.66616232097,0.15734335822888876,9864.737403474397,3934.7102499259277
22189.125498217472,0.2016466821953866,9864.975599467516,3934.7987551501255
22189.788326832524,0.25540904211994614,9865.319319873413,3934.9264694964827
22190.741428148867,0.3190306631342555,9865.81356584522,3935.1101137671194
22192.104221947127,0.391456857496925,9866.52026442864,3935.3726977846477
22194.03424680779,0.4686197389180323,9867.521109788308,3935.7445760494265
22196.720935957517,0.5407246326702011,9868.914335576404,3936.2622483970717
22200.321205698634,0.58801089087919,9870.781313282932,3936.9559490664296
22205.27986693605,0.5733489498770444,9873.35270678953,3937.9113834572818
22208.746801455025,0.5058939553142845,9875.150541471072,3938.579391108143
22211.844628828792,0.39405853582239014,9876.756969736356,3939.1762786545746
22213.29541028926,0.31708143380564924,9877.509295833665,3939.455814148722
22214.510564521173,0.23273474832569502,9878.139433641118,3939.6899490556566
22215.064865757562,0.1845912133345788,9878.426875480633,3939.796751324304
22215.54810340543,0.1342869272905716,9878.677466151841,3939.8898611073055
22215.78096134514,0.10567000796421203,9878.798218389997,3939.934727954189
22215.972408624115,0.07875204967014753,9878.897496462645,3939.9716158315496
22216.092508641348,0.05958129461143872,9878.959776262658,3939.994756585975
22216.191182980958,0.042039783918487096,9879.010945432183,3940.0137690609718
22216.256425444746,0.029640408232975902,9879.044777963565,3940.026339914563
22216.300591415606,0.02171476708767412,9879.06768093977,3940.034849770118
22216.337659906094,0.017404668876842333,9879.086903403111,3940.041992090078
22216.366559002345,0.017556560619567868,9879.10188949537,3940.0475603392015
22216.395458098596,0.020831113389949692,9879.116875587633,3940.053128588268
22216.42520250847,0.025872318989629235,9879.132300030908,3940.0588597114647
22216.453064870424,0.03111343066812717,9879.146748507892,3940.064228203493
22216.508010621998,0.041559852192084086,9879.175241513205,3940.074815095788
22216.590574629183,0.05639502839827399,9879.218056410247,3940.0907234454917
22216.691799146516,0.07298253243130404,9879.270548015706,3940.1102272828675
22216.837446109646,0.0944076064593511,9879.346075596693,3940.1382903908657
22217.05603953652,0.1227369554599237,9879.459430742698,3940.1804087462947
22217.37710792082,0.15878510867011067,9879.625925930415,3940.242271864778
22217.842577410982,0.20341380030194764,9879.867302640558,3940.331958024229
22218.51418137254,0.2575295534960749,9880.21557370615,3940.461361925945
22219.479748698464,0.32149844898116503,9880.716284217824,3940.647406308012
22220.860002706366,0.39418944370581127,9881.43203720271,3940.913351926814
22222.81386631845,0.4713838791448705,9882.445244713123,3941.2898197112304
22225.531384749484,0.5430095608029157,9883.85445777561,3941.8134270457704
22229.16458128868,0.5888624661559307,9885.738510544266,3942.513465083917
22234.192507153188,0.5705983826142146,9888.34582281084,3943.4822357138287
22237.725651141984,0.49797691752732137,9890.17799181205,3944.162993777376
22240.65575289517,0.3886621969917997,9891.69744353227,3944.7275584200156
22242.104738443388,0.3101382866352808,9892.448838466487,3945.006745103564
22243.25124653187,0.22914834861146346,9893.043378817703,3945.227651135472
22243.806791190804,0.18022134771684759,9893.331465506077,3945.3346919242836
22244.26256624271,0.1321638628202992,9893.56781504819,3945.422509369367
22244.49509603829,0.10329263988933562,9893.688397143684,3945.46731254595
22244.677242437487,0.077434533599832,9893.782852112243,3945.5024079911755
22244.795995302873,0.05833708737977407,9893.844433336062,3945.5252889511344
22244.893307872768,0.04092210565663374,9893.894896347054,3945.544038856032
22244.955977102476,0.028995125711029277,9893.927394492282,3945.556113781871
22244.999033436845,0.02135379247659984,9893.949722052625,3945.5644097516365
22245.035934823834,0.017292980410893142,9893.968857865206,3945.5715198038756
22245.062973792843,0.017574342815661257,9893.982879361025,3945.5767295939595
22245.09001276185,0.020594601962647213,9893.996900856848,3945.581939383995
22245.118867759953,0.02541948938085437,9894.011864084006,3945.58749908119
22245.14679561457,0.03065137480261584,9894.02634652588,3945.592880139019
22245.198519329195,0.04050230205638714,9894.053168696826,3945.602846113832
22245.280778593315,0.05536783857540274,9894.09582557213,3945.6186955890958
22245.37986735354,0.07171567809031759,9894.147209655574,3945.637787722022
22245.521354029963,0.09269809353632515,9894.220579866043,3945.6650489604867
22245.734039272404,0.12052271504264563,9894.330871247634,3945.7060285276443
22246.04678155633,0.15600546963816855,9894.493048830978,3945.7662867859067
22246.500457060483,0.20000531857662265,9894.728309621874,3945.853699628662
22247.15518571663,0.253436960288135,9895.067829786825,3945.979850768892
22248.09677451457,0.3167311800591253,9895.556105933883,3946.1612732050753
22249.443429468814,0.3889023359026822,9896.254435712908,3946.420742441299
22251.35138479266,0.4660194341590936,9897.243836917047,3946.7883610593344
22254.009428263857,0.5385405813129825,9898.62220852557,3947.300503816244
22257.578577463722,0.5871136094184333,9900.473048842152,3947.9881945828383
22262.471400496484,0.5756965301165187,9903.01030180188,3948.930924666723
22265.94400596792,0.5110833382834907,9904.811077894175,3949.6000118003644
22269.416611439352,0.3855256177156659,9906.611854025632,3950.2690981352716
22270.703930147814,0.31602916529247066,9907.279414120607,3950.517132834022
22271.991248856277,0.22548681182671468,9907.94697422096,3950.765167423055
22272.47013625846,0.1832586517270861,9908.195309090892,3950.857437195236
22272.949023660643,0.13316684007437168,9908.443643961567,3950.9497069522354
22273.16979995148,0.1059851979335421,9908.558131107196,3950.9922450774097
22273.366182409514,0.0783685999812328,9908.659968433189,3951.030083112244
22273.48549518146,0.05928598666706395,9908.721840016757,3951.0530717265096
22273.58386773128,0.0417701537966127,9908.772852706696,3951.072025678217
22273.648444284794,0.029492595030625377,9908.806339931634,3951.084467978887
22273.69237894721,0.021627915884446097,9908.829122967321,3951.092933098805
22273.729424644247,0.01737542398606414,9908.848333617672,3951.100070885834
22273.757760695797,0.01755395978431072,9908.863027739319,3951.105530540129
22273.786096747346,0.020741278996653206,9908.877721860967,3951.1109901943705
22273.815372054658,0.025676629265062163,9908.892903049013,3951.116630819843
22273.843206285474,0.030903369093352787,9908.90733694334,3951.1219937855717
22273.896700640744,0.041082249104004674,9908.935077313696,3951.1323008205272
22273.97910537652,0.055927574489951865,9908.97780963337,3951.1481781681096
22274.079357807983,0.07240637857108637,9909.029797166755,3951.1674943231264
22274.223107251015,0.0936301487810135,9909.104340784952,3951.195191271403
22274.439010575126,0.12173054819875871,9909.216300975115,3951.2367904783637
22274.756288797802,0.1575223111325993,9909.38083077266,3951.2979221042665
22275.21638696797,0.20186565204539267,9909.619422184114,3951.38657157168
22275.88030525548,0.2556711279241333,9909.963707843426,3951.514492078756
22276.83495297256,0.319334459116967,9910.45875599398,3951.6984288498984
22278.199909607734,0.3917910146139883,9911.1665765341,3951.961421796654
22280.132880673424,0.4689534008743219,9912.168950237858,3952.3338566825987
22282.823363225558,0.5409911738579801,9913.564143910193,3952.8522445597055
22286.427630594604,0.5880865991148717,9915.433195661386,3953.5466948880767
22291.39504841864,0.5729543710552826,9918.009131428882,3954.503788109466
22294.8696612191,0.5048519013889028,9919.81094878025,3955.1732553583033
22297.945782107938,0.39331603671663096,9921.40612165966,3955.765942945236
22299.3957440265,0.3161668021945233,9922.158023176187,3956.045312253264
22300.602073328955,0.2322385181774708,9922.783585011883,3956.277739894838
22301.15626584627,0.18401539793809765,9923.070970628447,3956.3845180528965
22301.63596362881,0.13399508175096891,9923.319725779656,3956.4769430405536
22301.868696185018,0.10535440351283876,9923.440413063288,3956.521784400661
22302.058926238766,0.07857345716074532,9923.539059977398,3956.5584366587914
22302.178840694014,0.05941316446062013,9923.601243584802,3956.581540975103
22302.277328278065,0.04188908830729103,9923.652315936773,3956.600516904276
22302.342201483858,0.029557216468967754,9923.685957001619,3956.613016239454
22302.386235442795,0.021666149797422866,9923.708791533232,3956.6215004078394
22302.423292976986,0.01738809421633186,9923.728008325375,3956.6286404053158
22302.451867334195,0.01755457511027865,9923.742826026964,3956.6341459210093
22302.480441691405,0.020778105935923923,9923.757643728557,3956.6396514366493
22302.50989376858,0.025754018842071482,9923.772916586233,3956.6453260654334
22302.53772861857,0.03098449292235257,9923.787350804234,3956.6506890976725
22302.591785694985,0.041267219273771354,9923.81538298784,3956.6611044525107
22302.674248067495,0.05610791789801478,9923.858145203652,3956.67699274887
22302.77487572953,0.07262872143940427,9923.910327328324,3956.6963810106613
22302.919356683593,0.09393015194710526,9923.985250296926,3956.724218628937
22303.13629801683,0.12211896307902859,9924.09774878382,3956.7660174230286
22303.45503869661,0.15800967396080093,9924.263036991983,3956.8274302235386
22303.917208637486,0.20246298347798503,9924.502702796899,3956.9164779930425
22304.584090840133,0.2563878635514486,9924.84852550476,3957.0449683078236
22305.542948904007,0.320168480642673,9925.345757088491,3957.2297144888867
22306.913802581712,0.3927143633144015,9926.05663576372,3957.4938410476216
22308.854825062535,0.46988709770916104,9927.063184840727,3957.867823556435
22311.555721299963,0.5417623211272287,9928.463778950822,3958.3882127628176
22315.171126506746,0.5883719888106138,9930.33860674602,3959.084802208473
22320.162093068688,0.5720209568129744,9932.926754560953,3960.046423192452
22323.65986242335,0.5021561863633599,9934.740580448037,3960.7203454647583
22326.678540956127,0.39145930510334925,9936.305965933296,3961.301959694839
22328.127716045834,0.31379073328719126,9937.057459561362,3961.581174656411
22329.31057812027,0.23099860816283568,9937.670852191008,3961.8090785463414
22329.865077225797,0.18251800476338068,9937.958396845339,3961.9159147264295
22330.335373531452,0.13326222031512688,9938.20227675015,3962.006527410036
22330.567964780326,0.10453793755933447,9938.322890778109,3962.051341103999
22330.75499792542,0.0781199480908918,9938.419879900142,3962.087377049311
22330.87444768741,0.05898497739595389,9938.481822544305,3962.110391605703
22330.972463225764,0.04150480067203802,9938.532650118324,3962.129276398888
22331.036425574246,0.029339768007545,9938.5658188491,3962.141600115204
22331.080098289367,0.02154209500601345,9938.588466055855,3962.1500145989553
22331.117110293257,0.01734806494639519,9938.607659240944,3962.157145753961
22331.14496300961,0.017555705269465198,9938.622102726413,3962.1625121760558
22331.172815725964,0.020673519274080846,9938.636546211883,3962.1678785980994
22331.2018291127,0.02554563121798928,9938.651591582127,3962.173468648084
22331.229691601664,0.030771402209147876,9938.666040135353,3962.1788369529263
22331.282264766003,0.04077985055606648,9938.693302816884,3962.188966298125
22331.36458724267,0.055634613822009515,9938.73599249504,3962.204827484626
22331.464230704198,0.07204494175866805,9938.787664255628,3962.2240259288633
22331.60679490232,0.09314238631855443,9938.861593272208,3962.251493969944
22331.821013945726,0.12109857052030973,9938.972680090901,3962.29276784658
22332.135918241158,0.15672867209085573,9939.135978908194,3962.3534408832093
22332.5926538667,0.20089208872294514,9939.372826702043,3962.4414407424943
22333.25176025044,0.2545015187680794,9939.714617192454,3962.5684316202064
22334.19956908957,0.3179708823859425,9940.206119107093,3962.7510471225364
22335.554939638856,0.3902766047872906,9940.908968877306,3963.0121879413846
22337.47480480192,0.4674126541413204,9941.904546657235,3963.3820903866485
22340.148286318865,0.5396987510679938,9943.290924660498,3963.8971924855573
22343.734146924966,0.5875590887379587,9945.150431947983,3964.5880827497886
22348.662848524727,0.5743582455387931,9947.706291695931,3965.5376977456685
22352.113827598747,0.508663517229403,9949.495854029366,3966.2025983752073
22355.564806672766,0.3821937179312031,9951.285416401119,3966.8674982225
22356.824275027455,0.3135131583177249,9951.938534591796,3967.1101596894405
22358.083743382143,0.2243950110791063,9952.591652787578,3967.3528210522345
22358.56052170114,0.18219387995474004,9952.83889409063,3967.444681750429
22359.037300020136,0.1321148757446578,9953.086135394413,3967.536542433701
22359.25524267909,0.10516790773712685,9953.199153174623,3967.578533351489
22359.449213094445,0.07779165418323244,9953.299739750484,3967.6159055448547
22359.56784577619,0.05875677936893124,9953.361258695173,3967.6387624494882
22359.665643503053,0.041293906417002174,9953.411973328484,3967.6576050921817
22359.729114952155,0.02921914212047332,9953.444887501153,3967.6698341065176
22359.77258379379,0.02147414834612815,9953.467428989965,3967.6782092277
22359.809560382724,0.01732749162780083,9953.48660381346,3967.6853334895236
22359.837082296926,0.01756010337440487,9953.50087575856,3967.6906361235997
22359.86460421113,0.0206344372313789,9953.515147703662,3967.6959387576267
22359.893509849746,0.025477866911895897,9953.530137202013,3967.7015079931202
22359.921401122163,0.030705730664029013,9953.544600683948,3967.7068817911136
22359.973512614753,0.04062858764431173,9953.571623962795,3967.7169220870996
22360.055799378413,0.05548896096810971,9953.614295128982,3967.7327762375553
22360.155140211078,0.07186515977969689,9953.665809965558,3967.751916186541
22360.297116248963,0.09289975691849449,9953.739433995059,3967.779270638259
22360.510498394688,0.12078404762727549,9953.850086846365,3967.820382866324
22360.824222837546,0.15633351826680836,9954.012773860622,3967.8808279876466
22361.279287825895,0.20040721505045392,9954.24875536002,3967.9685051051138
22361.936003413743,0.2539188020633522,9954.589306124417,3968.0950341071466
22362.88041386327,0.31729116263789303,9955.07904583524,3968.276993057592
22364.23101962437,0.3895210105308144,9955.779424870558,3968.5372132942907
22366.14436726809,0.4666425699617689,9956.771623059758,3968.9058563982926
22368.80938426565,0.5390499370815937,9958.153611892441,3969.4193226132666
22372.38602728896,0.5872876472571652,9960.008339579648,3970.1084301898804
22377.29525079667,0.5750397274442347,9962.554099092757,3971.0542831052676
22380.75014822198,0.5101156052620297,9964.345693670004,3971.7199321939847
22384.205045647293,0.38464537939280624,9966.13728828554,3972.385580500849
22385.48632045969,0.31528598523174595,9966.801714694182,3972.6324410058182
22386.76759527209,0.22498610475371492,9967.466141108087,3972.879301403302
22387.244878884994,0.18283175337316374,9967.713644483627,3972.971258558826
22387.7221624979,0.13283384123438577,9967.961147859898,3973.063215699437
22387.94211595815,0.10571681426406326,9968.075208394723,3973.105593623861
22388.13767505586,0.07818391387817654,9968.176618826175,3973.1432715402193
22388.25677272222,0.059116220750492506,9968.238378907316,3973.1662178092724
22388.35495977361,0.04161758296688856,9968.289295440363,3973.185135278308
22388.41917491785,0.029406280229513256,9968.322595274394,3973.1975074592838
22388.46296617757,0.021578710192651823,9968.345303962484,3973.2059446182566
22388.499993715883,0.017359583009390573,9968.364505210036,3973.213078626843
22388.52804388794,0.017554443403834913,9968.379051094593,3973.2184829873604
22388.55609406,0.02069989830917891,9968.393596979151,3973.2238873478263
22388.585199112946,0.025594754132389146,9968.40868988979,3973.229494949649
22388.61304701839,0.030820141915611974,9968.423130885627,3973.234860339779
22388.665961289047,0.04089171901533689,9968.450570463228,3973.2450552071173
22388.74831270786,0.055742690527337484,9968.493275165003,3973.26092165978
22388.848181099955,0.07217827625074602,9968.545063585469,3973.2801630655695
22388.991182681755,0.0933222790352403,9968.61921944095,3973.307714839386
22389.206023640243,0.12133160603356856,9968.730628803602,3973.349107732111
22389.52180429891,0.15702116085684426,9968.894382131763,3973.40994842954
22389.979780541147,0.2012505255004319,9969.131873352346,3973.498185595297
22390.640661422156,0.2549314776447511,9969.4745841595,3973.6255158788017
22391.59099073265,0.31847096816937737,9969.967393281448,3973.80861342466
22392.949891188615,0.3908298360790839,9970.672073793668,3974.0704292376004
22394.874575641425,0.4679712901531904,9971.670151050816,3974.4412529734545
22397.554291808967,0.5401584222656436,9973.059762629251,3974.957546219421
22401.146845061587,0.587724343023884,9974.922741161501,3975.649712437712
22406.089938852983,0.5737890271606682,9977.486065129517,3976.6020817810077
22409.546023570594,0.5072796494271886,9979.278275715744,3977.267953112542
22413.002108288205,0.3794496419595695,9981.070486340168,3977.933823663858
22414.23645819461,0.3115975038630667,9981.710579170422,3978.171640924286
22415.470808101014,0.22390221893436718,9982.350672005548,3978.409458085234
22415.94784241274,0.18159802593225602,9982.59804614563,3978.501366313368
22416.424876724468,0.1313586221530734,9982.845420286438,3978.5932745266464
22416.640653699644,0.10459865386791534,9982.957315055099,3978.6348473725398
22416.83301023728,0.0773808284121589,9983.057064763281,3978.671907898281
22416.951153238224,0.058381107426838164,9983.118329797599,3978.694670012588
22417.048548662027,0.040955240955877756,9983.168835827899,3978.7134347779224
22417.11127802073,0.029017291172479486,9983.20136518882,3978.7255205784427
22417.154381867276,0.021364675786321365,9983.2237174113,3978.7338252143018
22417.191289793147,0.017296080066362227,9983.242856635214,3978.740936108226
22417.218367744186,0.01757272198334019,9983.25689836083,3978.746153102432
22417.245445695225,0.020596735778972638,9983.27094008645,3978.7513700965906
22417.274299481443,0.025421864230843583,9983.285902701185,3978.75692923334
22417.30222547606,0.03065347754011173,9983.300384194032,3978.762309616361
22417.353964768034,0.040507223545599276,9983.327214471588,3978.7722780063177
22417.436225498655,0.055372501436539885,9983.36987215304,3978.7881268320566
22417.53532461903,0.0717213666007801,9983.421261663923,3978.807219838277
22417.676831136436,0.09270566829688459,9983.494642241814,3978.8344832962853
22417.889544712518,0.12053233385905085,9983.604948434357,3978.875465912546
22418.20232633724,0.15601709789670118,9983.767146592143,3978.9357282070105
22418.65605636457,0.2000187099614922,9984.002435908786,3979.0231464144863
22419.31086111812,0.25345148786008936,9984.341995898742,3979.1493047985623
22420.25255445576,0.3167453170223491,9984.830326779222,3979.3307367093817
22421.599348536412,0.38891286386697044,9985.528729451913,3979.590217496886
22423.50747749381,0.4660200928729216,9986.518221755296,3979.957847960051
22426.165703410337,0.5385198517529289,9987.89668944839,3980.4699957714893
22429.734894587564,0.5870521115186259,9989.74755351227,3981.157654225253
22434.62845672955,0.5755519264762354,9992.285192461555,3982.100471348526
22438.097902486115,0.5109326718660347,9994.084331954473,3982.7689104418505
22441.56734824268,0.38544642480752417,9995.883471485764,3983.437348751078
22442.85442509952,0.3159519080538664,9996.550906877257,3983.6853223027
22444.141501956357,0.2254093588317143,9997.21834227403,3983.9332957464608
22444.620091280172,0.18319900987080973,9997.466522835484,3984.025502677801
22445.098680603987,0.13313033353669756,9997.714703397667,3984.11770959423
22445.31938032613,0.10595453016892864,9997.829150959506,3984.160230472609
22445.51566871471,0.07834791573095973,9997.93093961289,3984.198048164579
22445.634957110648,0.05926724370711457,9997.992798621905,3984.2210307342843
22445.733309227948,0.04175345690349972,9998.043800770662,3984.2399796378263
22445.79784645255,0.029483187903340747,9998.07726763667,3984.25241363156
22445.84176559077,0.021622581330693162,9998.10004264634,3984.2608752640945
22445.878809733418,0.017373705561491558,9998.11925251114,3984.2680123330606
22445.907113320718,0.01755396383397021,9998.133929813584,3984.2734654124915
22445.935416908018,0.020736389022090764,9998.14860711603,3984.2789184918697
22445.964670574722,0.025666638554596288,9998.163777098176,3984.284554617192
22445.992506062197,0.03089310411702796,9998.178211659571,3984.2899175105313
22446.04592905562,0.0410587222563646,9998.205915053642,3984.300210192199
22446.128327320857,0.05590464768850078,9998.248644063518,3984.3160853620507
22446.22853274701,0.07237803271790014,9998.300607276988,3984.3353913281
22446.372190362923,0.09359179592989644,9998.375103356237,3984.363068960418
22446.587963356396,0.12168066631826857,9998.486996080735,3984.4046406179796
22446.90505729227,0.1574592276780446,9998.651430488831,3984.465733153789
22447.364893229493,0.2017874090364723,9998.889886169576,3984.5543269002983
22448.028434351574,0.25557559589400275,9999.233976610765,3984.682167240854
22448.982542458256,0.31922033333210226,9999.72874546544,3984.8659892646924
22450.34673539629,0.3916591829548021,10000.436170732646,3985.1288196576475
22452.278645926614,0.46880940163850165,10001.437995547052,3985.50102838787
22454.967710166504,0.5408494813567363,10002.8324552174,3986.0191126312757
22458.570285260077,0.5879767336603539,10004.700631402946,3986.7131962392905
22463.534765088385,0.572944079026886,10007.2750463677,3987.6696673748943
22467.00689100913,0.5049885070990591,10009.07557602442,3988.338616310565
22470.08683763777,0.3934063985552113,10010.672734504244,3988.9320062942206
22471.53658867767,0.3163075826409647,10011.424527466372,3989.2113186307074
22472.744491372177,0.2323043869090354,10012.050905876917,3989.4440358100496
22473.298565279874,0.18410680621777822,10012.338230292267,3989.550784871254
22473.778894901192,0.1340350058524047,10012.58731335888,3989.6433261847783
22474.0116015299,0.10540392803409894,10012.70798732578,3989.688159927158
22474.20204243247,0.07859894381011343,10012.806743684083,3989.7248506643455
22474.321980989174,0.0594378202924954,10012.868939855869,3989.747958272917
22474.42049614669,0.04191133458757261,10012.920026560867,3989.766938404719
22474.485424062717,0.029569554344203008,10012.953696032426,3989.7794475495143
22474.52947776635,0.0216733855296339,10012.97654082728,3989.787935025798
22474.566537452443,0.017390555052915858,10012.995758755775,3989.7950750203167
22474.595158263546,0.017554805877617995,10013.010600562584,3989.8005891639505
22474.62377907465,0.020785472618220554,10013.025442369393,3989.8061033075314
22474.65326924613,0.025769951211818125,10013.040734997769,3989.811784943792
22474.68110625499,0.031001532356168742,10013.055170350644,3989.8171480783367
22474.735281213492,0.04130591400151913,10013.08326369383,3989.8275855354955
22474.81775677447,0.05614570713112551,10013.126032794242,3989.8434754436435
22474.918463720453,0.07267522825480928,10013.178256088466,3989.8628778466473
22475.063099134444,0.09399280120929895,10013.253259234594,3989.8907435956044
22475.280259538005,0.12219984889016573,10013.365871443806,3989.9325821519665
22475.59930821903,0.15811068288580277,10013.531319547079,3989.994050701475
22476.061913410063,0.20258589361602677,10013.77121131331,3990.0831771202165
22476.72941636897,0.2565337593178116,10014.117356292729,3990.211779518234
22477.689152547566,0.320335406440991,10014.615043766635,3990.3966840771695
22479.06122847383,0.3928939004417727,10015.326557015645,3990.661030675747
22481.00390245186,0.47005837591963157,10016.333963574883,3991.035309505201
22483.706889353543,0.5418819142691307,10017.735643323416,3991.556071091451
22487.324357600206,0.5883611472225233,10019.6115429355,3992.25301730943
22492.32028069682,0.5717015087347443,10022.202263795145,3993.2155370675305
22495.823332793,0.5013919748902057,10024.018831063744,3993.8904377758845
22498.826650556915,0.3909349252477895,10025.576252622366,3994.469058650898
22500.275434644856,0.31313909588815386,10026.327544287251,3994.7481819922377
22501.45201998567,0.2306549790276991,10026.937682660542,3994.974863310413
22502.006545734064,0.18211029951184188,10027.22524143603,3995.0816983921386
22502.47433172996,0.1330597590475289,10027.467819835643,3995.1718221540414
22502.706861868977,0.10431578989015525,10027.588402301986,3995.216621460994
22502.89304099346,0.07799502175569516,10027.684948659953,3995.2524907689217
22503.012361171426,0.05886755739296468,10027.746824171818,3995.275479017458
22503.110248492576,0.041399445104737295,10027.797585310533,3995.294338006972
22503.173969670603,0.029278786459523542,10027.830629013439,3995.3066145406583
22503.217537137985,0.021508109380122264,10027.853221666206,3995.315008256654
22503.25453285592,0.017337667810960876,10027.872406426293,3995.3221358581395
22503.282214035255,0.017557602845787734,10027.886760973637,3995.3274689189316
22503.30989521459,0.0206523265816865,10027.901115520981,3995.332801979674
22503.338845723298,0.025508045458897913,10027.91612830071,3995.338379589578
22503.366723238647,0.030734771431794476,10027.93058466145,3995.343750476348
22503.419039293025,0.04069549827466143,10027.957714043145,3995.3538296959996
22503.501341819847,0.05555327017583634,10028.000393421245,3995.3696861140115
22503.600816871884,0.07194448148293894,10028.051977905025,3995.3888509928997
22503.743053455288,0.0930067152708508,10028.125737109818,3995.4162543139114
22503.95680647984,0.12092252445797924,10028.236582384308,3995.457436000498
22504.271053249686,0.15650708899987756,10028.399540403689,3995.517978820258
22504.726856733774,0.20061940502057415,10028.635905070874,3995.605793961928
22505.38462740855,0.254172397610114,10028.977003269074,3995.732520097652
22506.330534330482,0.3175844400674608,10029.467519433272,3995.9147585300993
22507.68323153609,0.3898423477235165,10030.16898364068,3996.175369080088
22509.599424927976,0.46696098798166763,10031.162658416315,3996.5445425636667
22512.26809897183,0.5392990198444828,10032.546544891493,3997.0586884422178
22515.848583224986,0.587344221496258,10034.403266149142,3997.748502657379
22520.76651232012,0.5746281056018276,10036.953542336792,3998.6959869421257
22524.21697273823,0.5093804620547228,10038.742837606183,3999.360748952609
22527.667433156344,0.3835614598021681,10040.532132913184,4000.0255101939542
22528.939460035257,0.31448364136915313,10041.191764232412,4000.270577053223
22530.21148691417,0.22467204168004254,10041.851395556749,4000.5156438080066
22530.688294786098,0.18251431953757002,10042.098652446444,4000.6075048571106
22531.165102658026,0.13250364457090008,10042.345909336858,4000.6993658915358
22531.384154731422,0.10546221953999076,10042.459502542444,4000.741568105244
22531.578972004674,0.07800304752796547,10042.560528377337,4000.779101279444
22531.697855399485,0.05895066085316006,10042.622177398633,4000.802005156795
22531.795862696614,0.041468687620304596,10042.673000761824,4000.820887079161
22531.85973215827,0.029320873255288156,10042.706121365525,4000.833192062761
22531.90337813481,0.021530679778411707,10042.728754734513,4000.8416008234094
22531.940384438196,0.017344600902475263,10042.747944987223,4000.8487303956667
22531.968178580773,0.01755628146421132,10042.7623581161,4000.8540851684365
22531.99597272335,0.020666059889469266,10042.77677124498,4000.859439941156
22532.024962946023,0.025532180775463098,10042.791804621693,4000.8650251486006
22532.052830762255,0.030758254826053575,10042.806255955316,4000.87039411506
22532.105311769512,0.04074954073413154,10042.833470880896,4000.8805050172423
22532.18762730795,0.05560532154777962,10042.876157013858,4000.8963637894326
22532.287210665898,0.0720087115121853,10042.927797670543,4000.9155493498924
22532.429657705914,0.0930933749175891,10043.001666024116,4000.9429929533626
22532.643710172517,0.12103481088648811,10043.112666598798,4000.984231933575
22532.958378944462,0.15664805093930828,10043.275843483094,4001.044855472822
22533.414779725583,0.20079216875291805,10043.512517930221,4001.132784843511
22534.073404734925,0.25437966146985125,10043.854059217894,4001.2596743541567
22535.020525207008,0.3178255573174372,10044.345204775092,4001.4421448331027
22536.374922158593,0.3901091806902802,10045.047550537556,4001.7030803449607
22538.293436630185,0.4672306087938962,10046.042429122588,4002.072697450705
22540.965114906692,0.5395212603054105,10047.42787373604,4002.587417171479
22544.548832373686,0.5874250145294833,10049.28627195669,4003.2778476543513
22549.47373302423,0.5743561454570266,10051.840163809713,4004.2266659483566
22552.923577664802,0.5087988106203648,10053.629140069552,4004.8913029336654
22556.373422305373,0.3825437673550694,10055.41811636687,4005.5559391522265
22557.636334259838,0.3137544762385588,10056.07302110023,4005.7992476057943
22558.899246214303,0.2244432177840718,10056.72792583861,4006.0425559566524
22559.375927341855,0.18226123538073083,10056.975117045942,4006.1343917056943
22559.852608469406,0.1322101670737888,10057.222308253988,4006.2262274401064
22560.070835007078,0.10523898428554299,10057.335473383611,4006.2682702038533
22560.26501029551,0.07784305547774083,10057.436166323834,4006.305679335215
22560.383703625634,0.05880419186326,10057.49771679456,4006.328546375517
22560.48155260062,0.04133679591135991,10057.548458065938,4006.347397614851
22560.545121344574,0.029244243795951214,10057.581422733068,4006.3596445451267
22560.58863425888,0.02148807432330926,10057.603987104287,4006.3680275897627
22560.62561879758,0.01733167366361091,10057.623166073892,4006.3751529004803
22560.6532047286,0.01755901565275359,10057.637471233591,4006.380467508548
22560.680790659615,0.020641384272830503,10057.651776393293,4006.3857821165675
22560.709712829062,0.025489389106507287,10057.666774482454,4006.39135415951
22560.737598897333,0.03071679614252958,10057.681235283504,4006.3967265908104
22560.7897884618,0.04065404506036785,10057.70829908115,4006.40678124761
22560.87208151284,0.055513369856309655,10057.750973560325,4006.4226355352453
22560.971473860434,0.07189520959210961,10057.802515174304,4006.4417841121876
22561.113549656304,0.09294018931895004,10057.876191025707,4006.4691559296857
22561.32707387713,0.1208362223988475,10057.98691768879,4006.510292744166
22561.640997897615,0.1563985252746164,10058.149708397827,4006.570772220468
22562.096344069487,0.20048593714656476,10058.385836000409,4006.658497570154
22562.7534597516,0.25401154408212556,10058.726594659962,4006.7850950817724
22563.698434588,0.31739599712249866,10059.216627646381,4006.9671504398652
22565.049822778583,0.38963136835687434,10059.91741328632,4007.227503792268
22566.96422076867,0.4667430469473232,10060.910157372158,4007.59632428825
22569.630550419308,0.5391092373071027,10062.292828604594,4008.110008630347
22573.2084349344,0.5872495493381,10064.148202370714,4008.799308746368
22578.12105036128,0.574779223344747,10066.695723952835,4009.745751140417
22581.572779069476,0.5097201581054536,10068.48567753935,4010.410744741657
22585.024507777674,0.3841305837725985,10070.275631163271,4011.075737577417
22586.301609140286,0.3148976743922644,10070.937894173514,4011.321777361824
22587.578710502898,0.22481411330760853,10071.600157188877,4011.5678170414876
22588.055661252685,0.1826661123099528,10071.847488256448,4011.6597038555065
22588.532612002473,0.13267253821046518,10072.094819324731,4011.751590654919
22588.752136135063,0.10559141938087532,10072.208657364334,4011.7938830039825
22588.94732965187,0.07809519248544758,10072.309878342008,4011.8314879437216
22589.06632197962,0.059035223949153434,10072.371583873826,4011.854412368433
22589.164421054385,0.04154486607012472,10072.422454847592,4011.8733116102153
22589.228466959463,0.029364701808140804,10072.455666960615,4011.8856503505694
22589.272187858754,0.021555296315990534,10072.478339189971,4011.8940733842364
22589.309205654557,0.017352240780554928,10072.497535408953,4011.901205033887
22589.337127977935,0.01755518878122563,10072.512015013222,4011.9065843986295
22589.365050301312,0.020682552304224517,10072.526494617494,4011.911963763322
22589.39409368328,0.025562141433542893,10072.541555566113,4011.917559105082
22589.421951224413,0.030787724745463773,10072.556001576435,4011.922925989074
22589.474638805852,0.04081724964105747,10072.583323634108,4011.9330764949013
22589.55697135557,0.05567063639785811,10072.626018603423,4011.948938240384
22589.65669072036,0.07208928987579703,10072.67772980679,4011.9681496354087
22589.799402110068,0.09320207748133261,10072.751735269187,4011.995643640983
22590.013830574073,0.12117561397179366,10072.862930862473,4012.0369542682984
22590.32902912449,0.15682473260732888,10073.026382529371,4012.0976787097006
22590.786179671588,0.2010085836880812,10073.263445863018,4012.1857508407456
22591.445876848218,0.25463907116420936,10073.605543260492,4012.312844477072
22592.394519776466,0.31812693835240247,10074.097478484653,4012.495604766632
22593.751048044942,0.39044196393605024,10074.800929722856,4012.756945885156
22595.67247041526,0.46756542225983283,10075.79731659537,4013.12711612705
22598.347905719194,0.53979415529975,10077.184709962556,4013.6425497926834
22601.935639550655,0.5875164717438078,10079.045191585072,4014.3337408184107
22606.869269137464,0.5739974354960988,10081.603610867553,4015.284222604187
22610.320740768315,0.5079795559615408,10083.393431453287,4015.9491603109304
22613.772212399166,0.3809936567405702,10085.18325207631,4016.6140972544113
22615.0210415257,0.31266244693061135,10085.830854141765,4016.8546879537607
22616.26987065223,0.22414067781540264,10086.478456212099,4017.095278553229
22616.746581994703,0.18190786584251972,10086.725663173711,4017.187118367283
22617.223293337174,0.131776249108887,10086.972870136035,4017.278958166785
22617.44028511953,0.10491116505780841,10087.085395001082,4017.3207622476034
22617.63352679672,0.07760700400045123,10087.185603835895,4017.357990800925
22617.751939004727,0.058588289958493474,10087.247008547218,4017.380803245092
22617.849555907305,0.04114226628905227,10087.297629491017,4017.3996094146355
22617.91269127557,0.02912951219894265,10087.330369435083,4017.4117726197437
22617.95600042295,0.021425164898660823,10087.352828147248,4017.4201162478525
22617.992948355823,0.017313211467768493,10087.371988140918,4017.427234370139
22618.020258086497,0.0175649553287854,10087.386150077087,4017.4324956658425
22618.04756781717,0.020613767523134343,10087.400312013258,4017.437756961498
22618.076434699637,0.025445242933457932,10087.415281437598,4017.44331824673
22618.104344601055,0.03067494115253529,10087.42975460276,4017.4486951668496
22618.156238134987,0.040557240580141346,10087.456664898013,4017.458692600334
22618.23850991376,0.05542038673330014,10087.499328360893,4017.474542486731
22618.337709280455,0.07178040423711965,10087.550769919155,4017.4936535193215
22618.479410143816,0.0927852234980883,10087.624251368346,4017.520952581801
22618.69240059678,0.12063525081675408,10087.734701275238,4017.5619857780885
22619.005571897316,0.15614588195990722,10087.897101704733,4017.6223190847886
22619.459852140746,0.2001756987687855,10088.132676633499,4017.709837403718
22620.11544196509,0.2536382982409371,10088.47264415117,4017.836138535197
22621.058246939538,0.3169598933668786,10088.961552087896,4018.017772384587
22622.40659083899,0.3891452421321022,10089.660759300728,4018.2775342719187
22624.31682013911,0.4662449884823165,10090.651341984025,4018.645544613998
22626.977723582426,0.538684097363295,10092.031199841414,4019.158173774816
22630.549650636807,0.5870581132077878,10093.883484905324,4019.846313014998
22635.449799393115,0.5751823760068017,10096.424542560091,4020.790335625085
22638.909481352868,0.5104580659848427,10098.218621063688,4021.456848750837
22642.369163312622,0.3851022208772,10100.012699604637,4022.123361111783
22643.654306373766,0.31564265930040947,10100.679133007412,4022.3709454481404
22644.93944943491,0.22515918493687984,10101.345566415339,4022.6185296790118
22645.417148773333,0.18299567276834228,10101.593285762221,4022.710558957548
22645.894848111755,0.13298768753246032,10101.841005109816,4022.802588221512
22646.115215078582,0.10583748114441842,10101.955280255243,4022.845042137148
22646.311141435956,0.07826820624447986,10102.056881295235,4022.882787542427
22646.430336989873,0.05919418261512872,10102.11869223489,4022.90575068182
22646.528609271318,0.04168794164420931,10102.169653045608,4022.9246829317385
22646.592991294594,0.029446196741777026,10102.203039470096,4022.93708619036
22646.63684918521,0.02160149873100397,10102.225782746544,4022.94553545496
22646.673886044617,0.017366901948713775,10102.244988857934,4022.952670641273
22646.702065063007,0.01755408300406754,10102.259601580903,4022.9580993560025
22646.7302440814,0.020718079653114264,10102.274214303874,4022.963528070681
22646.759420277864,0.025629988558964704,10102.289344130984,4022.9691488926105
22646.787261242076,0.030855699370455188,10102.303781550052,4022.9745124807287
22646.84042375891,0.040973081530957266,10102.331349903237,4022.9847542897983
22646.92279805544,0.05582143589710196,10102.374066535864,4023.000623775456
22647.022831211747,0.07227531541246968,10102.425940479203,4023.019895256466
22647.166153061495,0.09345306970687857,10102.500262531941,4023.0475063435924
22647.381449216726,0.12150073387197372,10102.611908120163,4023.0889833448823
22647.697870459044,0.15723280585125488,10102.775993891895,4023.149942181353
22648.156752194718,0.20150873490005136,10103.013955045688,4023.2383461484374
22648.818925763328,0.25523915567142785,10103.357336737916,4023.36591444096
22649.771086419907,0.3188251380134402,10103.851096311862,4023.5493489397654
22651.132541781797,0.39121480541406795,10104.557102823963,4023.8116342846893
22653.060692052775,0.468346672691027,10105.556978911844,4024.183093604975
22655.74483334758,0.5404388413144009,10106.948887402983,4024.7001946599876
22659.341915009503,0.587753067511781,10108.814217150226,4025.393173375978
22664.295534239714,0.5732135564292588,10111.383003297518,4026.3474880561457
22667.75863359852,0.5059419634349197,10113.178854264434,4027.014653173495
22670.859879400792,0.39408105292864026,10114.787059748967,4027.61210665635
22672.310008553144,0.31717706059574313,10115.539049702884,4027.8914731161267
22673.52658910323,0.23276410357383534,10116.169928930174,4028.125846482753
22674.080608585904,0.18465848577087776,10116.45722547208,4028.2325779057724
22674.56442079348,0.1343069638380308,10116.708114798083,4028.325783935786
22674.797193148268,0.10570576617328854,10116.828822995223,4028.3706273361336
22674.988824583193,0.07876656322516555,10116.928196845161,4028.407544969933
22675.10893412174,0.059596561806608585,10116.990481758257,4028.4306839697174
22675.207626044095,0.04205382998411396,10117.041660189925,4028.449696883389
22675.272904902195,0.029648058251679103,10117.075511689629,4028.462272798726
22675.317082659083,0.021719450201686124,10117.098420842274,4028.470783605081
22675.35415268437,0.01740636228179888,10117.11764415572,4028.4779251130426
22675.383083255216,0.01755687605211204,10117.132646611946,4028.483498562162
22675.412013826062,0.02083632511002604,10117.147649068176,4028.489072011228
22675.441789273533,0.025884243047183352,10117.163089650037,4028.494808224978
22675.469657334386,0.031126865715763192,10117.177541123032,4028.500176982324
22675.52469533051,0.04159003271281927,10117.206082043731,4028.510780003592
22675.6072718969,0.05642463163066164,10117.248903574306,4028.5266883057006
22675.708559802035,0.07301879558978254,10117.301428198649,4028.5462013299916
22675.854330116963,0.09445625630392601,10117.377019958863,4028.5742838495803
22676.073098233308,0.12279931192388692,10117.49046601281,4028.616429327179
22676.3944109387,0.15886201223996102,10117.657088367008,4028.67832992058
22676.86022357299,0.20350559144821306,10117.898643701175,4028.768068279012
22677.532313119467,0.25763531125675615,10118.247167557322,4028.8975456629223
22678.498559988235,0.3216136429432163,10118.748231869527,4029.0836921125574
22679.879744522244,0.39430240118312065,10119.464469412746,4029.3497757666396
22681.83483052505,0.4714696828116839,10120.478313671025,4029.7264206885643
22684.553803308176,0.5430199307758501,10121.888284884171,4030.250227058009
22688.1880680487,0.5887139911192576,10123.772896894405,4030.95036243055
22693.219868138385,0.5701026089378978,10126.382225549618,4031.9197293982534
22696.756626116356,0.4970199880348251,10128.21627380483,4032.6010783089296
22699.669269823735,0.38800143902392653,10129.726676621725,4033.1621923344424
22701.117270187777,0.3093603465738019,10130.477562784592,4033.4411460310275
22702.25664628838,0.22872703355992666,10131.068406389406,4033.660643931292
22702.81204881636,0.17974029511521317,10131.356420183309,4033.7676407820845
22703.264984410933,0.13191673465297593,10131.591297939183,4033.85489763047
22703.497374387473,0.10303073925417024,10131.711807868065,4033.8996669418275
22703.67855276971,0.07728323841906129,10131.80576111988,4033.9345704732686
22703.797145476048,0.05819587839064527,10131.867259463526,4033.957417040275
22703.894325215395,0.040791920166927675,10131.91765373476,4033.9761384559183
22703.956716416462,0.028916631774743455,10131.950007794689,4033.98815795283
22703.999626329525,0.021312235279294843,10131.972259488446,4033.9964244319135
22704.036498165515,0.017281745442246286,10131.99138003063,4034.0035276916315
22704.06339920221,0.017581201194217525,10132.00533003863,4034.008710103713
22704.090300238902,0.02058898753088255,10132.019280046632,4034.0138925157494
22704.11917042622,0.025415178961711825,10132.034251192492,4034.019454279281
22704.14710569113,0.030648148604505415,10132.048737517818,4034.0248359324883
22704.19880351825,0.04049405924857116,10132.075546339749,4034.0347953788864
22704.281062211114,0.055359791284643974,10132.118203038739,4034.0506422929616
22704.380136098578,0.07170556480327699,10132.169579554102,4034.0697286081
22704.52159310721,0.09268416986495776,10132.242934586073,4034.096979915253
22704.734236283308,0.12050411523390679,10132.353204463463,4034.137945041152
22705.04691762481,0.15598087040414316,10132.515350899932,4034.198182240609
22705.5005037818,0.1999727945359146,10132.750566019587,4034.285564353746
22706.155099461237,0.25339370034335057,10133.090018181434,4034.4116703699733
22707.096489568434,0.3166732338510159,10133.578192666222,4034.593026478245
22708.44284606721,0.38882409770100707,10134.27636963834,4034.8523981043777
22710.350348596014,0.46591285318954556,10135.265538817546,4035.2198726684996
22713.00768872535,0.5383940559613575,10136.643549567592,4035.7318007822537
22716.575650456543,0.5869115715081401,10138.493779298611,4036.4191565431784
22721.467675537853,0.5754068586965426,10141.030625588104,4037.3615873182157
22724.93568436517,0.5108014384893491,10142.829023061273,4038.029685640828
22728.403693192486,0.385349368558285,10144.627420571635,4038.697783201226
22729.690280604398,0.315872794801382,10145.294603311488,4038.9456387523132
22730.97686801631,0.2253543186787758,10145.961786056456,4039.193494198541
22731.45529348381,0.18315383977113459,10146.209882078067,4039.285660748771
22731.93371895131,0.13309697671993484,10146.457978100385,4039.3778272845043
22732.15434350434,0.10592764625969985,10146.57238688057,4039.4203296172495
22732.350556520512,0.07832908370287499,10146.674136624904,4039.458129174083
22732.469821851697,0.05925051188318457,10146.735983780634,4039.4811051036027
22732.568155878183,0.04173866017447474,10146.78697663659,4039.500048710758
22732.632658781164,0.029474827562695517,10146.82042576259,4039.512474904064
22732.676564051442,0.02161789646572616,10146.843193620316,4039.5209330561897
22732.713606992253,0.01737222314524884,10146.862402895216,4039.5280692114256
22732.741882050894,0.017554001914647545,10146.87706542909,4039.533516273704
22732.770157109535,0.020732107219535986,10146.891727962964,4039.5389633359327
22732.799392245066,0.025657929277372052,10146.906888361767,4039.544595352581
22732.827229300226,0.03088421231754465,10146.921323761162,4039.549958035317
22732.880590447705,0.041038271410443534,10146.948995131996,4039.560237818827
22732.96298355146,0.055884692558026645,10146.991721539443,4039.576110476938
22733.06314861233,0.07235330293676062,10147.043663910954,4039.5954068214837
22733.206727168785,0.09355825246280898,10147.11811912179,4039.623066577885
22733.4223879776,0.1216368694242668,10147.229953865104,4039.6646126501705
22733.73932277615,0.157403464023177,10147.394306035045,4039.7256686898368
22734.19893132822,0.20171753926924907,10147.632644214938,4039.814210164403
22734.862143831895,0.255489043342951,10147.976564842225,4039.941974980627
22735.815778811604,0.3191147383991342,10148.471089206874,4040.125688292543
22737.179296059607,0.39153324426007724,10149.178165310159,4040.388363403504
22739.11025471649,0.4686644362100754,10150.179498251206,4040.760353200969
22741.798011227005,0.5406922432913661,10151.573282193138,4041.2781360327717
22745.398900562956,0.5878238809205419,10153.440587437282,4041.971828614166
22750.360879880416,0.5728348458396325,10156.013710177924,4042.9277267498837
22753.831048149266,0.5049518718340239,10157.81322777747,4043.596234733645
22756.911737807855,0.39337113895037434,10159.410774333666,4044.1897112626275
22758.360997953645,0.3163080420976585,10160.162314035064,4044.468902397491
22759.56922805748,0.23228946480682694,10160.78886331351,4044.7016604622563
22760.123105753963,0.1841114248630769,10161.076086477204,4044.8083615476667
22760.603568056373,0.13402800223306297,10161.32523877894,4044.900919599377
22760.836208905257,0.1054056649435021,10161.445878843331,4044.9457363958163
22761.02668629335,0.0785961783859686,10161.544654292715,4044.9824306641585
22761.14661842211,0.05943622446458825,10161.606847238781,4045.0055348317223
22761.245132189077,0.0419101237294969,10161.657933311073,4045.024512886405
22761.310058129322,0.029568859241540492,10161.691601816305,4045.0370204581814
22761.354110637454,0.02167308662464608,10161.714446030734,4045.0455068951196
22761.391170668147,0.017390497631234438,10161.733664171175,4045.052646275431
22761.419788942298,0.017554832926268204,10161.74850468808,4045.058159404724
22761.44840721645,0.020785023378322564,10161.763345204987,4045.0636725339655
22761.477895128162,0.02576891199759905,10161.778636687977,4045.0693531933207
22761.50573262376,0.031000471459827435,10161.79307231823,4045.0747159104176
22761.559900278902,0.04130337366292641,10161.821161922733,4045.085150965734
22761.642375810035,0.05614314266036603,10161.86393108166,4045.1010393535207
22761.743078559193,0.07267194636524446,10161.916152289892,4045.12043909863
22761.88770536174,0.09398819839190993,10161.991151100156,4045.148300532563
22762.10485362451,0.12219353331810498,10162.103757208359,4045.1901327622163
22762.423884133048,0.1581019618672731,10162.269196174173,4045.2515919521556
22762.886461593127,0.20257369259596014,10162.509073974994,4045.340704534112
22763.55392156799,0.25651642177082223,10162.855197263007,4045.46928639516
22764.51359040268,0.3203103862330157,10163.352850675317,4045.654160359888
22765.885559046692,0.3928572290982442,10164.064309521664,4045.918461102624
22767.828057352224,0.47000380184436086,10165.07162672466,4046.2926704319307
22770.53074074522,0.5417995977007503,10166.473151506332,4046.8133239467097
22774.14759751062,0.5882367209683049,10168.348737265527,4047.510086003003
22779.14327926475,0.5715037463584592,10170.939337447579,4048.4724676535784
22782.64655190299,0.5010985829439996,10172.756022218497,4049.147346635209
22785.645160624834,0.3907238601509483,10174.311004506895,4049.7250053152384
22787.093390781043,0.31291366472244386,10175.062010216876,4050.0039954035024
22788.268072911847,0.23052295074473123,10175.671162699111,4050.230288530589
22788.822439019455,0.18197266435271753,10175.95863918606,4050.3370827017825
22789.289465297315,0.13298343051806294,10176.200824038699,4050.42705154233
22789.52191766952,0.10424008683184835,10176.321366385657,4050.4718316093404
22789.707830805255,0.07794927422344171,10176.417774976917,4050.507646266889
22789.827100625123,0.058825371041427925,10176.47962448141,4050.5306226290727
22789.924942333022,0.04136174434789086,10176.530362054107,4050.549471038838
22789.98857875407,0.029256813162174607,10176.563361861754,4050.5617300777903
22790.032107886414,0.021496013426638167,10176.585934674167,4050.5701156109617
22790.06909773408,0.017334057723584494,10176.60511642321,4050.577241404052
22790.096720222504,0.017558478362187237,10176.619440560089,4050.5825626515707
22790.12434271093,0.02064548076966406,10176.633764696968,4050.5878838990416
22790.153275353478,0.025496282694672315,10176.648768237774,4050.5934575369843
22790.181158717503,0.030723466792970663,10176.66322765638,4050.5988290399155
22790.233395271975,0.04066932597339757,10176.690315858765,4050.6088919864637
22790.315692470922,0.05552800102583703,10176.732992547612,4050.624745870861
22790.415116141605,0.07191317690903837,10176.784550475637,4050.643899029834
22790.55725242295,0.09296429777299006,10176.858257794209,4050.6712804236836
22790.770862811918,0.12086719685067364,10176.969029293628,4050.7124307182826
22791.084907483728,0.15643681470460027,10177.131882792484,4050.772928850934
22791.540422904927,0.20053172461128277,10177.368098487108,4050.8606801531646
22792.197778169237,0.2540644374055193,10177.708981854958,4050.987314219311
22793.14308860381,0.31745386809744436,10178.199189545721,4051.1694204246505
22794.494937145366,0.3896886307356983,10178.900214872523,4051.4298427226313
22796.409941997692,0.4667876823911188,10179.89327502249,4051.798752169762
22799.07700068304,0.5391178392857712,10181.276326209407,4052.3125380264155
22802.655462402487,0.5871812079534053,10183.132001844537,4053.0018971150116
22807.570168764378,0.5745433927368365,10185.680611217413,4053.9486706355574
22811.019751260523,0.5093711136597013,10187.469454304302,4054.6132004498127
22814.469333756668,0.3836586712924642,10189.25829742766,4055.2777295160686
22815.74257443248,0.31454667631041117,10189.918559317795,4055.523006962417
22817.01581510829,0.2246682744650938,10190.578821212897,4055.7682843069056
22817.49252106649,0.1825227410419437,10190.826025678616,4055.8601170140955
22817.969227024692,0.13252842041277846,10191.073230145032,4055.9519497070087
22818.188365051898,0.10547993300228982,10191.18686811885,4055.9941644780397
22818.38323688937,0.07801598025060713,10191.287922422725,4056.031704605369
22818.502134843835,0.05896304465691859,10191.3495791002,4056.0546091162487
22818.600155786917,0.04148008431186612,10191.400409627138,4056.0734918774197
22818.664052475102,0.029327424229129095,10191.433544406598,4056.0858009394715
22818.707709628823,0.021534449483365397,10191.456183610631,4056.0942110561764
22818.74471815081,0.01734580705218958,10191.475375046835,4056.101340379973
22818.77253109307,0.01755613584195941,10191.48979794941,4056.1066982667066
22818.800344035328,0.020668385128968573,10191.504220851988,4056.112056153392
22818.829341623783,0.025536308544411142,10191.519258074208,4056.1176422503327
22818.857208520196,0.030762345283157643,10191.53370895569,4056.1230105306495
22818.909718256753,0.040758825307126476,10191.560938826164,4056.13312600879
22818.992036846015,0.05561419035565609,10191.603626614582,4056.1489838653815
22819.091639777882,0.07201954061078335,10191.65527751047,4056.16817137791
22819.234124412706,0.09310781561312644,10191.729165486518,4056.1956196222195
22819.448230456477,0.12105317946142717,10191.840194035458,4056.236865014491
22819.76297371971,0.15667034428233198,10192.00340982911,4056.2974971573717
22820.219478028273,0.20081803373259555,10192.240138369167,4056.3854381372616
22820.878247932018,0.25440808850866925,10192.581755381612,4056.5123435338555
22821.825568190994,0.31785395009714146,10193.073005386195,4056.6948352066097
22823.180232558447,0.3901319394712009,10193.775491029184,4056.9557975066787
22825.09908431053,0.4672367096118916,10194.77054622682,4057.3254445658467
22827.7711266811,0.539490276879497,10196.156182028164,4057.8401856678533
22831.354968354965,0.5873224887476901,10198.014647850407,4058.5305746950403
22836.281203646427,0.5741061600167235,10200.569236190062,4059.47956027736
22839.73014724186,0.5084174139926796,10202.35774826657,4060.143960796387
22843.17909083729,0.38196752980721776,10204.146260379423,4060.80836056972
22844.437137830664,0.3133377978127741,10204.798643422266,4061.050708834955
22845.69518482404,0.22429558533776578,10205.451026469944,4061.2930570010153
22846.171716053723,0.18210731305441152,10205.698140368837,4061.3848551910796
22846.648247283407,0.13204261911800635,10205.945254268421,4061.4766533669163
22846.866016033302,0.1051107629041228,10206.058182197909,4061.518603968456
22847.05982719068,0.07775124642443712,10206.158686483997,4061.555939417627
22847.178410651795,0.058720672443870275,10206.220180085676,4061.5787831311686
22847.27616989354,0.04126178596772134,10206.270874911239,4061.597615302323
22847.339570967717,0.029200225634414226,10206.303752686683,4061.6098287752156
22847.38300627503,0.021463910247222558,10206.32627685207,4061.618196077286
22847.419977746693,0.017324538874525598,10206.345449078402,4061.6253181972033
22847.44745288297,0.017561078254733967,10206.359696808006,4061.6306109595544
22847.47492801925,0.0206294853894918,10206.37394453761,4061.6359037218576
22847.503823327716,0.025469752492467246,10206.388928723234,4061.6414700636024
22847.531719829676,0.030698089433421373,10206.403394959652,4061.646843996957
22847.58377744101,0.04061073473237113,10206.430390377003,4061.6568722840393
22847.66606150691,0.05547166441226748,10206.473060269924,4061.6727233420497
22847.765368326192,0.07184361390166272,10206.52455762,4061.691853632825
22847.907277506994,0.09287038831541906,10206.598147196433,4061.719190766423
22848.120564658864,0.12074539072251465,10206.708751112912,4061.76027802375
22848.43415344486,0.15628364291096636,10206.871368259071,4061.820687204183
22848.889023105286,0.2003435304278044,10207.107249162733,4061.908312467534
22849.545453734747,0.25383783464785226,10207.447653159848,4062.0347660461994
22850.489448852375,0.3171887672161629,10207.93717893514,4062.216615467071
22851.839451150074,0.38939250256313707,10208.637247096032,4062.4766772405774
22853.75192593306,0.46648308679880746,10209.628995568766,4062.8450924062295
22856.415686487642,0.5388553163271694,10211.010336918103,4063.3582333192326
22859.990510703206,0.5870567852064738,10212.864126887202,4064.046878813137
22864.897694583946,0.5747729519547836,10215.408836202374,4064.992185549584
22868.350008159297,0.5098503575385652,10217.19909614441,4065.6572290714607
22871.80232173465,0.38441072986787156,10218.989356122756,4066.322271848206
22873.082147213765,0.31510084022320056,10219.6530329054,4066.568813194576
22874.36197269288,0.22487511350901887,10220.316709693032,4066.815354438586
22874.83896076639,0.18273638821227411,10220.564060538254,4066.907239778761
22875.315948839896,0.13275649717538535,10220.811411384171,4066.9991251047195
22875.53571705634,0.10565532731987033,10220.925376192461,4067.0414604859234
22875.731102370402,0.07814062852386147,10221.02669680309,4067.0790988274875
22875.850147476394,0.059077449020059666,10221.088429809486,4067.1020312579726
22875.948292682617,0.04158311665415844,10221.1393247925,4067.1209376046136
22876.01242875992,0.029386567757126142,10221.172583722733,4067.133292552191
22876.056186637314,0.02156773480989415,10221.195275166505,4067.14172191511
22876.093210277228,0.01735618790679139,10221.214474448863,4067.1488540182177
22876.121199174177,0.01755481070295955,10221.228988600817,4067.1542457003234
22876.149188071126,0.020691430154076346,10221.243502752772,4067.15963738238
22876.1782625478,0.02557864697013093,10221.258579851856,4067.1652381866215
22876.206115778845,0.030804151430253054,10221.27302365179,4067.1706037343793
22876.25891834088,0.04085483429640172,10221.30040538144,4067.1807754327424
22876.34126136011,0.055706872034082144,10221.343105852875,4067.1966376997093
22876.441057202144,0.07213388431874089,10221.394856803281,4067.215862015949
22876.583916885487,0.09326208159343774,10221.468939292514,4067.243381996405
22876.798556290334,0.12125301731209912,10221.580244463035,4067.284729364297
22877.114051117216,0.15692115258363426,10221.743850048806,4067.3455051550386
22877.571619264672,0.2011253530844969,10221.981130341814,4067.433649429127
22878.231910710972,0.2547766577451728,10222.323536493188,4067.560845563726
22879.18139197443,0.31828250351943876,10222.81590729184,4067.743750121622
22880.539082468607,0.3906057962856842,10223.519962425094,4068.005290497697
22882.462064934483,0.46771472794589425,10224.517160015484,4068.3757263901452
22885.139449141334,0.5398826156863099,10225.90556639101,4068.8914869268683
22888.729017679296,0.5874610069864381,10227.767002610104,4069.5829662862084
22893.667600182445,0.573612372016199,10230.327994683359,4070.534312698094
22897.12071036367,0.5072279269598701,10232.118668022107,4071.1995034721062
22900.573820544894,0.3796218802022516,10233.909341397073,4071.864693502665
22901.810418267032,0.31169868937863304,10234.55060174811,4072.102905378125
22903.04701598917,0.22387041509599764,10235.191862103788,4072.3411171582816
22903.523747615138,0.1815952750323872,10235.439080005044,4072.4329522439957
22904.000479241105,0.1313951375289016,10235.68629790699,4072.524787315548
22904.216395462146,0.1046231879777318,10235.798265211784,4072.566380275417
22904.40882395144,0.07739945157996511,10235.89805252389,4072.6034486803087
22904.52698816867,0.0583989799522716,10235.959328739686,4072.6262112080612
22904.624403042875,0.04097177177282974,10236.009845004231,4072.6449766918295
22904.68716930732,0.02902725980303108,10236.042393598544,4072.657067651199
22904.73029181491,0.021370121590303753,10236.064755563499,4072.6653745415792
22904.767204106218,0.017297674990002898,10236.083897107228,4072.6724851288504
22904.794301178725,0.01757202786455077,10236.097948789746,4072.6777049645757
22904.82139825123,0.020597828894188527,10236.112000472265,4072.6829248002555
22904.850252209195,0.02542312036285713,10236.126963219871,4072.6884830729387
22904.878178146544,0.030654674233919304,10236.141444725417,4072.6938625766275
22904.92992627466,0.04050984708190419,10236.168279663674,4072.7038310600133
22905.012188831595,0.055374868811119415,10236.21093841709,4072.719677679865
22905.11129479521,0.07172409616370051,10236.262331627122,4072.7387689231095
22905.25281380221,0.0927090602443635,10236.335718896564,4072.7660303873317
22905.465545359784,0.12053615193291882,10236.44603473669,4072.80700985388
22905.77835061852,0.15602059224197648,10236.608245625188,4072.8672669764883
22906.23211082235,0.20002051040619828,10236.843551279231,4072.9546768907535
22906.886953313457,0.253449212763474,10237.18313183271,4073.0808221878965
22907.828690010167,0.3167347004797523,10237.671486627238,4073.262233178148
22909.175523757713,0.3888863558860863,10238.369911913998,4073.521679745645
22911.08365963352,0.4659645198800108,10239.359410700585,4073.8892522420424
22913.74177210859,0.5384126770678888,10240.737823599347,4074.4012956083
22917.31039281515,0.5868575205808177,10242.588397248277,4075.0887333063774
22922.204578826655,0.5751926314850921,10245.126367134844,4076.0315186689963
22925.667557312587,0.5105570583698565,10246.922158163017,4076.698604271093
22929.13053579852,0.38519672994171156,10248.717949227505,4077.36568912749
22930.41643425953,0.31573093291494975,10249.384775489209,4077.613395758176
22931.70233272054,0.22522760377794995,10250.051601755917,4077.861102286086
22932.18029018032,0.18305354472134872,10250.299455377222,4077.9531726577
22932.6582476401,0.1330309259958077,10250.54730899922,4078.0452430151176
22932.87872526479,0.1058728820362741,10250.661641722438,4078.0877142664917
22933.07476986181,0.07829193195658642,10250.763304250364,4078.1254789095624
22933.193991637185,0.05921665731321069,10250.825128892633,4078.1484449470495
22933.29228873396,0.041708398082913524,10250.876102658363,4078.167380202149
22933.356720296928,0.02945773371376996,10250.90951482928,4078.1797918408374
22933.400597244276,0.021608190649463493,10250.932268026581,4078.1882439842066
22933.43763699799,0.01736910493264878,10250.95147567149,4078.195379059083
22933.465854436876,0.01755406599799868,10250.966108342935,4078.200814665882
22933.49407187576,0.020723611145931606,10250.980741014382,4078.206250272632
22933.523271032325,0.025640889559434416,10250.995882773574,4078.211874990442
22933.55111081937,0.030866832771689615,10251.010319606723,4078.2172378489286
22933.604350965426,0.04099843669114889,10251.037928262796,4078.2274936517074
22933.686733197035,0.05584595437641679,10251.080649082862,4078.243363178071
22933.786818481785,0.07230544048893159,10251.132550146476,4078.262642893941
22933.930241377886,0.09349354612837495,10251.206924724896,4078.2902708572774
22934.145681160782,0.12155281247962568,10251.318644983521,4078.3317716374195
22934.46230376532,0.15729739806019746,10251.482835454026,4078.3927635479886
22934.92146874941,0.2015864439648476,10251.720943895649,4078.4812137904573
22935.584044322834,0.2553297920226239,10252.064534638033,4078.6088475638344
22936.536769993123,0.3189259232108602,10252.55858804872,4078.7923737086194
22937.89900428332,0.3913177158812263,10253.264999687199,4079.0547845180013
22939.828190124765,0.46843383451658704,10254.265414486672,4079.4264085133195
22942.513598276542,0.5404748334883299,10255.657982292269,4079.9437051587347
22946.111766556365,0.5876754431882976,10257.523878690195,4080.636828286007
22951.068739652357,0.5728826616788805,10260.094408403003,4081.5916996794886
22954.53471762843,0.5052795990241326,10261.891755174398,4082.259356870082
22957.623436582195,0.39359754997725044,10263.493467355938,4082.8543413903694
22959.07258833833,0.3166218601503584,10264.244951737037,4083.133493441982
22960.28410292066,0.23244771723460325,10264.873204981935,4083.3668690253207
22960.837862463075,0.1843124564367684,10265.160367213639,4083.473540394714
22961.319643238043,0.13412249094621356,10265.41020352769,4083.56634639175
22961.552275007827,0.10551522030546547,10265.530839026314,4083.611158517882
22961.743198505366,0.0786552015836642,10265.629845930549,4083.647936328919
22961.863189100124,0.059492597278646545,10265.692069268627,4083.671050252854
22961.961765706546,0.04196083744581223,10265.743187987762,4083.6900391753366
22962.0268162716,0.02959690810733804,10265.776921159219,4083.702569938461
22962.070913445878,0.021689519660878898,10265.79978856306,4083.7110644263294
22962.107977767067,0.017396099694372297,10265.819008951095,4083.7182041677693
22962.13670382157,0.017555442822922197,10265.833905377003,4083.7237376995586
22962.16542987607,0.020802388161379002,10265.848801802911,4083.729271231297
22962.195010723597,0.025807091122870125,10265.864141497528,4083.7349694227105
22962.22285524192,0.03104169063934299,10265.87858078658,4083.740333143057
22962.277307522818,0.041396945443740944,10265.906818022167,4083.750822345985
22962.35981529431,0.056234738850231475,10265.949603950396,4083.7667159086586
22962.460709361465,0.07278474288460446,10266.001924431728,4083.786151243094
22962.60570940312,0.09414027453295115,10266.07711688052,4083.814082758502
22962.82338674732,0.12239011225614631,10266.189997486537,4083.856014179137
22963.14316187457,0.1583480108207207,10266.35582278334,4083.9176128000663
22963.606793166073,0.20287420309970894,10266.596247350932,4084.006922574793
22964.275758570362,0.2568751359291353,10266.943151715539,4084.1357860483527
22965.237561551272,0.32072444632018826,10267.441912415887,4084.3210590680055
22966.612510146642,0.39330942122819756,10268.154917410298,4084.585916619364
22968.55905621585,0.47044893538190674,10269.164334843992,4084.9608812921624
22971.26691940297,0.5421414275516273,10270.568547356277,4085.482498679152
22974.88909618782,0.5882984208440252,10272.446894120896,4086.1802401591162
22979.896655210425,0.570883616673526,10275.043656532895,4087.1448470811765
22983.411906995334,0.4994970239218073,10276.866555451998,4087.821989686652
22986.377687309483,0.3896399196266595,10278.404515792097,4088.393287062394
22987.82544259877,0.31153668191558453,10279.155276134994,4088.672167533638
22988.986676346743,0.22981119850019427,10279.757455425835,4088.895855391439
22989.541263382423,0.18110977141162535,10280.045046817404,4089.0026851766042
22990.002916845857,0.1325625586024472,10280.284445782438,4089.0916132061197
22990.235289809392,0.10377124378895845,10280.404947092382,4089.136375065601
22990.41938616044,0.07768811558024442,10280.500413669675,4089.1718374288666
22990.538387487624,0.058579328767617594,10280.562124015072,4089.1947605778823
22990.635962070985,0.04114069081740692,10280.612723125078,4089.2135563063825
22990.699105955096,0.02912650867400047,10280.645467557386,4089.2257196713767
22990.742403914337,0.021424554420620363,10280.667920517255,4089.2340601287333
22990.779352932914,0.017313051039706345,10280.687081116183,4089.241177593742
22990.80665906142,0.01756511485801993,10280.70124121561,4089.246437555161
22990.83396518993,0.0206134214112371,10280.715401315038,4089.251697516533
22990.86283194002,0.025444692050739227,10280.730370703739,4089.2572580993533
22990.890742993826,0.030674494046422533,10280.744844498406,4089.2626345869867
22990.94263336865,0.040556040674453536,10280.771753214778,4089.2726301950665
22991.024905908856,0.05541912834389407,10280.814417166584,4089.288478298934
22991.124104145296,0.07177870193163413,10280.865858252155,4089.3075867876823
22991.265802198974,0.09278270173557356,10280.93933840635,4089.334881986235
22991.47878878884,0.12063153385663046,10281.049786553482,4089.375909444114
22991.791953321834,0.1561402088788639,10281.212183831596,4089.436234104038
22992.246221470956,0.20016682628168167,10281.447753008002,4089.523739441806
22992.90178980402,0.25362422505281507,10281.787710130446,4089.650021062724
22993.844556322154,0.3169373595002559,10282.276599202663,4089.8316254013325
22995.19283005028,0.38910889302918916,10282.975771567973,4090.0913421646956
22997.102926930584,0.4661859998205706,10283.966287765485,4090.459282227549
22999.763564092347,0.538588024892869,10285.346010577721,4090.9717977430073
23003.3348561198,0.5869028787802542,10287.197970416222,4091.6597309841154
23008.235060932417,0.5749206840556385,10289.739062734148,4092.603649649248
23011.691096436716,0.5101683111654782,10291.531254248328,4093.269379384769
23015.147131941016,0.3848452586356128,10293.323445798353,4093.935108383561
23016.43063718635,0.3154348957595731,10293.989031346819,4094.1823471670255
23017.714142431683,0.22502854101978914,10294.654616900225,4094.429585848921
23018.19146596375,0.18288393381122275,10294.902141910363,4094.5215315640494
23018.66878949582,0.13289864705358562,10295.149666921185,4094.6134772651326
23018.888941083398,0.10576630651951924,10295.263830628914,4094.6558845391214
23019.084659944452,0.07821852525805308,10295.365324291182,4094.693585392903
23019.20379607185,0.059149265484497254,10295.42710454999,4094.716534297617
23019.302019626986,0.04164785893914516,10295.478040204802,4094.7354548633443
23019.366308196084,0.029423435155104212,10295.511378240277,4094.7478386145112
23019.410128020307,0.021588678444042927,10295.534101826684,4094.7562795208437
23019.447160483334,0.01736285138095792,10295.553305700469,4094.763412994178
23019.475265472585,0.017554324362388223,10295.567880066372,4094.768826789883
23019.503370461836,0.020707472380390408,10295.582454432275,4094.77424058554
23019.532504732306,0.02560921932617215,10295.597562551138,4094.7798526490806
23019.560350612515,0.03083477726819125,10295.612002551226,4094.7852165330955
23019.613367182894,0.04092499661748985,10295.639495281757,4094.795428985658
23019.695729279756,0.05577472754059063,10295.68220568192,4094.8112941950235
23019.795666786707,0.07221754254601563,10295.734030138534,4094.8305449121062
23019.93880187878,0.09337488450301343,10295.808255507969,4094.85811667309
23020.15383278356,0.12139899112102216,10295.91976379104,4094.899537545394
23020.469878859036,0.15710404830588423,10296.083655373684,4094.960416715463
23020.928226699856,0.20134890252887508,10296.321340189383,4095.048707109999
23021.5896321185,0.25504377573985193,10296.664324297828,4095.176111953438
23022.540693234678,0.3185913229761105,10297.157514769715,4095.3593123898713
23023.900591286416,0.39094397692876054,10297.862715260962,4095.621265928147
23025.826576322113,0.4680494632586212,10298.861470722428,4095.992263098863
23028.507815064822,0.5401436606189779,10300.251877098275,4096.508742321892
23032.101407410217,0.5875184320466582,10302.115401491015,4097.200964872342
23037.0490338233,0.5731737073016899,10304.681085588756,4098.1540095059345
23040.507684176548,0.5061745218381588,10306.474633380243,4098.820236795028
23043.615777420157,0.394241448591474,10308.086393260277,4099.41893691017
23045.06559504184,0.3174270815572531,10308.83822331284,4099.698209530851
23046.28498368897,0.23288376490753274,10309.47056011439,4099.933095431629
23046.838822552698,0.1848219124994278,10309.757763622703,4100.03977914062
23047.32376357753,0.13437952551904495,10310.009238867935,4100.133191325974
23047.556498807196,0.10579465198297305,10310.129928077711,4100.178022146236
23047.748509145826,0.07881255524965936,10310.229498633058,4100.215008297446
23047.868662123747,0.05964116542876297,10310.291806208965,4100.238152863618
23047.967404246352,0.04209410718156806,10310.343010785078,4100.2571731455155
23048.03278451691,0.02967003143045582,10310.3769149483,4100.269767073123
23048.076996308795,0.021732575641944106,10310.399841800638,4100.278283405221
23048.114069091273,0.017411002670214754,10310.419066586006,4100.285424579776
23048.143091052763,0.017557727815262148,10310.434116467442,4100.291014958402
23048.172113014254,0.02085175934069631,10310.44916634888,4100.296605336976
23048.20198241104,0.025920186937589747,10310.464655683758,4100.302358953398
23048.22986767018,0.03116758914669799,10310.479116106917,4100.307730373672
23048.2851846037,0.04168183601878939,10310.507801738375,4100.318385841951
23048.367797360497,0.05651510341408758,10310.55064213001,4100.334299189531
23048.46927491216,0.07313004155794654,10310.603265214222,4100.353846382559
23048.615415875534,0.09460612750289432,10310.679049346787,4100.3819968992075
23048.834708474576,0.1229926848254262,10310.792767629671,4100.424238304066
23049.156758501875,0.15910340742219128,10310.95977270109,4100.486273431891
23049.62361381747,0.20379935142109182,10311.201869266504,4100.576201775561
23050.297190708065,0.25798408630483977,10311.551165176486,4100.705949988896
23051.265541691882,0.3220128343955302,10312.053321714811,4100.89247921648
23052.649654955836,0.3947320074895915,10312.771079574928,4101.159094819139
23054.60869776623,0.4718800253041769,10313.786977930673,4101.536456350622
23057.332675987658,0.5433075995446762,10315.199547895396,4102.061163529205
23060.971842144834,0.5886920304262768,10317.086705752983,4102.762158366367
23066.01519710111,0.5693448112641504,10319.702032111052,4103.733633902784
23069.56108313765,0.4952878004512501,10321.540817904175,4104.416658765396
23072.44015306568,0.3868268904006032,10323.033813709557,4104.971237877585
23073.887061163143,0.307910944017081,10323.784135098464,4105.249947487117
23075.012667283405,0.22796952020213737,10324.367839312468,4105.466766450499
23075.56813230437,0.17883847704734007,10324.655886142704,4105.5737624197345
23076.01559045537,0.13146920379901295,10324.88792398049,4105.6599536453
23076.24782366594,0.1025418118293082,10325.008352878765,4105.704687354647
23076.427153517016,0.07700657818554088,10325.101347745283,4105.739230600592
23076.545458975623,0.05793611204803341,10325.162697265594,4105.762019078558
23076.642396074458,0.04055179106515319,10325.212965821142,4105.780691495632
23076.704288068577,0.028769321401227864,10325.245061078615,4105.79261338222
23076.74691715989,0.0212352571366758,10325.26716719559,4105.800824770313
23076.783729052015,0.01726159488086785,10325.286256694535,4105.807915625866
23076.810413793923,0.01759641384813503,10325.300094569286,4105.813055748731
23076.83709853583,0.020589654695593138,10325.31393244404,4105.818195871552
23076.866040972232,0.025429015176488958,10325.328941088736,4105.823770880561
23076.893979410786,0.030663216628609387,10325.343429091467,4105.8291524954
23076.945775043678,0.04052710313300437,10325.370288690992,4105.839129579213
23077.028041318583,0.055391292295857035,10325.412949414997,4105.854976040707
23077.127182192624,0.07174431930845741,10325.464360779763,4105.874072954957
23077.26876850942,0.09273624241171764,10325.537783027188,4105.901345880211
23077.48159604475,0.12057119044930907,10325.648148748449,4105.942341572923
23077.794536005524,0.15606415254219871,10325.810429651061,4106.0026213171595
23078.248485700446,0.20007306528091012,10326.045833804026,4106.090062908507
23078.90359738132,0.25351077045529524,10326.38555428969,4106.216253097462
23079.845713000297,0.3168036305720073,10326.874106068639,4106.3977270678315
23081.193070406545,0.3889576710201243,10327.572803605088,4106.657260190982
23083.101905526077,0.4660268937022232,10328.562665984438,4107.024947102605
23085.760882161303,0.5384434407177267,10329.941528384015,4107.5371286875215
23089.330284373653,0.5868163034198245,10331.792509141953,4108.224679020874
23094.226794245064,0.5749900563188376,10334.331686638374,4109.167860053466
23097.68539327108,0.5103083007930993,10336.1252084033,4109.834065321309
23101.143992297097,0.3849987172346767,10337.918730203808,4110.500269857249
23102.428697888437,0.3155609020766159,10338.58493854404,4110.747733076096
23103.71340347978,0.22510328654370412,10339.251146889177,4110.995196194
23104.190949006235,0.18295043410847597,10339.49878714128,4111.087182149891
23104.668494532692,0.13295472046949708,10339.74642739406,4111.179168091839
23104.888791170848,0.10581101543636263,10339.860666377039,4111.221602143465
23105.084648346834,0.07824940160309797,10339.962231815385,4111.259328606464
23105.203820153252,0.059177845666622736,10340.024030606812,4111.282283754766
23105.302074989293,0.04167364086212473,10340.074982508151,4111.30120982732
23105.36642474845,0.02943805400606986,10340.108352291394,4111.313605025646
23105.410268957305,0.021597028172110944,10340.131088534165,4111.322050397658
23105.447304800444,0.017365539038218473,10340.15029417028,4111.329184326567
23105.475457217453,0.01755420841129161,10340.164893137959,4111.3346071095375
23105.503609634463,0.02071420037022643,10340.17949210564,4111.34002989246
23105.532770435035,0.0256222944058614,10340.194613989668,4111.3456469124785
23105.56061381912,0.030847987534628175,10340.209052702494,4111.351010168674
23105.613722562044,0.040955214608143796,10340.236593244455,4111.361240095828
23105.696093207443,0.05580398673134757,10340.27930809877,4111.377106517016
23105.796091910855,0.07225360110848661,10340.331164315625,4111.396368494301
23105.939345968924,0.09342348825832968,10340.405451413879,4111.423962415139
23106.15454594228,0.12146184767272727,10340.517047425865,4111.465414718631
23106.470829969454,0.15718272382320037,10340.681062484002,4111.526338055068
23106.929514222127,0.20144492340254128,10340.9189218701,4111.614690830443
23107.59139998301,0.25515825701066347,10341.26215523889,4111.742184707145
23108.543141740316,0.3187232189569338,10341.755698914241,4111.92551123018
23109.903989639537,0.3910875591859334,10342.46139231591,4112.1876405528565
23111.831263810243,0.46818989868975686,10343.460816776987,4112.558875875881
23114.51415010521,0.5402495166760252,10344.852078210179,4113.0756583073635
23118.10943377789,0.5875319427551141,10346.716480594458,4113.768187689642
23123.0609585001,0.5729648177809787,10349.284187502779,4114.72195713421
23126.52256367354,0.5056751623386178,10351.079268458709,4115.3887353545515
23129.62058250507,0.39387648698383554,10352.685804857656,4115.985478551198
23131.06978079163,0.3169933247856856,10353.437314113578,4116.264624238288
23132.28508929826,0.23264073477712607,10354.067535393138,4116.498717797556
23132.838780771293,0.1845495031489234,10354.354662611022,4116.605370199518
23133.322084635707,0.13423717306946722,10354.605288999817,4116.698464480478
23133.554729278057,0.10564477939387694,10354.72593129341,4116.74327662629
23133.74617156323,0.0787262307040264,10354.825207323016,4116.780152347714
23133.86623367953,0.059560151791080644,10354.887467811664,4116.803278779431
23133.96488566149,0.04202154497914511,10354.938625668916,4116.822281178488
23134.030086213974,0.029630319420851575,10354.972436652657,4116.834840144464
23134.07423608345,0.02170917517059225,10354.995331405271,4116.843344316251
23134.111304866645,0.017402873433013232,10355.014554126228,4116.850484525271
23134.1401634383,0.017556374600325934,10355.029519286194,4116.856043278855
23134.169022009955,0.020824201878567036,10355.044484446162,4116.861602032389
23134.198726023275,0.025856234980652974,10355.059888025951,4116.867323635295
23134.226584586308,0.031095689119863993,10355.074334612478,4116.872689766534
23134.281408557825,0.04151927789230287,10355.102764623294,4116.883249988968
23134.36396031977,0.05635484965103445,10355.14557340604,4116.899151152736
23134.46510491848,0.07293264701357306,10355.198023857156,4116.918633677926
23134.610594286638,0.0943397339062789,10355.273470130067,4116.946657914568
23134.828964772216,0.12264798382131269,10355.38671028965,4116.988720546969
23135.149715653013,0.15867094956918745,10355.553041746427,4117.050503737148
23135.614728695997,0.2032690254549173,10355.794183085905,4117.140074763815
23136.28566892706,0.25734716323981927,10356.142111878427,4117.269311557127
23137.25027315942,0.3212706293176212,10356.642325715457,4117.455113987462
23138.62913656029,0.39390837569031084,10357.357361513523,4117.720711076277
23140.58100765942,0.4710434211129595,10358.36954134329,4118.096680884568
23143.295703814973,0.5426086339916982,10359.777298612938,4118.619585824446
23146.924961128585,0.5884119715745748,10361.659318981494,4119.318652889298
23151.947959061818,0.5701276995785317,10364.264090106288,4120.286180764981
23155.477549502684,0.49751637095287676,10366.09442641325,4120.966048161125
23158.402823226963,0.38830944695217223,10367.611382811905,4121.529511893039
23159.850066718165,0.30983699253906954,10368.361878494934,4121.808278508491
23160.994678278937,0.22894047723305974,10368.955438629544,4122.028752369419
23161.549605436554,0.1800455260305472,10369.243206682268,4122.135641819372
23162.004628920185,0.13204670626159473,10369.479167781681,4122.2232879211315
23162.23691802341,0.10319425414122486,10369.59962572343,4122.268031177033
23162.418781284898,0.07736726911765632,10369.693934383977,4122.303061463873
23162.537453710607,0.05827687811648724,10369.755474232268,4122.325920005403
23162.63470923976,0.04086738591751715,10369.805907940668,4122.344653249144
23162.69726342134,0.028962167523973244,10369.838346603869,4122.356702360505
23162.740258383226,0.0213365448610549,10369.860642460884,4122.364983998309
23162.777148765064,0.0172884050407341,10369.879772671562,4122.372089779164
23162.804128075473,0.017577229591910028,10369.893763307235,4122.377286501342
23162.831107385882,0.020591698487699733,10369.90775394291,4122.382483223475
23162.85996758607,0.02541659800462348,10369.922719949836,4122.3880422402735
23162.88790064673,0.03064911139684358,10369.937205170889,4122.3934226725305
23162.939607237146,0.04049644861394656,10369.964018608962,4122.403382333124
23163.021867740496,0.05536195779128352,10370.006676361012,4122.41922725095
23163.120947946525,0.07170805454479058,10370.05805629053,4122.4383119588465
23163.262416475816,0.0926872530728116,10370.131417493136,4122.465561452602
23163.4750762292,0.12050756174176487,10370.241696262186,4122.50652370991
23163.787779328555,0.1559839667013471,10370.403854415661,4122.566756187147
23164.241393188437,0.19997423888338892,10370.639084530814,4122.654130707069
23164.896023356287,0.25339123284887327,10370.978555485894,4122.780224708367
23165.83745274732,0.3166628143074667,10371.46675164865,4122.9615615528655
23167.18384431262,0.38879858572556597,10372.164948673608,4123.220901565065
23169.091349959894,0.4658598027891548,10373.154122116668,4123.588322378282
23171.74857815194,0.5382921915729957,10374.532078505761,4124.100153230003
23175.31599450829,0.5867271057851886,10376.38203037011,4124.787302329545
23180.20860015735,0.5750668885654726,10378.919184505134,4125.729705667361
23183.67050511665,0.5104459280757674,10380.714421505878,4126.396529590394
23187.13241007595,0.38511234110870723,10382.50965854196,4127.063352785981
23188.417874512907,0.31566325543973905,10383.176260723147,4127.310955441956
23189.703338949865,0.22518241956092724,10383.842862909203,4127.558557997677
23190.181167822488,0.18301618116724497,10384.090650217426,4127.650596029849
23190.65899669511,0.13300275884518936,10384.338437526318,4127.742634048171
23190.87941059661,0.10585028326132492,10384.452737374515,4127.785089533046
23191.075392696293,0.07827603101994071,10384.554367644278,4127.822839032812
23191.194594940065,0.05920256835337676,10384.616182249905,4127.8457994197925
23191.292876888318,0.0416959462836572,10384.667148235803,4127.86473020009
23191.357279785545,0.02945067366959313,10384.700545591188,4127.877135296738
23191.4011449627,0.021604255452538863,10384.723292718629,4127.885584478004
23191.438183661754,0.017367878913917525,10384.742499845157,4127.892718763068
23191.46637766284,0.01755414256160972,10384.75712038422,4127.898149408417
23191.494571663927,0.020720177280088042,10384.771740923283,4127.903580053719
23191.52375673407,0.025634033613668887,10384.786875400185,4127.909201595768
23191.551598197384,0.030859904938985702,10384.80131312404,4127.914564336186
23191.604790029985,0.04098245590668377,10384.82889676726,4127.924809989722
23191.68716853029,0.055830382028685566,10384.871615715849,4127.940677492562
23191.787222473245,0.07228612469630562,10384.92350060367,4127.959949586282
23191.930583930673,0.09346732250876555,10384.997843432371,4127.987563443926
23192.145936508445,0.12151852266870632,10385.10951863506,4128.029044014761
23192.46243527844,0.15725363594295524,10385.273645132678,4128.09000705818
23192.921423087806,0.20153142406299468,10385.511662050623,4128.178415902029
23193.583742185096,0.2552613076358491,10385.85512030271,4128.305989781158
23194.53609779009,0.318841800761662,10386.348982542671,4128.4894295588365
23195.897801934556,0.39121637689167643,10387.055120312894,4128.751716684814
23197.826237310273,0.46831535629251697,10388.055147429273,4129.123165587634
23200.510605267744,0.5403429018588064,10389.447177889178,4129.640219371964
23204.107400418918,0.5875406087805305,10391.312364993575,4130.333021080332
23209.062437969475,0.572770190146982,10393.881894804657,4131.287441256981
23212.526957602277,0.5052084216538234,10395.67848798872,4131.954762751495
23215.615543119067,0.39353907396558235,10397.28013334769,4132.54967275318
23217.06423237899,0.31658878601804646,10398.031379005926,4132.828712822182
23218.27571487494,0.23241645289706542,10398.659616542538,4133.0620630839385
23218.829297931446,0.18429553270863125,10398.946687679456,4133.168691711064
23219.311067052495,0.1341056875080308,10399.19651832021,4133.261487852513
23219.54363639946,0.10550525787461891,10399.317121626962,4133.306284280207
23219.734547876487,0.078646256466216,10399.416122444372,4133.3430567599835
23219.85452606267,0.059485070121514806,10399.478339439907,4133.366166398432
23219.953094686076,0.0419542840270421,10399.529454095007,4133.385152226136
23220.018130072345,0.02959327108861297,10399.563179445177,4133.397679038055
23220.062221418997,0.021687489383386663,10399.586043860856,4133.406171706878
23220.09928566868,0.01739545143306626,10399.605264240277,4133.413310849081
23220.127997655716,0.01755540236638339,10399.620153393293,4133.418841217511
23220.156709642753,0.020800066937382025,10399.635042546312,4133.42437158589
23220.18627783233,0.025801865154613347,10399.650375699623,4133.430066871938
23220.21412180878,0.03103606115105408,10399.664814729063,4133.435430048088
23220.268535231935,0.04138403494043989,10399.69303185604,4133.445910906312
23220.35103935012,0.0562220162632671,10399.735815953143,4133.461802462051
23220.451907997118,0.07276895450017642,10399.788123329852,4133.481231306516
23220.596857997436,0.09411881071049606,10399.863289940107,4133.509150892894
23220.81446447952,0.12236200550525173,10399.976133966386,4133.551065226206
23221.134138813766,0.15831202467152505,10400.141907240613,4133.61263938217
23221.59762546335,0.202828719230911,10400.382257157396,4133.701913974096
23222.266380906687,0.25681809922257726,10400.729053156403,4133.830726440956
23223.227879893802,0.320653654886651,10401.227656953417,4134.015925718132
23224.602390892884,0.3932228614327559,10401.940436079443,4134.28067727124
23226.5483128862,0.4703454442405939,10402.949531380738,4134.655491006307
23229.255299425786,0.5420219678612335,10404.35329136861,4135.176896796626
23232.876278118496,0.5881684480421285,10406.231019618253,4135.874350350609
23237.882271898638,0.5707568674713441,10408.826974183461,4136.83857680029
23241.396371481405,0.49938556399194783,10410.649278300261,4137.515442051688
23244.3611774099,0.38955264364230585,10412.186735626296,4138.0865050011635
23245.808440755613,0.3114678336474449,10412.937241971389,4138.365267902835
23246.96929935125,0.22976061973484485,10413.539227609166,4138.588865204105
23247.52370662802,0.18107031005122096,10413.826726208019,4138.695651627575
23247.985211543197,0.13253433017521557,10414.06604849403,4138.784543771542
23248.21751689752,0.10374896140100656,10414.186514921861,4138.829288947764
23248.40155451019,0.07767216478956854,10414.281951180212,4138.864737097022
23248.520536233817,0.058565199144368016,10414.343651450932,4138.887654595444
23248.61809597042,0.04112816058230725,10414.394242936585,4138.906445927135
23248.681213138378,0.02911904233637458,10414.426973563066,4138.918603151516
23248.724497664163,0.02142057845321933,10414.449419589911,4138.92694033933
23248.761444575302,0.017311955145939473,10414.468579124283,4138.934056816358
23248.788734188645,0.017565624251132776,10414.48273068036,4138.939313166578
23248.81602380199,0.020611985721070536,10414.49688223644,4138.944569516753
23248.84488881991,0.025442531952358037,10414.511850748995,4138.950129311198
23248.87280179866,0.03067252781957701,10414.52632556325,4138.955505729922
23248.924678140003,0.04055135154909968,10414.553227042026,4138.965497817544
23249.00695043563,0.055414562388187746,10414.595890929997,4138.981344578287
23249.10614023048,0.07177296108446816,10414.647327713978,4139.000449878441
23249.2478214496,0.09277479649509135,10414.720799246787,4139.027739602346
23249.460784155737,0.12062097010881134,10414.831235171632,4139.068759104899
23249.773914098874,0.15612623463054184,10414.993614752293,4139.129072169459
23250.22813153492,0.20014834516051244,10415.22915797826,4139.216560583942
23250.883624378035,0.25359963455060547,10415.569076455835,4139.342817339038
23251.826278069635,0.31690440498408917,10416.057907741397,4139.524385097937
23253.17438225265,0.3890643711979933,10416.756993217845,4139.7840479727165
23255.084221759636,0.46612530446929923,10417.747377411273,4140.151908387418
23257.74445873287,0.5385045105617458,10419.126894733758,4140.664304938343
23261.315073438058,0.5867876274545403,10420.978506065332,4141.352051516651
23266.214820262932,0.5747552236027935,10423.519364631316,4142.295804883173
23269.66884120491,0.5099915967846552,10425.310514096354,4142.961092244036
23273.12286214689,0.3846869831596011,10427.101663596259,4143.6263788865235
23274.40536082845,0.3153083656917054,10427.766728151844,4143.873403622225
23275.687859510006,0.22495110075974134,10428.431792712234,4144.120428258927
23276.164968024554,0.1828173935839239,10428.67920658534,4144.212325059109
23276.6420765391,0.13284497273466486,10428.926620459111,4144.304221845593
23276.86209835605,0.10572352456463432,10429.040717039852,4144.346600665328
23277.057693864048,0.07818856147787756,10429.142146884431,4144.384274684891
23277.176794009647,0.059122251581371736,10429.203908575137,4144.407214787355
23277.274988360143,0.041623774799841654,10429.254829160307,4144.426128184764
23277.339221126414,0.029409719088002485,10429.288138307227,4144.438500177635
23277.38301790697,0.02158098728202093,10429.310849977348,4144.446935957054
23277.420047674896,0.017360447015697684,10429.33005248181,4144.4540683294845
23277.44810898024,0.01755452839995421,10429.34460421603,4144.459473269611
23277.476170285583,0.0207013289081059,10429.359155950255,4144.464878209692
23277.505281266334,0.025597354870970434,10429.374252014024,4144.470485329649
23277.533130465654,0.030822907357186347,10429.38869375656,4144.4758494154985
23277.58606411006,0.040897664285448734,10429.416143524697,4144.486045062636
23277.668419613245,0.05574819664649629,10429.458850568459,4144.501907708067
23277.76830299414,0.07218470453292958,10429.51064703325,4144.521146429819
23277.911332337728,0.09333041355890193,10429.584817674031,4144.548695573777
23278.12621302726,0.12134105626120589,10429.696248224229,4144.590084134824
23278.442046463817,0.15703059455601823,10429.860029780102,4144.650917383334
23278.900091390275,0.201257470833027,10430.097557863563,4144.7391422330375
23279.561060431868,0.2549315683459757,10430.44031618508,4144.866452636
23280.511495855415,0.318456263954604,10430.933182917805,4145.049517618922
23281.87050555502,0.3907861354547268,10431.637923774622,4145.311278693444
23283.795250631585,0.4678736320212082,10432.636037700775,4145.682006791455
23286.474814831647,0.5399638976193789,10434.02557775536,4146.198121386315
23290.06634966404,0.5873647618507758,10435.888037925177,4146.889891238585
23295.01059280693,0.5731153600882535,10438.451971333672,4147.8422066005605
23298.466824517945,0.5062503202706116,10440.244267526336,4148.507913796964
23301.92305622896,0.3777950897513921,10442.036563753809,4149.1736202759885
23303.143365105043,0.3104241144780335,10442.669378682484,4149.408664393695
23304.363673981126,0.22352866182919684,10443.302193615496,4149.643708422008
23304.84051663344,0.18119214268249884,10443.549469660467,4149.735553192156
23305.317359285757,0.13089372585687686,10443.7967457061,4149.827397948656
23305.53185803696,0.10424516232455702,10443.90797821191,4149.868712590616
23305.723224111756,0.07712662960136411,10444.007214817862,4149.9055716414
23305.841062179446,0.05815028581983617,10444.068322043438,4149.928268449686
23305.938213467052,0.04074764331922046,10444.118701736237,4149.94698077346
23306.00050878404,0.02889045327684216,10444.151006186452,4149.958979483317
23306.043371412736,0.021298296686424592,10444.173233437588,4149.967235260186
23306.08023307797,0.017278141894714043,10444.19234877222,4149.974335190559
23306.107090909325,0.01758379563193811,10444.206276423904,4149.979508281072
23306.13394874068,0.020587969975914854,10444.22020407559,4149.984681371543
23306.16282792399,0.025415390695980734,10444.235179938714,4149.990243794833
23306.190765927433,0.030648751215893815,10444.249667734684,4149.995624937298
23306.2424667509,0.040494946922934386,10444.27647820393,4150.005583039486
23306.324727248866,0.05536046302399671,10444.319135987766,4150.021427244136
23306.423804944676,0.07170615572534329,10444.370514657208,4150.040510610796
23306.56526831434,0.09268460207427599,10444.443873243654,4150.06775788607
23306.777920780016,0.12050395148771657,10444.554148322908,4150.108716898737
23307.09061310086,0.15597904436346394,10444.716301018412,4150.168944592979
23307.544210747656,0.19996746467185805,10444.951522916606,4150.256312063486
23308.19881611376,0.25338178158181696,10445.290981285385,4150.382395621343
23309.140207219738,0.3166494389191155,10445.779157990308,4150.563716943499
23310.48653887114,0.3887793744181479,10446.477324511494,4150.823033763643
23312.393948579946,0.4658317886117246,10447.466449005182,4151.19041959259
23315.05101597048,0.5382507617312196,10448.844323123616,4151.702196484375
23318.618124788518,0.5866655434113738,10450.694117005904,4152.389255495921
23323.51061800546,0.5749709987828494,10453.231214890528,4153.331594880697
23326.971058606057,0.5103468517806687,10455.025693971822,4153.99810683797
23330.431499206654,0.3850388938302437,10456.820173087908,4154.66461807801
23331.71657151483,0.31560107053515596,10457.486572462003,4154.912134104056
23333.001643823005,0.22513652446956506,10458.152971840896,4155.159650031231
23333.47932450797,0.18297859895493643,10458.400682503803,4155.251655395046
23333.957005192937,0.13297550505594494,10458.648393167372,4155.343660745203
23334.17735652597,0.10582815775564645,10458.762660661849,4155.386102275689
23334.373273735764,0.07826071863309601,10458.864257363834,4155.423837584935
23334.492457629916,0.05918876989820893,10458.926062503868,4155.446793408404
23334.59072460645,0.04168366175619931,10458.977020767079,4155.465720456442
23334.655098878833,0.029443708745288566,10459.010403305483,4155.478119483643
23334.698952445688,0.021600334149469762,10459.03314443056,4155.486566049935
23334.73598988015,0.01736663824886037,10459.052350916834,4155.493699771636
23334.764160929215,0.01755420408667017,10459.06695956549,4155.499125752806
23334.79233197828,0.020716846322501092,10459.081568214151,4155.5045517339295
23334.82150354676,0.025627444561357973,10459.096695701734,4155.510170423461
23334.849346462048,0.030853242363567134,10459.111134190209,4155.515533203163
23334.9024918524,0.04096714077377451,10459.138693772184,4155.525769452279
23334.984866474842,0.0558154885387451,10459.181410744355,4155.541635496969
23335.084890014445,0.07226769399228004,10459.233279907858,4155.560900870908
23335.2281920538,0.09344236411572393,10459.307591984236,4155.588502046401
23335.44346025903,0.12148601482848281,10459.41922352414,4155.629964507134
23335.759839613296,0.157212431432185,10459.583288229032,4155.690901817663
23336.218657316043,0.2014801508198322,10459.8212171272,4155.779273935137
23336.880731395016,0.2551984113664855,10460.164548597775,4155.906794904237
23337.832735758442,0.31876614372744816,10460.658229093578,4156.090158809316
23339.19394136548,0.3911280442034253,10461.364108907937,4156.352338160197
23341.12168122114,0.4682171156145049,10462.363776156537,4156.723636458741
23343.805110765574,0.5402427717948516,10463.755321108116,4157.240486337515
23347.400756244966,0.5874556305647658,10465.619913533415,4157.933035587596
23352.35389665513,0.572739677153756,10468.18846161856,4158.8870476406455
23355.816919873192,0.5052582042990406,10469.984280256467,4159.554051057284
23358.907319850023,0.393570512546389,10471.58686783071,4160.149283927142
23360.355821508412,0.3166495883134585,10472.338016810076,4160.428275384186
23361.5680538558,0.23244202733436448,10472.966643703245,4160.661759638363
23362.121547885803,0.18433607093268448,10473.253668905081,4160.768366350926
23362.60361851348,0.1341216260915675,10473.503656099358,4160.861216415797
23362.83616384468,0.10552710015834386,10473.624247049453,4160.9060062151675
23363.027174558873,0.07865674902751367,10473.723299408024,4160.942796164724
23363.147161828707,0.05949546775388536,10473.785521164202,4160.96590651961
23363.245742183244,0.041963721426468745,10473.836641943899,4160.984893758041
23363.31080119302,0.029598470549208205,10473.87037957168,4160.997424559996
23363.354900760798,0.021690580595527618,10473.89324826901,4161.005918432599
23363.391965929914,0.017396526694915114,10473.91246914071,4161.0130574327395
23363.420698223163,0.017555544861464902,10473.92736883591,4161.018591465049
23363.44943051641,0.02080335365717581,10473.94226853111,4161.024125497309
23363.4790167126,0.025809138683018387,10473.95761103446,4161.029823996947
23363.50686254614,0.0310439864070621,10473.972051038565,4161.03518729103
23363.561330631688,0.0414019608758072,10474.000296534537,4161.0456782090605
23363.643841358225,0.05623955600142254,10474.043084093006,4161.061570327201
23363.744747059354,0.07279050610777973,10474.095410727012,4161.081005440004
23363.889769216505,0.09414780147813344,10474.170614816177,4161.108937676184
23364.107477973568,0.12239934157616363,10474.283511970081,4161.15086983468
23364.427295855276,0.15835845520058286,10474.449359817238,4161.2124688864105
23364.890984952846,0.2028848605975418,10474.689814911053,4161.3017784806325
23365.560028377702,0.256884101517923,10475.036760527937,4161.43064065707
23366.521933276883,0.3207280115249325,10475.535575220305,4161.615909838275
23367.89700620579,0.39330065029991396,10476.248646320237,4161.880757791141
23369.843680486632,0.47041526613138474,10477.258132547719,4162.255699673904
23372.551600679115,0.5420608169173937,10478.662377829956,4162.777261998657
23376.17342660782,0.58813544308989,10480.540546941937,4163.474847586738
23381.181713642472,0.5705595074547141,10483.137692808095,4164.43947268427
23384.698182081112,0.4989582073150325,10484.96122680737,4165.1167639843125
23387.654756031607,0.3892599717292638,10486.494416514992,4165.686215934407
23389.101723028452,0.3111114483930897,10487.244769785762,4165.964909324397
23390.25921545318,0.22957142988736348,10487.845010313005,4166.1878483123255
23390.813613160706,0.1808485292723223,10488.132504180561,4166.294628130901
23391.273774970996,0.13242300452075811,10488.371130165337,4166.383257622412
23391.50603654754,0.10362826797560036,10488.49157398813,4166.427992371718
23391.689617674358,0.07760360618578838,10488.586773603414,4166.46335101898
23391.80852772787,0.05850095007536787,10488.648436757758,4166.486253691571
23391.906018205817,0.041070466967431066,10488.698992368612,4166.50503084587
23391.969009870987,0.029084563831069315,10488.731657939446,4166.517163355752
23392.012232050645,0.021401928476390695,10488.754071653511,4166.525488163674
23392.049167251498,0.017306654742882573,10488.773225130675,4166.532602067954
23392.07638260021,0.017567892994753982,10488.787338186732,4166.537843880082
23392.103597948924,0.020605969397682767,10488.801451242793,4166.543085692165
23392.1324562435,0.025433838819494174,10488.81641628085,4166.548643943779
23392.1603752235,0.03066449997197729,10488.830894218801,4166.554021278668
23392.212194230422,0.0405326155740333,10488.857765987294,4166.564001877904
23392.29446295087,0.055396557333167014,10488.900428055564,4166.579847243536
23392.393615915626,0.0717506758694416,10488.951845781894,4166.598944598246
23392.53522536911,0.09274463421572052,10489.025280158243,4166.626219283069
23392.748085921015,0.12058168844007745,10489.135663197718,4166.667217281462
23393.06107133563,0.15607649167408003,10489.297967960709,4166.7274998202765
23393.515083240858,0.20008658081697397,10489.53340479383,4166.814944748307
23394.170280390612,0.2535241120397163,10489.873170206827,4166.941138923228
23395.11251077555,0.316813987241209,10490.361782370997,4167.122617058025
23396.46001527377,0.38895956749078203,10491.060557430497,4167.382152857717
23398.369020617953,0.4660101520587935,10492.050509847588,4167.749836216109
23401.02813818999,0.5383898668543884,10493.429447789922,4168.261994336746
23404.59740102559,0.5866959641290671,10495.28035956876,4168.949449907325
23409.494810836914,0.5747377376587476,10497.820008268338,4169.892711138258
23412.949453928315,0.5100163125760266,10499.611481797441,4170.5580887195665
23416.404097019717,0.3847383297451056,10501.402955360922,4171.223465591693
23417.687119047943,0.315348784989975,10502.068291841233,4171.470580138018
23418.97014107617,0.22496830451187944,10502.733628326283,4171.717694586565
23419.447290282744,0.18283501719694314,10502.981063499268,4171.809595137345
23419.924439489318,0.13286306090404795,10503.228498672908,4171.901495674605
23420.14451347476,0.10573764000627559,10503.342622398059,4171.943882657642
23420.340154666144,0.07819831817956464,10503.444076013919,4171.9815638007
23420.459265685193,0.05913151403310122,10503.50584339274,4172.004504977347
23420.557470242235,0.04163223304797647,10503.55676931151,4172.0234194995555
23420.621723393044,0.029414518186528696,10503.590089055919,4172.0357948684195
23420.66552819254,0.021583761098254484,10503.612804902614,4172.044231817207
23420.702559287314,0.01736135117425682,10503.63200811052,4172.051364128046
23420.730635881937,0.017554489551765386,10503.646567784957,4172.0567717726035
23420.75871247656,0.020703442555258494,10503.661127459396,4172.062179417114
23420.78783152632,0.025601384582711256,10503.676227719605,4172.0677878418655
23420.815680061878,0.030826972937868357,10503.6906691295,4172.073151561356
23420.868642112688,0.04090692047552047,10503.71813365033,4172.083352226308
23420.951000505742,0.05575711762366743,10503.7608422269,4172.0992147230045
23421.050903006915,0.0721956512617759,10503.812648648382,4172.118456271942
23421.19396932596,0.09334509699850806,10503.88683852293,4172.146011312543
23421.40890260672,0.12135990227540212,10503.998296434607,4172.187408162556
23421.724809649077,0.1570538634046392,10504.162116291414,4172.2482528829905
23422.182957845853,0.20128525839439548,10504.399698117995,4172.336493700342
23422.84407301868,0.2549636018947981,10504.742532493277,4172.463826588608
23423.794712996074,0.31849118762662737,10505.235505696164,4172.6469228310325
23425.154002960797,0.39082044474746197,10505.940392454339,4172.908726250021
23427.079116686804,0.46789983415318565,10506.938698350077,4173.279508874352
23429.759121317424,0.5399674518903785,10508.3284679109,4173.795685363958
23433.35099278804,0.5873203742333526,10510.191104141453,4174.4874893238
23438.296479824363,0.5729666841002741,10512.75568464632,4175.440001975193
23441.753566308,0.5059725280359363,10514.548425531255,4176.105844253202
23444.859509997994,0.3940849165593871,10516.159074372961,4176.704055071312
23446.308534546497,0.31729442199097924,10516.910494866384,4176.983139832597
23447.5270844058,0.23279096935244348,10517.542398131409,4177.217834653627
23448.08063827639,0.18474430959121205,10517.829454501929,4177.324450062256
23448.565244476085,0.1343273933962103,10518.080756686966,4177.417786018341
23448.79787140833,0.10575101636718819,10518.201390010527,4177.462590345548
23448.98975398174,0.07878274122920585,10518.300894536369,4177.499547240264
23449.10987112286,0.05961447415337145,10518.363183669617,4177.522681995268
23449.20858402235,0.04207049519657287,10518.414373207564,4177.541694258191
23449.273906940518,0.029657106889425206,10518.448247706408,4177.554275556785
23449.318098580683,0.021725081232294725,10518.471164160637,4177.562786937272
23449.355170748964,0.017408445467888105,10518.490388671076,4177.569927096011
23449.38413898551,0.01755731248387951,10518.505410726484,4177.575506424517
23449.41310722206,0.020842576164357477,10518.520432781896,4177.581085752973
23449.442920310572,0.025898554006151573,10518.535892952104,4177.58682780121
23449.47079614603,0.03114311017737721,10518.550348521201,4177.592196731382
23449.52594547971,0.041626371015643954,10518.578947305443,4177.602818580481
23449.60853812218,0.05646025985428273,10518.62177736349,4177.618726054025
23449.709903227355,0.07306233494212712,10518.674342255606,4177.638249133019
23449.855823478134,0.09451452231810498,10518.750012105025,4177.6663536022
23450.07480389046,0.12287368612681529,10518.863568755009,4177.708529570726
23450.396412693615,0.15895306846826843,10519.030345399358,4177.7704719220455
23450.86263968176,0.20361300238813432,10519.272116681717,4177.860267947878
23451.53531294387,0.2577567366086122,10519.620944788709,4177.989825816861
23452.502371563132,0.32174154290588514,10520.122432283511,4178.176082695751
23453.88465688459,0.394419189349531,10520.839243853832,4178.442312737667
23455.841163989953,0.47153939571042996,10521.853829570484,4178.81913848653
23458.561759215932,0.5429745098493847,10523.264648414535,4179.343128199539
23462.196930026348,0.5884378506691101,10525.149738677801,4180.043265519424
23467.233404506103,0.5693349486948605,10527.761502945732,4181.013293953385
23470.774164739036,0.49561972751913935,10529.59763481018,4181.695245901218
23473.662015857633,0.38702870216303376,10531.09518765305,4182.251446723388
23475.108308199156,0.30823681155391996,10531.845191425624,4182.530002792083
23476.237564249364,0.2281108470417827,10532.43078970307,4182.747497549259
23476.792654581048,0.17904787674019512,10532.71864288173,4182.854407940121
23477.24156591112,0.13155595568635295,10532.951434818968,4182.940868243302
23477.473715513413,0.10265355079067906,10533.071820632666,4182.9855802422135
23477.653518750558,0.07706316416305471,10533.165061193147,4183.020210332275
23477.77187691865,0.05799093909550863,10533.226438185658,4183.04300610558
23477.868864887198,0.04060300230799471,10533.276733234312,4183.061685979617
23477.930863279507,0.028800976424727506,10533.308883739224,4183.07362686412
23477.97355330177,0.02125183648788713,10533.331021503118,4183.081848958243
23478.010379251307,0.017265942766271854,10533.350118334954,4183.088941632446
23478.037104287312,0.017592843534050724,10533.363977136285,4183.0940888716605
23478.063829323317,0.02058778411815329,10533.377835937617,4183.099236110834
23478.092749413936,0.025422534979513564,10533.392833028378,4183.104806117251
23478.120689709973,0.030656660310034223,10533.407322027084,4183.110187415287
23478.172441312345,0.04051219575646988,10533.434158854403,4183.120154768262
23478.25470571003,0.055376911696481776,10533.47681870134,4183.135998881961
23478.353818306336,0.07172640084963318,10533.5282155183,4183.155087956281
23478.495349066412,0.09271181642342716,10533.601609121592,4183.182346762917
23478.708097602066,0.12053903100599947,10533.711934125386,4183.22332210197
23479.020924768152,0.15602265693364828,10533.874156902753,4183.2835725667865
23479.474712108346,0.20002008425590231,10534.109477395337,4183.370971929517
23480.129586957144,0.25344341784953606,10534.449075834564,4183.4971006899605
23481.07135740512,0.31671846170782686,10534.937449721936,4183.678485439072
23482.418213307745,0.3888507939860965,10535.635888771989,4183.937889452863
23484.32632307356,0.46589427088599106,10536.62537724035,4184.305390596891
23486.98425567298,0.5382816204141861,10538.003701347816,4184.817306947316
23490.552146999133,0.5866243768333702,10539.853902783743,4185.504480190377
23495.44696521264,0.5747683469610138,10542.392208766329,4186.44721735325
23498.903139009562,0.5100950440835802,10544.184476925166,4187.112872168534
23502.359312806486,0.38483000152568203,10545.976745118109,4187.778526279591
23503.64308157713,0.31542398795748544,10546.642469152817,4188.025778122308
23504.926850347776,0.22501181122755037,10547.30819319223,4188.2730298679035
23505.404128047194,0.18287418345681256,10547.555695115303,4188.364952740014
23505.88140574661,0.13289667991959817,10547.803197039028,4188.456875598702
23506.101567941347,0.1057644018618231,10547.917366561087,4188.499278451761
23506.29729267881,0.07821677926674335,10548.018863549634,4188.5369746909555
23506.41642490138,0.05914867342244242,10548.08064195331,4188.55991934578
23506.51464825768,0.041647743466049006,10548.131577645,4188.578836989406
23506.578938240178,0.029423326877459636,10548.164916505046,4188.591219125319
23506.622757776673,0.02158879527061804,10548.187640004697,4188.599658689717
23506.659791011207,0.017362970714182822,10548.206844331342,4188.606791224402
23506.687895812876,0.017554406490075967,10548.221418640023,4188.612204158843
23506.716000614546,0.020707393445245317,10548.235992948707,4188.617617093239
23506.74513485534,0.025608982827985086,10548.251101093703,4188.623228295714
23506.772981851725,0.0308346253803851,10548.265541712291,4188.62859157718
23506.825997322067,0.04092441500292321,10548.293033947934,4188.638802261379
23506.908360710477,0.05577403738737437,10548.335745135233,4188.654665301465
23507.008298745397,0.07221648867515659,10548.38757000806,4188.673913186241
23507.15143407171,0.09337316129679779,10548.461795702951,4188.701480790188
23507.366465443232,0.12139615204530828,10548.573304534499,4188.742895439625
23507.682510414183,0.1570991363618144,10548.73719599475,4188.803765118884
23508.140853357923,0.20134032070743285,10548.974878924115,4188.89204111514
23508.80224618083,0.255028905780615,10549.317857443235,4189.019424117667
23509.75327879463,0.31856580242387883,10549.81103448971,4189.202591149093
23511.113115055905,0.390900505175414,10550.516204875623,4189.46449287526
23513.03896652505,0.4679758286328146,10551.514893816824,4189.835407804592
23515.719904340498,0.5400196449887298,10552.905147959022,4190.351750407379
23519.312697376125,0.5873129469348892,10554.768262969443,4191.043713614478
23524.26045560662,0.5728191793720392,10557.334022464087,4191.996638581915
23527.719244601172,0.5056440700602012,10559.127647070258,4192.662791212139
23530.81872242801,0.39384379540366504,10560.734943671856,4193.259740966193
23532.267288877538,0.3170125456484037,10561.486126964866,4193.53873014885
23533.48322306937,0.23263131288073408,10562.116674122215,4193.772915020749
23534.0366589259,0.18456774743400167,10562.403669430143,4193.879504893003
23534.520215745702,0.1342340645837049,10562.654427557138,4193.972636284631
23534.75277634331,0.10565378337563312,10562.775026538673,4194.017426656394
23534.94429373224,0.07872631335084548,10562.874341737877,4194.054312244847
23535.064351098496,0.05956162614244198,10562.936599903167,4194.0774348783425
23535.163005266113,0.04202317987012916,10562.987759008762,4194.096435329174
23535.228211241792,0.029631185654372987,10563.021572880767,4194.108993773827
23535.272362383417,0.021709832308864793,10563.044468344513,4194.117497130359
23535.309431899102,0.017403165315263078,10563.063691488502,4194.1246365902425
23535.338294135592,0.01755646662493067,10563.078658582559,4194.130195356621
23535.36715637208,0.02082476111442098,10563.09362567662,4194.135754122952
23535.396863639817,0.02585740232707013,10563.109030978656,4194.141475639309
23535.424723450873,0.031097051044865688,10563.123478244823,4194.146841341893
23535.47955675091,0.04152216342148561,10563.151913156997,4194.157402044383
23535.562110798845,0.056357588613533016,10563.194723221355,4194.173301665978
23535.663262707963,0.07293584665464789,10563.247177581256,4194.192783170201
23535.808765768892,0.09434380058515363,10563.32263112431,4194.220806550225
23536.027155704374,0.12265272921451406,10563.43588162441,4194.262867684723
23536.347932478715,0.15867576144135856,10563.602226882433,4194.324648159678
23536.81297943405,0.20327276937211805,10563.843386349492,4194.414214551735
23537.48396348196,0.2573478156348368,10564.191338645594,4194.543443674079
23538.448620995903,0.32126448911125394,10564.691581236279,4194.729233206899
23539.827540495353,0.3938888002665277,10565.406647731084,4194.9948079983005
23541.779446353405,0.4709987094809886,10566.418847858366,4195.370737650483
23544.494077734635,0.5425186570915022,10567.826574697963,4195.893564968584
23548.122848909486,0.5882449517713194,10569.708347192645,4196.592451336819
23553.146284335,0.5698129694654184,10572.31335103033,4197.559943014693
23556.676547240695,0.49701366568737165,10574.14404016113,4198.239855314377
23559.593484353445,0.38795419167039386,10575.656676841294,4198.801643353003
23561.039915815505,0.30944534880028446,10576.406753111849,4199.080218900907
23562.181139433884,0.22871792454801476,10576.99855769026,4199.300012840618
23562.735864015165,0.17980578866082764,10577.28622133759,4199.4068499825635
23563.189539482435,0.1319172768045465,10577.521483924436,4199.494225564053
23563.421714732533,0.1030631072012254,10577.64188309517,4199.538941328584
23563.603112159803,0.0772890700357031,10577.73595039921,4199.5738775422005
23563.72169968807,0.05820449118470832,10577.797446360062,4199.596716890547
23563.81888714095,0.04080082210526607,10577.847844879101,4199.6154346937665
23563.881300224297,0.028921936357577584,10577.880210445617,4199.6274551320985
23563.92421994132,0.02131533922600974,10577.902467332828,4199.635721248365
23563.96109532353,0.01728273113736051,10577.921589807993,4199.642823256816
23563.988005437448,0.017580860570285836,10577.935544591763,4199.648006005933
23564.014915551365,0.020589202955879658,10577.949499375534,4199.653188755008
23564.043785104375,0.025415097472370234,10577.964470266075,4199.658748881892
23564.07172200895,0.030648170304494446,10577.978957512913,4199.664129385457
23564.12342021567,0.04049376593339589,10578.005766663508,4199.674086192999
23564.205681279087,0.05535927219852039,10578.048424801538,4199.6899292485305
23564.304757532238,0.07170457975594555,10578.099802796289,4199.7090108221455
23564.446217675824,0.09268231758121384,10578.173159814629,4199.736255312714
23564.658865628327,0.12050067466972592,10578.283432711089,4199.77721020416
23564.97155068004,0.15597422672237343,10578.445581868771,4199.837431716642
23565.425136296326,0.19996021992928947,10578.68079786445,4199.924789933861
23566.079721533155,0.2533706954466445,10579.020246279866,4200.050859605414
23567.021078512065,0.31663223726610934,10579.508405985047,4200.2321599612105
23568.367350976197,0.3887523641306475,10580.206542810947,4200.491444799252
23570.274654303103,0.4657889402699116,10581.195613551079,4200.858780983189
23572.931517738016,0.5381822813066363,10582.573383871988,4201.370477987196
23576.498163840235,0.5865565609687934,10584.422940444529,4202.057393383096
23581.39065708571,0.5747897459538127,10586.960041964563,4202.999658053653
23584.848291661267,0.5101545483421954,10588.75306848442,4203.665576759746
23588.305926236822,0.3848900646912169,10590.546095038117,4204.331494766539
23589.590161138036,0.3154761667049055,10591.21206110785,4204.578829906017
23590.87439603925,0.2250473311027248,10591.878027182249,4204.826164949063
23591.351794025697,0.1829048640600497,10592.125591599155,4204.918108580127
23591.829192012145,0.13292091112312393,10592.373156016705,4205.010052197868
23592.049416229544,0.10578397993224113,10592.487357755635,4205.052465885593
23592.245203636296,0.07823011423731678,10592.588887290403,4205.090173207269
23592.364350994954,0.05916113268004799,10592.650673572294,4205.113120176329
23592.462588036764,0.041659023306351156,10592.701616384868,4205.132039960284
23592.52690492992,0.029429723472576146,10592.734969215679,4205.144426954749
23592.570735141817,0.02159246365294908,10592.757698261976,4205.152868354147
23592.607769945997,0.01736415815024852,10592.776903411634,4205.160001004354
23592.63589541766,0.017554359415183077,10592.791488446022,4205.1654177779465
23592.664020889326,0.02071030892712285,10592.806073480415,4205.170834551493
23592.693166537585,0.02561461915803915,10592.821187548097,4205.176447804027
23592.72101251706,0.03084031983091464,10592.835627646144,4205.181810749195
23592.774067719216,0.04093741845103014,10592.863140498472,4205.192028818084
23592.85643491911,0.05578661341534044,10592.905853682403,4205.207892176836
23592.956399453527,0.07223196689573833,10592.957692321483,4205.2271446611985
23593.09958621472,0.09339399431774313,10593.031944723924,4205.254721449259
23593.314690696254,0.12142303313717973,10593.143491520652,4205.296149094706
23593.630838389086,0.15713264670601448,10593.307436326582,4205.357036963609
23594.08932622443,0.20138096004034725,10593.545194504326,4205.445338553542
23594.75092536806,0.2550768938878639,10593.888280176701,4205.5727579567365
23595.702249268787,0.3186202506058626,10594.381608508078,4205.755976292461
23597.06248981845,0.3909582067067106,10595.086988877847,4206.0179490255205
23598.988884999795,0.46802915016078517,10596.085960242026,4206.388958961332
23601.670504607213,0.5400529778464379,10597.476568595403,4206.905419359893
23605.26394808745,0.5872982183092547,10599.340021783397,4207.597489734521
23610.213401913843,0.5726934045679101,10601.906661770065,4208.550716339439
23613.673550028914,0.5053732183392124,10603.700992018768,4209.217113310376
23616.767758408252,0.39364590544290695,10605.305556796124,4209.813032610908
23618.215951735976,0.31678192015134926,10606.056546952022,4210.0919426439405
23619.429753543616,0.23250082575950085,10606.685988614196,4210.325710718506
23619.98309407805,0.18442352326029687,10606.972934625663,4210.432279448174
23620.465795619122,0.13415782860484599,10607.223249348175,4210.525243687684
23620.69830216773,0.105574394721899,10607.34382035812,4210.570022480154
23620.88952207713,0.07868020402663527,10607.44298133988,4210.606849813152
23621.00953052532,0.059518478900584655,10607.505214166937,4210.629962421508
23621.10813682656,0.04198455562389661,10607.556348474463,4210.648953157419
23621.173247886516,0.029609941227922452,10607.590113141861,4210.661492994106
23621.21736556954,0.021697390512943546,10607.612991265718,4210.669989684704
23621.254432649563,0.017398898838250878,10607.632213155668,4210.677128489032
23621.28321007643,0.017555878111859515,10607.647136276995,4210.682670776616
23621.3119875033,0.02081071476990786,10607.662059398324,4210.688213064152
23621.341614570832,0.025825540127461744,10607.677423118143,4210.693918985199
23621.36946494179,0.031061934296500313,10607.691865495734,4210.699282729561
23621.424056658012,0.04144254839061912,10607.720175143046,4210.709796629247
23621.50658239326,0.05627932267946625,10607.762970545382,4210.725690382804
23621.607571855286,0.07283939198860684,10607.815340689654,4210.745140092302
23621.752757255745,0.09421360165518369,10607.890629538819,4210.773101561751
23621.9706973295,0.12248415857384022,10608.003646807108,4210.815074958247
23622.290840100726,0.1584641078508923,10608.169663367979,4210.876731716211
23622.75498785123,0.20301295239669442,10608.410356647237,4210.966122590181
23623.424684437952,0.25703531156190673,10608.757641467402,4211.095100384095
23624.387511358367,0.32089949727609174,10609.25693500125,4211.280532509477
23625.76386357683,0.39348222444065095,10609.970670515677,4211.545605931708
23627.712257065654,0.47058272778069404,10610.981049707112,4211.920849320158
23630.422328327724,0.5421647517792192,10612.386412464108,4212.442784757006
23634.046173528193,0.5880874289832707,10614.265631376455,4213.14070419647
23639.059627112507,0.5701590704976328,10616.86546014717,4214.106248239652
23642.58118100553,0.498067303829737,10618.691633898827,4214.784465548635
23645.520462006283,0.3886524226077447,10620.215858167283,4215.350542162997
23646.966870107924,0.3103658727785751,10620.96592267499,4215.629105954148
23648.117284498727,0.2291783727891289,10621.562493593527,4215.850664218424
23648.671692355678,0.18038425938001748,10621.84999313164,4215.957437579266
23649.129031497374,0.1321913978730033,10622.08715570196,4216.045516471244
23649.361210328338,0.10337588908610112,10622.207556785987,4216.090231760575
23649.543834325163,0.0774607117928813,10622.302260196802,4216.125403288967
23649.662595566588,0.058366902285760996,10622.363846268954,4216.148275497752
23649.759941963963,0.04095001953347798,10622.414327235505,4216.167023424483
23649.822674911065,0.02901201120056581,10622.446858689067,4216.179105152201
23649.865763045636,0.021363173732532402,10622.469202923063,4216.18740348865
23649.902672815373,0.01729582127982415,10622.488343239535,4216.194511934787
23649.929743510336,0.017573235727831246,10622.502381302425,4216.199725475176
23649.9568142053,0.020596235377213414,10622.516419365316,4216.204939015521
23649.985669341826,0.02542115820541545,10622.531382786905,4216.210496221102
23650.013598610974,0.030653066490755082,10622.545866081016,4216.215875114006
23650.065334877323,0.040505698140212085,10622.57269498076,4216.2258389920835
23650.14759873058,0.05537069262703147,10622.615354585485,4216.241682172221
23650.246699024734,0.07171864115720483,10622.66674507124,4216.260767878845
23650.388205741925,0.09270124284216597,10622.740126275612,4216.288020629349
23650.600920054185,0.1205251100756588,10622.850433635898,4216.3289872342275
23650.913698372395,0.15600469858747554,10623.012631234727,4216.389225140291
23651.367415413857,0.19999716288095729,10623.24791549371,4216.476606393305
23652.022187734263,0.2534142918759734,10623.587461084011,4216.60270881176
23652.963808784032,0.3166816531178031,10624.07575795699,4216.784055303255
23654.310447687156,0.38880464041202584,10624.774085134008,4217.043403961739
23656.21824373055,0.4658370625640574,10625.763411845104,4217.410825473465
23658.875725106544,0.5382119270733856,10627.141503256467,4217.922628166112
23662.44296452472,0.5865419055655169,10628.991368370016,4218.609639951741
23667.33704941862,0.5746734535342833,10631.52929645785,4219.55218664351
23670.792196641305,0.5100037443242501,10633.321033947559,4220.217608996531
23674.24734386399,0.3847573274242837,10635.11277147077,4220.883030656711
23675.53070672416,0.3153651304470846,10635.778285636663,4221.130191423073
23676.81406958433,0.22497274364866263,10636.443799807173,4221.377352093887
23677.291233576605,0.18284156437348784,10636.691242997162,4221.469248271352
23677.76839756888,0.1328717578428394,10636.938686187787,4221.56114443561
23677.98850194293,0.10574439962215226,10637.05282583279,4221.603533940928
23678.18416989502,0.07820277579758562,10637.154293469279,4221.641217277354
23678.303285139344,0.05913614931338981,10637.21606312646,4221.664157465385
23678.4014950031,0.041636622282780415,10637.266991869074,4221.683071523617
23678.46575937198,0.02941699362761365,10637.300317477908,4221.695448080705
23678.50956827687,0.02158525986789089,10637.323035485628,4221.703885157316
23678.54660036198,0.017361873333263982,10637.342239234218,4221.7110170985525
23678.574684930074,0.017554506442758057,10637.356803064029,4221.716425853871
23678.602769498168,0.020704533997029272,10637.371366893842,4221.721834609145
23678.631892845176,0.025603436559398708,10637.386469403806,4221.727443420889
23678.65974146764,0.030829078631044535,10637.400910879167,4221.732806735737
23678.71271818099,0.04091161825948195,10637.428383042352,4221.743009423145
23678.795078629046,0.05576160177368692,10637.471092744914,4221.758871069445
23678.894991498113,0.07220107582097532,10637.522904616058,4221.7781131035035
23679.038077568177,0.0933522568805966,10637.5971048377,4221.805669783222
23679.25303898471,0.12136885563169057,10637.70857749719,4221.847068799809
23679.568984749218,0.157064389910604,10637.87241766555,4221.907916197964
23680.0271860211,0.20129681009863895,10638.110027350876,4221.996160305363
23680.68837417062,0.2549750512970314,10638.452900053911,4222.1234972461925
23681.639112218618,0.3185001766534559,10638.9459248095,4222.306597994856
23682.998528014406,0.3908223702419528,10639.650877815284,4222.568405086644
23684.92378761793,0.46788612944682706,10640.649260768216,4222.93918669012
23687.60391344233,0.5399227987694315,10642.039095138189,4223.455345996741
23691.195663641174,0.5872196613163433,10643.901671108997,4224.147072305289
23696.141860517353,0.5727545913009657,10646.466623333072,4225.0996469343645
23699.599491460463,0.5056247090005506,10648.259649086138,4225.765541850079
23702.69946667611,0.39382553140689064,10649.867205122428,4226.3625563188225
23704.147758837706,0.31701545838807677,10650.618246880278,4226.641478156713
23705.363909136056,0.23262442797118044,10651.248906693723,4226.875692460697
23705.917235350404,0.18457221040007524,10651.535845412773,4226.98225567077
23706.40087969035,0.13423105756630022,10651.786649159585,4227.0753990715975
23706.633403736247,0.10565580618500245,10651.907229299226,4227.120180073442
23706.824946150384,0.0787253210507691,10652.006557568615,4227.1570685622055
23706.94500043588,0.059561286672635785,10652.068814194516,4227.180189399302
23707.04365447072,0.042023008294601365,10652.119973279081,4227.199188835966
23707.108860612723,0.02963107945448768,10652.15378726895,4227.211746659239
23707.153011558607,0.021709832729414315,10652.176682652595,4227.220249535648
23707.190081337278,0.01740319441818723,10652.19590595093,4227.227388674719
23707.218943213058,0.017556493723811167,10652.210872871927,4227.2329470824125
23707.24780508884,0.02082468138828002,10652.225839792927,4227.238505490058
23707.277511886048,0.025857170179831794,10652.241244865363,4227.244226618114
23707.305371982726,0.031096821465546143,10652.255692293149,4227.249592096535
23707.36020367637,0.04152155517083706,10652.284126398878,4227.260151940197
23707.442758046298,0.05635694952861286,10652.326936670233,4227.276050796575
23707.543909320386,0.07293498455190434,10652.37939074986,4227.29553116492
23707.68941087978,0.09434252968516516,10652.454843584796,4227.323552797791
23707.907798712327,0.12265086297804308,10652.568093100239,4227.365611339006
23708.228571881413,0.15867293192193244,10652.734436644176,4227.427387905507
23708.693612530515,0.2032683783258771,10652.975593066425,4227.516948423541
23709.36458553854,0.25734090027217854,10653.323539962787,4227.646168697189
23710.329223526544,0.32125348340951865,10653.823772895414,4227.831944805434
23711.708107735754,0.3938711362189914,10654.538821757951,4228.097498987588
23713.65994748607,0.47097016207242187,10655.550988549423,4228.473396358791
23716.374446376703,0.5424723294360274,10656.958647998248,4228.996170978142
23720.002897660972,0.5881704519029105,10658.840256364267,4229.694959413892
23725.026288352175,0.5696873789763386,10661.445239435556,4230.662392208993
23728.556626948375,0.49682483327810456,10663.27596952526,4231.342283773338
23731.470549166872,0.387819668361653,10664.787044180448,4231.90346201952
23732.916634585443,0.30930060345744403,10665.536941702416,4232.181956463759
23734.056635445646,0.22863421310233045,10666.128112746033,4232.401503510496
23734.611266508193,0.17971754753421346,10666.415728165466,4232.508317097349
23735.064455712665,0.1318687381292304,10666.650738809987,4232.595594497433
23735.296582609713,0.10301475630268056,10666.771113018482,4232.640298629358
23735.477811111235,0.07725988586042569,10666.865092810263,4232.67520049744
23735.59636667874,0.05817755681260687,10666.926572254524,4232.698032505411
23735.693528844233,0.040776073515700964,10666.976957707242,4232.71674446734
23735.75588992564,0.028906912111155172,10667.009296337244,4232.728754267114
23735.798781388505,0.02130745756619665,10667.031538593423,4232.737014513109
23735.835651112655,0.01728064653094831,10667.05065815231,4232.744115063363
23735.86253642774,0.017582279866420854,10667.06460008914,4232.7492927676585
23735.889421742824,0.020588542028422422,10667.07854202597,4232.75447047191
23735.918295826625,0.025415053687371614,10667.093515280003,4232.760031182833
23735.946233984723,0.03064832160585084,10667.108003190384,4232.765411648605
23735.99793253214,0.04049390076688263,10667.134812542643,4232.7753680050855
23736.080194114784,0.0553593535123068,10667.17747098969,4232.791210338499
23736.179271235735,0.07170461173966149,10667.228849482348,4232.810291089081
23736.320732757675,0.09268225504574118,10667.302207283836,4232.837534431379
23736.533382731577,0.12050038394214746,10667.412481331316,4232.878487586993
23736.846070030897,0.15597339512125116,10667.574631805672,4232.938706407551
23737.299657671145,0.1999583116088682,10667.80984907014,4233.0260604818595
23737.954243864642,0.25336681718621046,10668.149298298005,4233.1521237966945
23738.89559853134,0.316624869162076,10668.637457259047,4233.333414301345
23740.241860202263,0.38873891891028406,10669.335589138407,4233.5926836105
23742.149131833754,0.465765032038558,10670.324644363662,4233.959994637813
23744.805910282936,0.5381405686850618,10671.702371896721,4234.471648740275
23748.372303582393,0.5864855965904429,10673.551799095296,4235.158479839679
23753.264914176794,0.5746649063528296,10676.088963830376,4236.10071828018
23756.720627108214,0.5100184854963887,10677.88099550987,4236.766232413184
23760.176340039634,0.384778985692247,10679.673027222589,4237.4317458585065
23761.459914010975,0.31538409453335153,10680.338651172595,4237.678940908505
23762.743487982316,0.2249844346977256,10681.004275127185,4237.926135863666
23763.220692293562,0.18285222058906103,10681.251739339914,4238.018037436865
23763.69789660481,0.1328808731303951,10681.499203553278,4238.109938996957
23763.918026089563,0.10575171968798339,10681.613356272774,4238.1523322454805
23764.11371874014,0.07820771791581416,10681.714836764126,4238.190019367058
23764.232839389944,0.05914087911852267,10681.776609253011,4238.212960004772
23764.33105449799,0.04164095007638565,10681.827540738723,4238.23187458543
23764.39532935394,0.029419447047559773,10681.860871801267,4238.244252843132
23764.439142355433,0.021586684043979346,10681.883591943875,4238.252690491204
23764.476175138614,0.01736234216683774,10681.90279606335,4238.259822383045
23764.504267578213,0.017554494184116483,10681.917363981833,4238.265232514868
23764.532360017813,0.020705630296427056,10681.931931900317,4238.270642646647
23764.561487605235,0.02560553218769987,10681.947036616224,4238.276252130452
23764.58933593506,0.030831199318794644,10681.961477946514,4238.281615250698
23764.64232744125,0.04091643537812818,10681.988957793545,4238.29182052398
23764.724689455652,0.05576624521537966,10682.031668328127,4238.307682063092
23764.824612328153,0.07220676840002233,10682.083485410732,4238.326925527675
23764.96771772384,0.0933598850105954,10682.157695688406,4238.354485218912
23765.182706625543,0.12137863025925641,10682.269182652475,4238.395888461637
23765.49869081574,0.1570764237106665,10682.433042823075,4238.456741691654
23765.956945919774,0.20131111429623846,10682.670680534105,4238.544993891898
23766.618210104392,0.2549914192960359,10683.013592825335,4238.672342194103
23767.569054317148,0.3185177932041584,10683.50667286292,4238.8554586698065
23768.92861500918,0.3908392256168135,10684.21170133371,4239.117286920092
23770.854063906623,0.46789801017087757,10685.210182910629,4239.48809542571
23773.534412363613,0.5399216138751212,10686.60013337392,4240.004284312201
23777.126318397957,0.5871914412771243,10688.462791017324,4240.696022819352
23782.073166265203,0.5726682357784939,10691.028082011357,4241.6486982974675
23785.531317902376,0.5054646104849527,10692.821378609196,4242.314676355048
23788.628368036607,0.3937073729760682,10694.427418525647,4242.91111214874
23790.076380726732,0.3168832385464454,10695.178315704363,4243.189972992274
23791.291350952848,0.23254759121525312,10695.808363857763,4243.42395401326
23791.8445963362,0.18449008629291308,10696.09526079261,4243.530498916792
23792.327767516505,0.1341863926301386,10696.345819288337,4243.623548800971
23792.56025181654,0.10561049092739233,10696.466378872567,4243.668320997173
23792.751628359976,0.07869850315364044,10696.565621172069,4243.705176593912
23792.87165373766,0.0595363206970279,10696.627862835943,4243.728291269481
23792.970280122587,0.04200068775013397,10696.679007605671,4243.747284892828
23793.035431482305,0.029618809480136267,10696.712793202641,4243.759831843198
23793.079563128933,0.021702654226129967,10696.735678588819,4243.768330784332
23793.116631589175,0.017400734780900408,10696.754901212324,4243.7754694859605
23793.145444275568,0.01755614948297595,10696.769842632042,4243.7810182777885
23793.17425696196,0.0208165080606133,10696.784784051762,4243.786567069569
23793.20391675216,0.025838558150560867,10696.80016475484,4243.792278997864
23793.231771115832,0.03107625963671788,10696.814609216322,4243.797643234277
23793.28646141165,0.041474935588489234,10696.842970010375,4243.808175575857
23793.368999202663,0.05631109321432369,10696.885771704137,4243.824070830717
23793.470055443177,0.07287845853575582,10696.938176526319,4243.843532396559
23793.615371084765,0.09426620600834688,10697.013532984505,4243.871517504737
23793.833495658204,0.12255200332630357,10697.126646033686,4243.913524265926
23794.153897682198,0.15854870918198907,10697.292797189326,4243.975227768719
23794.618411680098,0.20311570101809157,10697.533680616843,4244.064684561336
23795.288630228155,0.25715692884510855,10697.881236432731,4244.193756218588
23796.25219469942,0.3210380146115453,10698.380912901554,4244.3793208127945
23797.6295717748,0.39363001581504525,10699.09518053812,4244.644577924852
23799.579345975504,0.47072132581997334,10700.106276662376,4245.020067851736
23802.291153800263,0.5422561275506294,10701.512541251624,4245.542310793801
23805.916663320055,0.5880632030747314,10703.3926249712,4246.240514757337
23810.934221415908,0.569863929620572,10705.994584627957,4247.2067994751205
23814.45960369463,0.4973988313910838,10707.822745358284,4247.885719106016
23817.38586376772,0.388198024743672,10709.340218761577,4248.449258984892
23818.831876168002,0.3098055068409697,10710.090078763436,4248.727732224711
23819.976956664414,0.228884434445308,10710.683884230757,4248.948251877783
23820.531386768307,0.18003525584896424,10710.971395571194,4249.055024024943
23820.986600220684,0.132017996832965,10711.20745603997,4249.1426890165985
23821.218720606463,0.1031863556417017,10711.327826927285,4249.187390748275
23821.400625229442,0.07735358656519747,10711.422157379242,4249.222421928838
23821.519275154027,0.058266348878380274,10711.483685782623,4249.245271522643
23821.61652054752,0.04085835331082271,10711.534114418144,4249.263999032813
23821.679057577105,0.02895666116877353,10711.566544304635,4249.276042408727
23821.72204218435,0.02133384580426896,10711.588834873013,4249.284320380657
23821.758931561042,0.017287788568783394,10711.607964631932,4249.291424533532
23821.78590134688,0.017577822618630102,10711.621950379254,4249.296618372436
23821.81287113272,0.020591281097066517,10711.635936126577,4249.301812211297
23821.841732988618,0.02541620069426373,10711.650903046462,4249.307370424789
23821.869668000967,0.03064890678754882,10711.665389332213,4249.3127501467925
23821.92137285341,0.040495622444598166,10711.692201966409,4249.322707462207
23822.00363510507,0.055360990602141835,10711.73486078001,4249.338549518253
23822.102715956134,0.07170659565367128,10711.78624123063,4249.357630497944
23822.24418460091,0.09268488044038609,10711.859602759556,4249.384874513436
23822.45684474144,0.12050368308720409,10711.969882129877,4249.425828576915
23822.769546077034,0.1559773075301038,10712.132039957623,4249.486048556623
23823.22315300507,0.19996266773126553,10712.367267332365,4249.573404105775
23823.87776582764,0.25337125840365704,10712.706730525417,4249.699469316962
23824.819156506772,0.31662862481744136,10713.19490838596,4249.8807621094875
23826.16546488834,0.38874046138965873,10713.893064809132,4250.140033768467
23828.07279193597,0.46576149166530656,10714.88214922632,4250.507346054106
23830.729620424143,0.5381267802468612,10716.25990334143,4251.018996682731
23834.295988086997,0.5864530171558809,10718.109318095449,4251.705805251043
23839.188871906415,0.5745949062174684,10720.646625682475,4252.648072181549
23842.64343991744,0.5099380463047628,10722.438064462232,4253.313348792165
23846.098007928464,0.3847097533751441,10724.22950327491,4253.978624720876
23847.381146316482,0.3153270878978909,10724.894901649455,4254.2257295629815
23848.6642847045,0.22494683870986826,10725.560300028543,4254.47283431105
23849.141375321753,0.18282037439035637,10725.807705396386,4254.5647116386335
23849.618465939006,0.13285608139409902,10726.055110764859,4254.6565889532185
23849.83853575139,0.1057318058943347,10726.169232592358,4254.698969625908
23850.03416959152,0.07819388685442667,10726.270682632865,4254.73664445802
23850.153273808828,0.05912833213017643,10726.332446628667,4254.759581344493
23850.251475317003,0.04162973539323237,10726.383371085243,4254.778492822383
23850.315724066,0.029413063753444674,10726.416688624764,4254.7908657358885
23850.359526357573,0.02158309088372676,10726.43940322394,4254.799301105678
23850.396557826425,0.01736121304438073,10726.458606670652,4254.806432562015
23850.42462993771,0.017554584210325325,10726.47316405414,4254.8118386406895
23850.45270204899,0.02070277754578975,10726.48772143763,4254.817244719317
23850.481818818942,0.025600031864772072,10726.502820550837,4254.822851976457
23850.50966861382,0.03082569051574495,10726.517262647487,4254.828215241687
23850.562621632955,0.040903766214280636,10726.54472254885,4254.838412842212
23850.644980496156,0.0557539573596568,10726.587431468903,4254.8542733688355
23850.744878163492,0.07219157340216831,10726.639235504606,4254.873511487335
23850.88793436768,0.09333932754338735,10726.71342030703,4254.901061000576
23851.102853381482,0.12135189005652812,10726.824871080395,4254.942449725629
23851.418738770808,0.15704261308999953,10726.988680090877,4255.003282372619
23851.87685336799,0.20126920269866716,10727.226245048112,4255.091505257614
23852.537915533812,0.2549402904323265,10727.569052735502,4255.218811399163
23853.488470825774,0.318456789215883,10728.06198317324,4255.401867553181
23854.847622821268,0.39076889297909256,10728.7668000291,4255.663610403865
23856.772504611028,0.46782143746138494,10729.764987978127,4256.034300218811
23859.452095738117,0.539846761215882,10731.154546349097,4256.550330068898
23863.043101778996,0.5871344541353057,10733.016738135355,4257.241877584871
23867.988369054714,0.5726660720754867,10735.581210655173,4258.194224347506
23871.44532441268,0.5055389475521795,10737.373887718131,4258.8599550281
23874.544397030408,0.39375909544684873,10738.980977171004,4259.45676508432
23875.992351093493,0.31695937212861475,10739.731844290987,4259.735607522395
23877.20814936887,0.23258511605756457,10740.362322135023,4259.969742037008
23877.76135405424,0.18453944338438177,10740.64919809631,4260.076276385036
23878.24485791813,0.13420898296406492,10740.899929226734,4260.169387962673
23878.47733580776,0.10563737961046485,10741.020485541854,4260.214157782305
23878.66882454408,0.07871270334241279,10741.119786066736,4260.251034044656
23878.788863653626,0.059549997032734614,10741.182034880025,4260.274150775056
23878.887505371804,0.04201301816967368,10741.233187624526,4260.293146866748
23878.95268743333,0.029625581745627138,10741.26698915802,4260.30569940953
23878.996829722088,0.02170666279896128,10741.289880073364,4260.314200183303
23879.033899133123,0.01740212948309038,10741.309103198713,4260.321338885944
23879.062738948083,0.017556359520172614,10741.324058693357,4260.326892760567
23879.091578763044,0.020820993262095078,10741.339014188003,4260.332446635142
23879.121264222267,0.025848710984451007,10741.354408209329,4260.338163360996
23879.149121886025,0.031087477522060446,10741.368854388747,4260.343528096104
23879.203889322598,0.04150030663593059,10741.397255198737,4260.354075024544
23879.286436517545,0.056336011128789096,10741.440061788684,4260.369971684946
23879.387544934954,0.07290911735226126,10741.492493692263,4260.389442802441
23879.53296243946,0.09430751943505108,10741.56790300808,4260.4174468132405
23879.75123127719,0.1226053450996564,10741.681090920283,4260.459480284939
23880.07183619213,0.15861536067968138,10741.84734736529,4260.521221286012
23880.536637163037,0.2031969107082793,10742.088379718873,4260.610731061358
23881.20726526026,0.2572535227555129,10742.436148074055,4260.739878296418
23882.17140951431,0.3211488891828843,10742.936125429958,4260.925549810977
23883.54959444703,0.39374993668859787,10743.650812324566,4261.190955733504
23885.50046206293,0.47083707087720567,10744.662475924559,4261.56664665296
23888.21365846568,0.5423399760814039,10746.06946123296,4262.089143689838
23891.84055030863,0.5880647794663694,10747.950262644415,4262.78759606285
23896.861308321095,0.5696685360242844,10750.553882873926,4263.754472391458
23900.38952796053,0.496933218425058,10752.383515812287,4264.433921139515
23903.30658130705,0.3878832901640599,10753.89621556518,4264.995673683715
23904.752368791953,0.3094123465699184,10754.645959274525,4265.274096523029
23905.893673406434,0.2286802912619898,10755.237806949195,4265.493883423469
23906.44814327497,0.17979003160512835,10755.525339041571,4265.600660511515
23906.901852600044,0.13189731357744425,10755.760619620945,4265.688033615258
23907.13393941708,0.10305335579878835,10755.880973155376,4265.732727745112
23907.315336515494,0.07727882143310263,10755.975040462741,4265.767660297856
23907.433909158382,0.05819605866911878,10756.036528818124,4265.790494427809
23907.531088598073,0.040793385265984514,10756.0869232749,4265.8092087604755
23907.59348702585,0.028917398443387584,10756.119281301279,4265.8212251387495
23907.636398189163,0.021313056769890707,10756.141533793916,4265.829488756614
23907.67327236396,0.017282181151128482,10756.160655678295,4265.83658980125
23907.700175024736,0.017581342023990736,10756.17460662287,4265.841770581409
23907.72707768551,0.020588987216844334,10756.188557567448,4265.846951361526
23907.7559488547,0.02541502795641223,10756.203529323762,4265.852511227122
23907.783886811085,0.030648214189715594,10756.218017142812,4265.857891379211
23907.835585058983,0.04049366051915066,10756.244826364307,4265.867847169439
23907.917847122048,0.05535908209921322,10756.287485099565,4265.883688786143
23908.016924369174,0.07170420665277868,10756.338863704716,4265.902768586386
23908.15838584443,0.09268160273918719,10756.41222154919,4265.930010528129
23908.37103580432,0.12049932772400415,10756.522495690415,4265.970961589231
23908.683722484366,0.15597160112063094,10756.68464599216,4266.031177214733
23909.137308092762,0.19995522186166723,10756.919862418412,4266.118526436127
23909.791889439904,0.2533615182194461,10757.259309443994,4266.2445823792805
23910.733233545005,0.3166158420727686,10757.747463375159,4266.4258615917015
23912.07947285244,0.3887236258923765,10758.445584296747,4266.6851133549435
23913.986696949603,0.46573923310375753,10759.434615777609,4267.052396474811
23916.6433698005,0.5380972468997515,10760.812289811547,4267.564004123952
23920.2094876232,0.5864139199725746,10762.661575848162,4268.250747123624
23925.10216737479,0.5745416237939676,10765.198778766875,4269.192950816589
23928.556066090405,0.5098832887678273,10766.989871284695,4269.858081642683
23932.00996480602,0.3846643985510056,10768.780963835145,4270.523211792393
23933.29283484314,0.31529020767999105,10769.446223353321,4270.770258684977
23934.575704880262,0.2249226418633422,10770.111482875995,4271.017305484285
23935.052724510453,0.18280000449598588,10770.35885154451,4271.109166809998
23935.529744140644,0.13284031629486956,10770.606220213647,4271.2010281228195
23935.749776722914,0.10571915976818552,10770.720322786578,4271.243400550531
23935.94537410182,0.07818505660765723,10770.821753965476,4271.281067405166
23936.064467697095,0.059120388706734944,10770.883512481087,4271.304001664096
23936.162660629325,0.04162266192287774,10770.93443251358,4271.32291101061
23936.226893039588,0.02940903195841835,10770.967741595456,4271.335280463753
23936.270688553614,0.021580834399315036,10770.99045269032,4271.343714314324
23936.307719234323,0.01736051094663764,10771.009655737054,4271.350845437932
23936.335778594825,0.01755465079914575,10771.024206514974,4271.3562489239675
23936.363837955327,0.020700995291103162,10771.038757292896,4271.361652409961
23936.39294806425,0.025596604050535456,10771.053852958752,4271.367258242084
23936.420798873354,0.03082226860627041,10771.068295587917,4271.372621566538
23936.473727972152,0.04089587840421066,10771.095743097367,4271.382814301889
23936.55608498721,0.055746301204770844,10771.138451078445,4271.3986740701675
23936.655967081537,0.07218209217651035,10771.19024706199,4271.417908701578
23936.798992839475,0.0933264800310857,10771.264416109598,4271.445451652659
23937.01386860266,0.12133513768688924,10771.375844505112,4271.486830998642
23937.329692731033,0.1570213417066664,10771.539621821908,4271.547650304941
23937.78771998703,0.20124266663536097,10771.777141594528,4271.635854132016
23938.448656201945,0.25490762181216425,10772.119884123256,4271.763132789016
23939.39903065659,0.31841728631256566,10772.612721008049,4271.9461494747975
23940.757925398597,0.39072240160669625,10773.31740478002,4272.207836146116
23942.682446996903,0.4677690463280567,10774.315406397767,4272.5784471965635
23945.361548842804,0.5397920356438344,10775.70471167295,4273.094369739705
23948.951943592732,0.5870852955651104,10777.56658730714,4273.785782007625
23953.896240670634,0.5726408059745977,10780.13055787458,4274.737917805204
23957.352475072283,0.5055488900341482,10781.92286188387,4275.403492787095
23960.452210544056,0.39376423773716035,10783.53029580297,4276.000415378185
23961.90004692152,0.31697829076360223,10784.281102235153,4276.27922809392
23963.116121281455,0.2325912904728972,10784.911723534671,4276.513409847836
23963.669274916065,0.18455269593294946,10785.198573152593,4276.619931668351
23964.152889969362,0.13421313345052308,10785.449362056359,4276.7130623012235
23964.385352509777,0.10564444533015355,10785.569910466484,4276.757828031912
23964.576877046973,0.07871565149866212,10785.6692296017,4276.794710255189
23964.696918195586,0.05955307257141425,10785.731479500619,4276.817826793195
23964.795563456504,0.042015842816990966,10785.782634105477,4276.8368230863525
23964.860752784858,0.02962712754803463,10785.816439422666,4276.849376710832
23964.90489749036,0.021707602360344407,10785.839331601645,4276.857877734861
23964.941967220002,0.017402468052504397,10785.858554900931,4276.865016318188
23964.970813282835,0.017556420723261558,10785.873513642324,4276.870571255416
23964.999659345667,0.02082202192861927,10785.888472383718,4276.876126192596
23965.029350729536,0.025851027564702107,10785.903869484373,4276.88184391469
23965.057209320737,0.031090054134473324,10785.918316151288,4276.887208692626
23965.111994454797,0.04150609764570795,10785.946726151566,4276.89775876218
23965.194544022455,0.05634168554864323,10785.989533991342,4276.91365547719
23965.295664590394,0.07291606982149482,10786.041972219611,4276.933128441767
23965.44110571743,0.09431684602611183,10786.117393819584,4276.961136292889
23965.659408015574,0.12261730021871868,10786.23059913472,4277.003175144378
23965.980059742746,0.15863010808694136,10786.396879930586,4277.0649235977235
23966.44492646848,0.20321451844407057,10786.637946492017,4277.154443770501
23967.11564762843,0.2572738188233035,10786.985763264523,4277.283605658836
23968.079922138502,0.32117101243920804,10787.48580839411,4277.469297559072
23969.458285476176,0.3937716614821205,10788.200588128353,4277.734731122606
23971.40938754057,0.470853640332539,10789.212373765093,4278.110457686646
23974.122863099794,0.5423421674807589,10790.619504473525,4278.63299526666
23977.74996078984,0.5880366539822552,10792.500413483283,4279.331469620393
23982.771460816446,0.5695740773115339,10795.104419678877,4280.29846440242
23986.300369353845,0.49675074461684127,10796.934410688038,4280.978028646
23989.214094633928,0.3877573156871734,10798.44538528522,4281.539126114707
23990.65969491772,0.30926398465150173,10799.195032256534,4281.817505874046
23991.799639748395,0.22859997538248708,10799.786175053858,4282.037025371283
23992.354082878584,0.17969829245800994,10800.073693410512,4282.143794614602
23992.807250955684,0.13185019295108405,10800.30869342055,4282.231061284378
23993.039311135803,0.10300341736386318,10800.429033196257,4282.275749156491
23993.220523784355,0.07724996960069835,10800.52300489573,4282.310645307868
23993.339065910885,0.05816912828359704,10800.584477454,4282.333472984873
23993.43622009997,0.04076854790866693,10800.63485883932,4282.35218198262
23993.4985661037,0.028902318426155718,10800.667189694714,4282.364187962259
23993.541448896704,0.02130512022861562,10800.689427485382,4282.372445908253
23993.57831722765,0.017280068947985245,10800.708546347953,4282.379545648288
23993.60519514086,0.017582759745738658,10800.722484465456,4282.384721532029
23993.63207305407,0.02058836934589351,10800.73642258296,4282.389897415729
23993.66094884836,0.025415078440348047,10800.75139674449,4282.395458031638
23993.688887825134,0.030648441032325887,10800.765885099234,4282.400838244416
23993.74058694665,0.04049400884935673,10800.792694785885,4282.41079395157
23993.82284931997,0.055359390425945655,10800.835353701319,4282.426635228144
23993.921927560288,0.07170455342726834,10800.88673284474,4282.445714738036
23994.0633908037,0.09268201732937914,10800.960091639297,4282.472956332645
23994.276043311234,0.1204997598729195,10801.070367151511,4282.5139068506915
23994.588733283428,0.15597191032131075,10801.232519233776,4282.5741215902835
23995.042322974256,0.19995515626963917,10801.467737883395,4282.66146939316
23995.69690919267,0.2533606449950644,10801.807187588527,4282.787523092912
23996.63825838263,0.3166133976385664,10802.295344377206,4282.968798709636
23997.984501035167,0.3887182741078407,10802.993467348992,4283.228044575057
23999.891721220247,0.46572866182174544,10803.982497248093,4283.595317674862
24002.54836701859,0.5380775250835841,10805.360157875764,4284.106907209054
24006.114375000216,0.5863788365900924,10807.20938778716,4284.793611738235
24011.007149075296,0.5744777702785155,10809.746640764786,4285.73580984329
24014.46010603636,0.5098116566020091,10811.537245723835,4286.400742555853
24017.913062997424,0.3846014861639863,10813.327850715219,4287.065674597593
24019.195533775684,0.315239025995899,10813.992903489168,4287.312638383385
24020.478004553945,0.22488992826963844,10814.657956267578,4287.559602076676
24020.95492843556,0.18277211553468362,10814.905275395151,4287.651442651105
24021.431852317175,0.13281826607723746,10815.152594523339,4287.743283212743
24021.651831664087,0.10570150454952013,10815.266669541375,4287.785644322121
24021.84737735795,0.07817275389928835,10815.368073963617,4287.823300275462
24021.966456279046,0.059109252066037364,10815.429824897457,4287.846231131173
24022.06463715788,0.041612715218538744,10815.480738702361,4287.865137680494
24022.128846498756,0.02940336081417419,10815.514035836126,4287.877502379768
24022.172632472466,0.021577650213251615,10815.536741993894,4287.885934180833
24022.20966197478,0.017359515815940533,10815.555944438203,4287.893064897977
24022.237703489005,0.017554743304256503,10815.570485968112,4287.89846481134
24022.26574500323,0.02069851663709444,10815.585027498024,4287.903864724657
24022.29484593226,0.025591861289770496,10815.600118410255,4287.909468647887
24022.322698112606,0.030817535569208684,10815.614561757018,4287.914832101366
24022.375594123445,0.04088498277308258,10815.64199212037,4287.925018208399
24022.457948501215,0.05573573630014901,10815.68469875308,4287.940877069524
24022.557808974572,0.07216902218876957,10815.736483547955,4287.960107053159
24022.700792519034,0.0933087896923664,10815.810630738295,4287.98764118183
24022.9156083044,0.1213121106486745,10815.922028081255,4288.029007936223
24023.231347598175,0.156992191737361,10816.085761479077,4288.089809374925
24023.689254131004,0.20120646902192488,10816.323218755171,4288.17798773407
24024.350016633238,0.2548633518565136,10816.665871355945,4288.305229735526
24025.30014238455,0.31836426835588616,10817.158579492405,4288.488193922203
24026.658684775266,0.3906609189889631,10817.863080862615,4288.749806155626
24028.582716234163,0.467701439520242,10818.860828757714,4289.120313494572
24031.261160412218,0.5397246230824088,10820.249793610941,4289.636096411718
24034.85076230912,0.5870311461444626,10822.111258932604,4290.327338611285
24039.79370557297,0.5726299197544655,10824.674528604768,4291.279189769488
24043.248937026907,0.505598620740054,10826.466313320358,4291.944554888961
24046.350172984952,0.3937984032748906,10828.074526071992,4292.541751426994
24047.797932971902,0.3170325933369798,10828.82529322787,4292.820542428658
24049.014623121566,0.23261701472400068,10829.456234141991,4293.054836881438
24049.56773410665,0.18458827817963103,10829.743061772055,4293.161347813749
24050.051596680336,0.13422877435321953,10829.993979145607,4293.254523771992
24050.28405004625,0.10566378359867168,10830.114522852293,4293.299286611763
24050.475657512336,0.07872559415696881,10830.213885036725,4293.336183878187
24050.595707983695,0.05956273559138108,10830.276139798138,4293.359301630932
24050.69436411585,0.04202457473961955,10830.327300063509,4293.378299540491
24050.75957530874,0.02963191560000883,10830.361116734222,4293.390857060111
24050.803727516606,0.021710449092781903,10830.384012814004,4293.39935931537
24050.840797937693,0.017403465536536624,10830.403236480495,4293.406497852584
24050.869663339436,0.017556581035380735,10830.418205257221,4293.412056374353
24050.898528741178,0.020825231747844553,10830.43317403395,4293.417614896073
24050.928238717068,0.025858326830777944,10830.44858078282,4293.423336054793
24050.95609993005,0.03109815963503004,10830.46302881581,4293.428701202879
24051.01094075302,0.04152440600390855,10830.491467707547,4293.439261731348
24051.093497263,0.056359674110836665,10830.534279166654,4293.455159384031
24051.194655594954,0.07293819046261328,10830.586737001842,4293.474639131718
24051.340170427782,0.09434663850078469,10830.662196857449,4293.502660472835
24051.55857709578,0.12265573241000145,10830.775456346712,4293.544718366886
24051.879375515473,0.1586780575914639,10830.941813287893,4293.606493517854
24052.34444956816,0.2032728075308898,10831.182987471548,4293.696051367159
24053.01546632708,0.25734291083651734,10831.530957689609,4293.825266935065
24053.98015875403,0.3212498853348502,10832.031219763749,4294.011034650196
24055.359103259238,0.3938561546511837,10832.746301196172,4294.276573463889
24057.310989300695,0.470933563975431,10833.758493835749,4294.6524415649465
24060.02545349087,0.54239643655242,10835.166137852215,4295.17515640897
24063.653507848794,0.5880272675965017,10837.047543807446,4295.873797461125
24068.677317226473,0.5694145578094297,10839.652748735887,4296.8412126943895
24072.208208017913,0.4963885053059426,10841.483768506898,4297.521141615539
24075.11490281424,0.3875114706703661,10842.991097972414,4298.080871192178
24076.56028176305,0.30896076084249485,10843.740630501865,4298.359201354847
24077.69734453434,0.228441247760738,10844.33027900998,4298.578160367374
24078.25180047505,0.17950956152056996,10844.617804138714,4298.684929402911
24078.70382123411,0.13175647790091766,10844.852209287503,4298.771972952972
24078.935849137226,0.1029010217568113,10844.972532379217,4298.816653490288
24079.116674151053,0.07719204914468392,10845.066303104439,4298.851474122572
24079.235156121125,0.0581147561616663,10845.127744494834,4298.874289643751
24079.332259419978,0.04071830205749309,10845.178099512506,4298.892988373193
24079.394499720787,0.02887170961610131,10845.210375567856,4298.904973697399
24079.43732467408,0.02128903111622243,10845.232583374458,4298.913220298634
24079.474180838577,0.017275801761539908,10845.251695936422,4298.920317518007
24079.501010169635,0.01758571331521879,10845.265608866848,4298.925483916871
24079.527839500694,0.020587550153528644,10845.279521797274,4298.930650315695
24079.556726279257,0.025416033386506796,10845.294501661649,4298.936212907519
24079.584666749884,0.03064970945172678,10845.308990797557,4298.941593273205
24079.636373265133,0.0404966076437338,10845.335804330407,4298.95155015478
24079.718636384936,0.05536184953870281,10845.378463652067,4298.967391178335
24079.817720092717,0.07170755660176509,10845.429845653789,4298.986471263204
24079.95919377837,0.09268601632860847,10845.503209896278,4299.013714186335
24080.171861192128,0.12050483966471248,10845.61349318787,4299.054666549178
24080.484571881076,0.15597805909164666,10845.775656085934,4299.114883770027
24080.93819031622,0.1999622545590475,10846.01088974697,4299.202234920516
24081.592816692595,0.25336837798006573,10846.35036042902,4299.328293196555
24082.534221117883,0.3166209861055514,10846.83854607994,4299.509574910348
24083.88053741628,0.38872406419985595,10847.536707555213,4299.768828466262
24085.787849821612,0.46572942486976326,10848.525785720238,4300.1361101298135
24088.444593352844,0.5380673077616571,10849.90349764651,4300.647705678926
24092.010627245338,0.5863476151111141,10851.752741822618,4301.334398014277
24096.9037851267,0.5744035912166356,10854.290194967009,4302.276646459081
24100.355561027205,0.5097229017554221,10856.080188262631,4302.941335115539
24103.80733692771,0.3845190056483794,10857.870181590295,4303.606023106761
24105.0892558577,0.31517232137278517,10858.534948488721,4303.852874454716
24106.371174787688,0.22484884070012473,10859.199715391564,4304.0997257109575
24106.847980869406,0.1827366161857632,10859.446973542008,4304.191541306707
24107.324786951125,0.13278950615262283,10859.69423169306,4304.283356889772
24107.544695637684,0.10567854715942918,10859.808270119627,4304.325703334193
24107.740173686354,0.078156752985973,10859.909639508314,4304.363345320759
24107.859233603464,0.059094717245997755,10859.971380614828,4304.386271944117
24107.957398732582,0.04159971039161679,10860.022286275133,4304.405174988279
24108.021577866497,0.029395940423765386,10860.055567759306,4304.417533561889
24108.065351339363,0.02157347855526628,10860.078267444638,4304.425962745102
24108.102379234526,0.017358210577268347,10860.09746906411,4304.433092974627
24108.130397566318,0.017554868581895918,10860.111998578765,4304.438488288992
24108.15841589811,0.02069532164730534,10860.12652809342,4304.443883603313
24108.18750515675,0.025585784008421042,10860.141612960464,4304.449485139251
24108.215359109017,0.030811478888233816,10860.15605723255,4304.454848799951
24108.268212768577,0.040871048584359956,10860.183465645987,4304.465026497197
24108.350563727567,0.05572223545305262,10860.226170524904,4304.480884303811
24108.450396476077,0.07215232964092375,10860.277940965605,4304.500108468255
24108.59332593298,0.09328621082078559,10860.352060140805,4304.527631493794
24108.808064858524,0.12128274922389326,10860.463417676227,4304.5689824144065
24109.123695525184,0.15695508761054225,10860.627094816276,4304.62976141665
24109.58144764448,0.20116051662517367,10860.864472124007,4304.71790783874
24110.241988230624,0.25480736770420764,10861.207009798503,4304.845103928999
24111.191796783147,0.31829760221726094,10861.699553664814,4305.028002465033
24112.549890837927,0.3905842943355125,10862.40382285546,4305.289521831993
24114.473300986694,0.4676184578657607,10863.401249002418,4305.659900277954
24117.15091749371,0.5396443777668346,10864.78978526919,4306.175510939948
24120.739543085536,0.5869719165408329,10866.650745137747,4306.8665478878775
24125.680744987494,0.572633473365069,10869.213112932783,4307.818039978522
24129.13470482137,0.5056879558278339,10871.004239021426,4308.483143639054
24132.23827231893,0.39386169202395777,10872.613661560878,4309.080774255874
24133.686001764352,0.31712213743087597,10873.364413213529,4309.359552427395
24134.90364439716,0.23266236878201574,10873.995848339826,4309.594024453251
24135.456723064428,0.18464610065605228,10874.282659338643,4309.700526508032
24135.94096829677,0.13425594418415085,10874.533775260034,4309.793773829946
24136.17341927145,0.10569535785197592,10874.654317780421,4309.838535093811
24136.365156489956,0.07874253849419971,10874.75374729509,4309.875456426215
24136.48522359249,0.059578990235151785,10874.816010708708,4309.898576805443
24136.5838979333,0.04203921748357878,10874.867180439378,4309.9175777479095
24136.64914564494,0.02963993982365924,10874.901016062759,4309.930141986753
24136.69331040582,0.02171520426871543,10874.923918662384,4309.93864644739
24136.730381863676,0.017405126041600077,10874.943142875085,4309.945785006372
24136.759279864,0.01755684976384468,10874.958128563187,4309.951349666888
24136.788177864324,0.020830670464258332,10874.973114251292,4309.9569143273575
24136.81791968088,0.02587077316354552,10874.988537518702,4309.962641474829
24136.84578554544,0.03111202818238002,10875.002987970309,4309.968007384947
24136.900721597005,0.041555746788215116,10875.031476257582,4309.978585987696
24136.98328991488,0.05639050093836486,10875.074293859014,4309.994485518007
24137.08451271395,0.072976122372478,10875.126785148412,4310.013977194245
24137.230153491302,0.09439776430175173,10875.202310348928,4310.042022089306
24137.44873846457,0.12272176016028881,10875.315662352756,4310.0841132702635
24137.76978771464,0.15876060758200505,10875.482149441641,4310.145935182474
24138.23521671138,0.2033734874927154,10875.723507796754,4310.235559149202
24138.906740249342,0.2574628431366111,10876.071740971212,4310.364869084247
24139.87215051503,0.3213878743451392,10876.572375519207,4310.550770399938
24141.2520960796,0.3940060128725045,10877.287976391408,4310.816495364997
24143.20533890046,0.47107942181407303,10878.300873069475,4311.192615368396
24145.921530941825,0.5425048174201,10879.709413727847,4311.715649913821
24149.551322599247,0.5880371475521112,10881.5917214354,4312.414608110124
24154.579069100146,0.569186737962751,10884.198969204654,4313.382757405243
24158.113192604527,0.4958407404764333,10886.031666184286,4314.063291905608
24161.009070694978,0.3871418110664052,10887.533387080897,4314.620924687612
24162.454179875964,0.30849835124050484,10888.282780049618,4314.8991959833265
24163.586803301765,0.22820177727903998,10888.870126700178,4315.117294709196
24164.141309146555,0.17922125081601983,10889.157677835576,4315.224070700286
24164.59156324893,0.1316147744209381,10889.391166950087,4315.31077189832
24164.823551439484,0.1027448012584807,10889.511469501465,4315.355443678024
24165.00378133661,0.07710421178002251,10889.60493165758,4315.390148848847
24165.122172603085,0.05803215355837139,10889.666326038949,4315.412946337031
24165.219198760733,0.04064190664777334,10889.716641075742,4315.431629747384
24165.28127986181,0.028824893026245413,10889.748834588934,4315.443584118126
24165.32401569295,0.02126453397964705,10889.770996189165,4315.451813352994
24165.360852787016,0.017269375349007538,10889.790098870233,4315.458906723764
24165.38761200228,0.017590457380150918,10889.803975446763,4315.46405949269
24165.414371217543,0.020587386981201453,10889.817852023296,4315.469212261576
24165.44327916354,0.02541964782050519,10889.832842871163,4315.474778791165
24165.471220877243,0.0306537269383473,10889.847332658135,4315.480159262499
24165.522953110678,0.040505355558506345,10889.87415953963,4315.490120848923
24165.605218208857,0.05537019236004713,10889.916819906177,4315.505961859739
24165.704319614564,0.07171782513570873,10889.968211108384,4315.525044878339
24165.845827471927,0.09269981949366661,10890.041593103968,4315.552293704541
24166.058543595955,0.12052263180763398,10890.151901704345,4315.593254429309
24166.371322662322,0.1560001805042451,10890.314100133086,4315.6534833204605
24166.825037297902,0.19998894807650905,10890.5493837855,4315.740850824619
24167.479800349825,0.25339965195381337,10890.888925494497,4315.866932286482
24168.421397184753,0.3166560192468962,10891.377211140567,4316.048246546309
24169.767979420933,0.3887603348497931,10892.075510833884,4316.307544870061
24171.67564699845,0.46576119964376517,10893.064773620588,4316.6748858017245
24174.332829600164,0.5380831058142722,10894.44271384835,4317.186553191872
24177.899260751896,0.5863269908965321,10896.292164852986,4317.873304972786
24182.793593781542,0.5743012294754044,10898.830228522424,4318.815756316232
24186.24357955106,0.5095862293880428,10900.619294300453,4319.480083773919
24189.69356532058,0.3843788415953654,10902.408360110227,4320.144410572127
24190.97447237214,0.3150604849590768,10903.072602571618,4320.391060952205
24192.255379423703,0.22478475623140456,10903.736845037383,4320.637711241411
24192.732011044904,0.1826798443426875,10903.984012827093,4320.729490966848
24193.208642666104,0.13274141225409442,10904.23118061741,4320.821270679704
24193.428429941017,0.10564038293069025,10904.345156133848,4320.863592695415
24193.62379480148,0.07813011058113212,10904.44646687123,4320.901211953416
24193.742823236313,0.059070407444781856,10904.508191679282,4320.924131946225
24193.840961986716,0.04157790816411168,10904.559083682887,4320.943029442328
24193.905090397624,0.02938348502754,10904.592338878281,4320.955377942405
24193.948842838625,0.021566466309432375,10904.615027667138,4320.963802866788
24193.98586788587,0.017356014301055715,10904.63422781827,4320.970932371167
24194.01384773386,0.01755509104932226,10904.648737382742,4320.976320141385
24194.04182758185,0.02069007985433649,10904.663246947217,4320.981707911561
24194.070898095604,0.025575901054847666,10904.678322100372,4320.9873056991455
24194.098754975013,0.030801649891878242,10904.692767896795,4320.992669790531
24194.151539881914,0.04084845426473781,10904.720140669178,4321.002833996543
24194.233885197616,0.05570036746983424,10904.76284264057,4321.018690323395
24194.3336728255,0.07212531311535043,10904.814589705924,4321.037905322919
24194.476514356775,0.09324970029711566,10904.888663318205,4321.065410735342
24194.691128312286,0.12123533580464917,10904.999956097021,4321.106736566858
24195.006582546594,0.15689531546591748,10905.163541816733,4321.167480088933
24195.464084238956,0.2010867648937469,10905.400789365267,4321.255576104264
24196.124265534778,0.25471800063920397,10905.743140873657,4321.38269985743
24197.073561683803,0.31819204254909866,10906.235419240109,4321.565495192855
24198.430933856787,0.39046452079119554,10906.939314395095,4321.826869074599
24200.35334887286,0.4674916674382324,10907.93622493593,4322.197046722436
24203.02965321406,0.539527574961462,10909.324081365172,4322.7123919434225
24206.616779615008,0.586898236460966,10911.184264619167,4323.4031230968485
24211.55513486147,0.5726782250872288,10913.745157352216,4324.354043487716
24215.00708824022,0.5058893723331661,10915.535243741613,4325.018744332161
24218.45904161897,0.3775796038191091,10917.3253301627,4325.683444518059
24219.6786304064,0.3102404427676967,10917.95777478587,4325.918285566429
24220.89821919383,0.22337786053692418,10918.590219412994,4326.153126532629
24221.37457087228,0.18107399413851044,10918.83724206856,4326.244851597961
24221.850922550733,0.1308155145725401,10919.084264724728,4326.3365766507595
24222.06526163568,0.10418101733358508,10919.195414978989,4326.377849229037
24222.25645203109,0.07708194378587645,10919.294560970444,4326.414664353554
24222.374235143445,0.05811102109530719,10919.355639998159,4326.437344361857
24222.471346543087,0.04071281164158402,10919.40599925387,4326.456043878607
24222.5335724768,0.028868970861080413,10919.438267882688,4326.468025941139
24222.576393935014,0.021287373979093707,10919.460473893243,4326.476271528657
24222.613248611102,0.017275405659802043,10919.479585697478,4326.483368168199
24222.6400731822,0.01758604124607776,10919.493496169796,4326.4885334370465
24222.666897753297,0.020587495359613173,10919.507406642118,4326.493698705854
24222.695785894703,0.02541617493819433,10919.522387224288,4326.499261330283
24222.72372677368,0.030649902434382904,10919.536876582657,4326.504641552308
24222.775434485724,0.04049695849523109,10919.563690755938,4326.514598252968
24222.857698083557,0.0553621460225885,10919.606350357,4326.530438714104
24222.9567829811,0.07170786491199356,10919.657733013652,4326.549518239788
24223.098258721904,0.09268634286969515,10919.731098376074,4326.576760433143
24223.310929109313,0.12050508659379466,10919.841383291172,4326.6177116767085
24223.623643499028,0.15597797997628152,10920.003548228126,4326.677927122453
24224.077266220855,0.1999614173834122,10920.238784285848,4326.765275489819
24224.731897125348,0.2533660507618836,10920.57825756676,4326.891329430454
24225.673304937056,0.31661589983813415,10921.066445334292,4327.072604308311
24227.01961970046,0.38871402732997695,10921.764606529068,4327.331846861021
24228.926915903474,0.46571068160410223,10922.753677022225,4327.699110237513
24231.583601862927,0.5380335187364558,10924.131360110272,4328.210673578315
24235.149439336128,0.5862888259267505,10925.980503793333,4328.89729974789
24240.04272388867,0.5742983328780128,10928.518024497402,4329.83953370641
24243.493039706973,0.5096032365395624,10930.307261954855,4330.503913799704
24246.943355525276,0.3844083784863973,10932.096499443875,4331.168293236735
24248.22454515018,0.31508359387432316,10932.760888634855,4331.414993976661
24249.505734775084,0.2247949609407274,10933.425277830187,4331.661694626136
24249.982390215493,0.1826900280680641,10933.672458044395,4331.753477430854
24250.4590456559,0.13275158826042896,10933.919638259209,4331.8452602230545
24250.678861596018,0.10564833030236508,10934.033628674058,4331.887587063438
24250.874251602898,0.0781356247698471,10934.134952481396,4331.9252105457845
24250.993286246256,0.0590755971264621,10934.196680527124,4331.948131357719
24251.0914306677,0.04158263131457504,10934.247575486503,4331.967029635506
24251.155570312538,0.029386178155950862,10934.280836517255,4331.979380095973
24251.199327295148,0.02156800663541251,10934.303527667922,4331.987805756528
24251.236353073044,0.01735650670539789,10934.322728203579,4331.99493528453
24251.264341239472,0.017555050253956993,10934.33724208602,4332.000324568043
24251.2923294059,0.020691197961227373,10934.35175596846,4332.005713851514
24251.321403920538,0.025577990671618547,10934.366833200786,4332.011312317574
24251.349260309784,0.030803735625135994,10934.38127874726,4332.016676226498
24251.402059821477,0.04085321810056557,10934.408659101313,4332.02684307785
24251.484406530108,0.055704956011547485,10934.451361807565,4332.042699412556
24251.584203923096,0.07213095088559683,10934.50311395201,4332.0619159769
24251.727064354844,0.09325727183822588,10934.577197387282,4332.089424577088
24251.941705195426,0.12124507437081955,10934.688504140593,4332.1307549069315
24252.257197122926,0.1569073863537121,10934.852109454932,4332.191504689696
24252.714751812928,0.20110126987269106,10935.089384556155,4332.279609463618
24253.37500829433,0.2547348865947021,10935.43177515411,4332.406745607112
24254.32441005296,0.31821075938396076,10935.924108431142,4332.589558277386
24255.68192768338,0.3904835152347772,10936.628079222726,4332.85095587733
24257.604535766477,0.46750750617320336,10937.625090175052,4333.221164625697
24260.281075454535,0.5395334798941827,10939.013069055469,4333.736546707507
24263.868400599593,0.586882280931445,10940.873355917782,4334.4273047987945
24268.807388130255,0.5726137872589022,10943.43457728601,4335.378331345164
24272.259761654896,0.5057649823722086,10945.22488207556,4336.043102194333
24275.365694841545,0.3939151527440508,10946.835532578287,4336.641163758003
24276.813307529173,0.3172074398803034,10947.5862242352,4336.919907984862
24278.03192048013,0.23270291665859563,10948.218163005373,4337.154557210098
24278.584933695125,0.18470210978956236,10948.504940273147,4337.261042283585
24279.06956902807,0.13428060799312844,10948.756258674313,4337.354360887918
24279.30200600807,0.10572581507500112,10948.876794025993,4337.399117617101
24279.493874057694,0.07875819260395889,10948.97629145907,4337.436062623942
24279.613955754092,0.05959422912976547,10949.038562486394,4337.459184862929
24279.7126472256,0.042052998497691105,10949.089741138152,4337.478188322968
24279.77792958541,0.029647474971152797,10949.123594753959,4337.490758717024
24279.82210608804,0.02171969718663794,10949.146503459353,4337.499265089022
24279.859178568073,0.01740670775414595,10949.165728216245,4337.506403551409
24279.88810748185,0.017557121718371076,10949.18072994621,4337.511973935714
24279.917036395625,0.020835843832930682,10949.195731676178,4337.517544319972
24279.94680889269,0.025882668470676874,10949.211170864975,4337.523277139701
24279.974679680912,0.031125358203588877,10949.225623880468,4337.528643777337
24280.029707197096,0.04158582523071469,10949.254159619673,4337.539239557172
24280.11228716155,0.05642009231817426,10949.296983292146,4337.55514067657
24280.213572082837,0.07301250427698289,10949.349506834948,4337.574643513546
24280.359334162444,0.09444676140202744,10949.42509499491,4337.602710613165
24280.57809084285,0.12278495413761255,10949.538536124532,4337.64483312705
24280.89938141685,0.15883943550384105,10949.705148479567,4337.706698966286
24281.365151508482,0.20346929487392715,10949.946683894255,4337.796384928793
24282.037161345343,0.2575763752977132,10950.295169505518,4337.925783188433
24283.0032590724,0.3215174207288909,10950.796160919475,4338.111809238133
24284.384160480993,0.3941446799650861,10951.512257991213,4338.377707336089
24286.338692302623,0.4712103650596949,10952.52582385281,4338.754060088934
24289.05650860849,0.5425932182501841,10953.935207843391,4339.277385908254
24292.68786573503,0.5880203307380827,10955.81832874082,4339.976616838334
24297.719393325093,0.5689219040137593,10958.427539190108,4340.945454452035
24301.25649957669,0.4952486041776223,10960.261784283246,4341.626535363461
24304.14099682948,0.3867394668641322,10961.757604493932,4342.181953855719
24305.585701812957,0.30800471007665475,10962.506788406123,4342.460135909205
24306.713658610355,0.2279427504696583,10963.091715502967,4342.677327119041
24307.26817256341,0.17891437743208213,10963.379271053725,4342.784100293128
24307.716570876793,0.13146182676606466,10963.61179797858,4342.870440599042
24307.948500949446,0.10257837959009507,10963.732070479744,4342.915099356416
24308.12810413546,0.07700975829996784,10963.825207709317,4342.949682429436
24308.246397097704,0.05794353893840039,10963.886551157806,4342.9724600542
24308.34334065923,0.04055999231418145,10963.936823399394,4342.991126794454
24308.40525344942,0.028774313320442547,10963.968929654808,4343.003048266376
24308.44789214324,0.02123824697162428,10963.99104089855,4343.011258459812
24308.484708210046,0.017262590859031344,10964.010132689456,4343.018347490914
24308.511399253453,0.01759604295728616,10964.023973924115,4343.023486921916
24308.53809029686,0.02058923947904307,10964.037815158777,4343.02862635288
24308.567029835875,0.02542763548269707,10964.052822400885,4343.034198737571
24308.594971272847,0.030662040151634932,10964.067312054967,4343.039578935034
24308.64675883766,0.04052387021213566,10964.094167649428,4343.049550767262
24308.729028085705,0.055387874269229156,10964.136830199224,4343.065391927708
24308.828166820058,0.0717396010150114,10964.188240796668,4343.0844813516915
24308.969746856783,0.0927291155945515,10964.26166027621,4343.111742959111
24309.18256584356,0.12056044102716945,10964.372022299141,4343.15272181115
24309.495489442288,0.1560472967096503,10964.53429579714,4343.212976063302
24309.94940769263,0.2000460103926978,10964.769685210824,4343.3003791924975
24310.60446047641,0.2534668839247868,10965.109377415363,4343.426511274675
24311.546466039894,0.3167320285187857,10965.59787537426,4343.607896804339
24312.89361495316,0.388840367477118,10966.296469441852,4343.867293615836
24314.80204333506,0.4658341020638816,10967.286127484786,4344.234765988843
24317.460176978115,0.5381262117761915,10968.664561904694,4344.746595540513
24321.027508787287,0.5862995656101294,10970.514481318474,4345.433492615411
24325.924304375363,0.5741127771046547,10973.053823858736,4346.376379539998
24329.371275851594,0.5093187637813681,10974.841327815653,4347.040099399674
24332.818247327825,0.3840747446113298,10976.628831803817,4347.703818609317
24334.09683115385,0.31482356944241613,10977.291869990053,4347.950011559492
24335.375414979873,0.22466228657704132,10977.954908180584,4348.196204420265
24335.851748158522,0.1825677885717266,10978.201921386786,4348.28792292657
24336.32808133717,0.13264090548382276,10978.448934593585,4348.37964142047
24336.547608812965,0.10556130635394931,10978.562775468636,4348.421911680788
24336.74274054452,0.07807460847282026,10978.66396538581,4348.459484511132
24336.86170329324,0.05901973116699928,10978.725656175944,4348.482390918716
24336.959787065312,0.04153242343204527,10978.776519706475,4348.501277055893
24337.02381000316,0.02935742132887722,10978.809720230744,4348.5136047420465
24337.067518207965,0.021551821621280772,10978.832386096507,4348.52202080418
24337.10453700194,0.01735145054932773,10978.851583018884,4348.529148812937
24337.132438128236,0.017555637315321043,10978.866051771063,4348.534521204887
24337.160339254533,0.02067958933351415,10978.880520523244,4348.539893596795
24337.189373885787,0.025556425710200188,10978.895577079738,4348.545484246257
24337.217237047516,0.030782381796715445,10978.910026144546,4348.550849327959
24337.269887082366,0.040804150423455636,10978.937328996006,4348.560987148575
24337.352221463556,0.05565752954540015,10978.980025328248,4348.576840721576
24337.451920599942,0.07207239678561712,10979.03172654215,4348.596037896233
24337.594589767406,0.09317820331682705,10979.105710825426,4348.623508995091
24337.80895868962,0.12114251361165207,10979.216876618028,4348.664785955351
24338.124067073193,0.15677836258550198,10979.38028310858,4348.725460399735
24338.58107807548,0.20094258907816825,10979.61727637206,4348.813458330123
24339.24055567588,0.2545435311395396,10979.959263213452,4348.940441388482
24340.188848801816,0.31798637407388297,10980.451021799303,4349.123036117705
24341.544809026247,0.3902319120406273,10981.154185270694,4349.384127443027
24343.46528013296,0.467246863663022,10982.150088481554,4349.753915659763
24346.139027649595,0.5393049674971404,10983.536620025045,4350.268747504009
24349.72325558653,0.5867644214787908,10985.395301572733,4350.958892339852
24354.656015640816,0.5727843130383112,10987.95329466106,4351.908696544926
24358.10435208073,0.5063027749750852,10989.741506710592,4352.572673816063
24361.552688520642,0.37854324451575666,10991.529718791307,4353.2366504383
24362.78135545251,0.31089838357240157,10992.166871550327,4353.4732299000025
24364.010022384376,0.22351142122146897,10992.804024313305,4353.709809279356
24364.48610261577,0.18125665062696125,10993.05090638384,4353.801478335916
24364.962182847165,0.1310716513244557,10993.297788454971,4353.893147380113
24365.177270867232,0.10437194322714927,10993.409327167274,4353.934562481997
24365.36899906603,0.07722040772563869,10993.508752120933,4353.971479658636
24365.486946970315,0.05823783633464988,10993.56991664968,4353.994190472448
24365.584192044917,0.04082755301691362,10993.620345262212,4354.012914965517
24365.646657070472,0.028939510412556803,10993.652737900962,4354.024942576339
24365.68961372455,0.021324282684952806,10993.675014036535,4354.033213859429
24365.726495980536,0.01728533071773925,10993.694140156862,4354.04031552001
24365.753434594855,0.01757950263793837,10993.708109778981,4354.045502537141
24365.780373209174,0.020590093935600823,10993.722079401103,4354.050689554232
24365.809239371163,0.025415365369742777,10993.737048596264,4354.056247719647
24365.83717694285,0.030648386087940745,10993.751536250116,4354.061627085409
24365.888877308356,0.040494021235105725,10993.778346633211,4354.071581965383
24365.971140816437,0.05535931192773655,10993.821006218797,4354.087421763143
24366.07022037383,0.07170430376994716,10993.872386143616,4354.106499482383
24366.21168554014,0.09268144864473779,10993.945746075826,4354.133738528501
24366.424340897975,0.12049856330507545,10994.056023277313,4354.174685207885
24366.737033609366,0.15596939386829362,10994.218177090577,4354.234894023581
24367.19062469903,0.1999501432818014,10994.45339691603,4354.322232737789
24367.84520873858,0.25335118403350815,10994.792846141263,4354.448272513895
24368.786546893458,0.31659619278737366,10995.280998142129,4354.629526587175
24370.13275772498,0.38868774859853183,10995.979105948965,4354.888738557306
24372.039897689152,0.4656754058339092,10996.968096140907,4355.255956877197
24374.696344256983,0.5379858443983481,10998.345656089641,4355.767453271693
24378.261787319927,0.586224340468975,11000.194596587684,4356.453975518386
24383.154776678522,0.5742079842846772,11002.731966057618,4357.396114256624
24386.604012890748,0.5095075016358803,11004.520644961709,4358.060259420553
24390.053249102973,0.38432295148652307,11006.309323896912,4358.724403936874
24391.333898582678,0.31501532262770593,11006.973433466133,4358.97099063272
24392.61454806238,0.22475311333441506,11007.637543039642,4359.217577239325
24393.0910874708,0.1826540996916442,11007.884663262388,4359.309333967708
24393.567626879216,0.13272263994172004,11008.131783485727,4359.401090683737
24393.78737298267,0.10562525414853771,11008.245737767997,4359.443402355077
24393.982696636434,0.07811945007034579,11008.34702724002,4359.481011530523
24394.101711788528,0.059061032198927756,11008.408745222945,4359.503927656916
24394.19984047108,0.04156965008315506,11008.459632057531,4359.522822135337
24394.263950275978,0.029378745573309807,11008.492877638268,4359.535166347712
24394.30769467334,0.021563857299788596,11008.51556227905,4359.543589242212
24394.344718862805,0.01735522431671494,11008.534762004934,4359.550718174305
24394.372684310852,0.01755520589404134,11008.549264116788,4359.556102864182
24394.4006497589,0.02068811917176933,11008.563766228643,4359.561487554019
24394.42971350799,0.02557220609776469,11008.5788378892,4359.567083719428
24394.457571860556,0.030798008343230265,11008.593284464288,4359.572447788161
24394.51033130168,0.04084000806502827,11008.62064405873,4359.582606510383
24394.592675005173,0.05569215020530075,11008.663345237614,4359.598461621367
24394.69244634521,0.07211509120488349,11008.715083909296,4359.617672387481
24394.835255853395,0.09323578022720495,11008.789140990808,4359.645170063322
24395.049824334033,0.12121704774340752,11008.900410301072,4359.686484779012
24395.365213778383,0.1568717988725934,11009.063962589273,4359.747212357502
24395.822622386408,0.20105687817179785,11009.301162108697,4359.835285419588
24396.482668231554,0.2546802428803659,11009.643443725092,4359.962375833946
24397.43176759132,0.31814469584311683,11010.135620543844,4360.145122842163
24398.78885508336,0.3904057838058962,11010.83936878855,4360.406426988817
24400.71086099543,0.46741994424520344,11011.836068195209,4360.776504736296
24403.38658288727,0.5394420778211655,11013.223623996211,4361.291708400174
24406.972886876698,0.5868002964925778,11015.083382664821,4361.982241795213
24411.910250265126,0.5725719458691629,11017.643763654758,4362.93291697864
24415.361470053573,0.5057807942497073,11019.433471446086,4363.597438680904
24418.81268984202,0.3774686072680897,11021.223179268476,4364.261959736453
24420.03153216745,0.310156400014257,11021.855237440199,4364.496643675786
24421.25037449288,0.2233350306653227,11022.487295615792,4364.731327534489
24421.726632264825,0.18103541980407942,11022.734269825212,4364.823029293301
24422.20289003677,0.13078127457660838,11022.981244035223,4364.914731039804
24422.417144748088,0.10415416624022474,11023.092350648654,4364.955985021304
24422.608260765854,0.07706287462865691,11023.191458170711,4364.992783727676
24422.726020688177,0.058093950350562334,11023.252525234815,4365.015457978982
24422.82311601989,0.04069722747874591,11023.302876209342,4365.034153336807
24422.885309954385,0.028859424894187594,11023.335128277053,4365.046128555525
24422.92811328133,0.02128242625500914,11023.357324907807,4365.05437018228
24422.96496437774,0.01727413023643264,11023.376434875152,4365.061465728359
24422.99177439571,0.017587015952512768,11023.39033781476,4365.06662790085
24423.018584413676,0.020587370332499962,11023.404240754371,4365.071790073302
24423.04747667013,0.02541671497592034,11023.419223485724,4365.077353173236
24423.075418250042,0.030650557517529278,11023.433713222312,4365.082733223782
24423.127130085406,0.04049828936297033,11023.460529561093,4365.092690151266
24423.20939450429,0.05536336259082715,11023.503189631303,4365.108529868268
24423.308482729604,0.07170928647462356,11023.554574065887,4365.127608948003
24423.449964570846,0.09268813553597632,11023.627942666419,4365.154850764376
24423.662643713003,0.12050716384997914,11023.738232233613,4365.195801361262
24423.975369762826,0.1559800457440485,11023.900403382042,4365.256015622635
24424.429007664443,0.19996291779006944,11024.135647550731,4365.343361938179
24425.083658050964,0.2533660073744655,11024.47513127958,4365.469412451377
24426.025089296956,0.31661253400913303,11024.963331695719,4365.650681518743
24427.371428141458,0.38870415875589825,11025.661506087878,4365.909913947126
24429.27873757963,0.4656887209293872,11026.650584449519,4366.277158963325
24431.935389679333,0.5379898540988517,11028.02825137852,4366.788686666608
24435.501003369336,0.5862081269835597,11029.877280891867,4367.475230675932
24440.394571913846,0.5741474058816863,11032.414951442614,4368.417465718982
24443.842841582267,0.5094275041336558,11034.203129638568,4369.081414057862
24447.291111250688,0.38423865396485946,11035.991307865448,4369.745361752749
24448.57114512239,0.31494875719518867,11036.655098388313,4369.991825937739
24449.851178994093,0.22471630240408463,11037.318888915437,4370.238290034025
24450.32762229116,0.18262117831671537,11037.565959368563,4370.330026776501
24450.804065588225,0.132694228700385,11037.813029822279,4370.421763506689
24451.023739590826,0.10560278059658328,11037.926946747799,4370.464060612888
24451.21899703191,0.07810371268288903,11038.028201912874,4370.501656432795
24451.33799349884,0.0590466957498895,11038.08991022394,4370.52456859183
24451.436106616522,0.0415567999826136,11038.140789001645,4370.543459768559
24451.500186647172,0.029371385330175696,11038.174019151837,4370.555798048954
24451.543918564093,0.021559723477225717,11038.196697327126,4370.564218404555
24451.58094101933,0.017353935006415366,11038.215896159212,4370.571346887747
24451.608884132846,0.017555354057865444,11038.23038669316,4370.576727190376
24451.636827246362,0.020685123686366064,11038.244877227111,4370.582107492962
24451.665880654913,0.025566625057476696,11038.259943529682,4370.587701577095
24451.693740792933,0.030792481058243705,11038.274391034813,4370.59306590309
24451.74646156898,0.040827297607898744,11038.301730586472,4370.603217016702
24451.828802152908,0.05567985197536798,11038.344430159917,4370.619071271308
24451.928548147516,0.07209989331247485,11038.396155703036,4370.638276847447
24452.071308258455,0.09321523563781994,11038.47018718979,4370.665764568608
24452.28580652407,0.12119035590047003,11038.581420120468,4370.707065098428
24452.60109681215,0.15683812539955183,11038.744921035985,4370.7677726054935
24453.058364635093,0.201015285802075,11038.982047616337,4370.855817139774
24453.718208407856,0.2546297677879559,11039.32422454196,4370.982866596649
24454.66701940961,0.31808493875443256,11039.816251967673,4371.165555136235
24456.023700298603,0.39033773088435497,11040.519789561513,4371.42677678053
24457.945144883266,0.4673474288201732,11041.516198165671,4371.796740481461
24460.620124498717,0.5393743051717325,11042.903369441252,4372.311792920337
24464.20557261826,0.5867553468907489,11044.762684813502,4373.002150396051
24469.141338115776,0.5725909546177896,11047.322237916234,4373.952502603036
24472.591467196376,0.5058838345827865,11049.111380610062,4374.616803597301
24476.041596276977,0.37772347220116465,11050.900523334762,4375.281103948505
24477.262865817393,0.31032933858698,11051.533840375258,4375.516251455773
24478.48413535781,0.22336724215508208,11052.167157419619,4375.751398882497
24478.960307185855,0.1810816812692752,11052.41408713173,4375.843082617895
24479.4364790139,0.13084836582844953,11052.661016844431,4375.93476634105
24479.650931397748,0.10420402511330229,11052.77222599731,4375.9760577193465
24479.842187812028,0.07709907915091059,11052.871406353599,4376.012882866091
24479.959990759817,0.05812714327645145,11052.93249574705,4376.035565036869
24480.05711874522,0.040727710711466865,11052.982863669333,4376.0542663811675
24480.119376341787,0.028878135194371417,11053.015148759707,4376.0662536649315
24480.162215412554,0.02129222998435807,11053.0373639326,4376.074502041327
24480.199074106815,0.017276735343316703,11053.056477845463,4376.081598936167
24480.22591295147,0.017585187388949604,11053.070395737795,4376.086766575996
24480.252751796128,0.0205876546959583,11053.084313630128,4376.091934215785
24480.281636619286,0.025415704511314897,11053.099292511073,4376.097495794988
24480.309577700464,0.030649386824105385,11053.113781993188,4376.102875662952
24480.361282277205,0.04049574829844939,11053.140594575538,4376.112831032651
24480.443546355862,0.05536091737955983,11053.183254481552,4376.128670429319
24480.542629718548,0.07170624329048557,11053.234636409248,4376.147748265848
24480.684102032603,0.09268399308851821,11053.308000090285,4376.174987809572
24480.896767619077,0.1205017219278606,11053.418282659504,4376.21593513762
24481.20947436494,0.1559730532315139,11053.58044384394,4376.276144713485
24481.66308457213,0.19995404546800197,11053.815673718527,4376.363484291574
24482.317694700134,0.2533548237821618,11054.155136667769,4376.489525025677
24483.25906752362,0.3165985533950931,11054.643306927592,4376.670779928583
24484.605321982894,0.38868688850192784,11055.341437760066,4376.9299919399955
24486.512510435638,0.46566775987637277,11056.330453665525,4377.29720775583
24489.16899098624,0.5379650910370164,11057.70803202872,4377.8086942046175
24492.73436492639,0.5861801457757791,11059.556937744152,4378.495181017189
24497.62763856716,0.574117846573098,11062.094456092704,4379.437344140088
24501.075627599395,0.5093999342063196,11063.882489270345,4380.101227781099
24504.52361663163,0.38421657661883635,11065.670522478735,4380.765110781447
24505.803528176435,0.3149310581490857,11066.33424975614,4381.011547457012
24507.08343972124,0.22470479265704077,11066.99797703778,4381.257984044332
24507.559850495,0.1826115438984917,11067.245030695887,4381.349713052389
24508.03626126876,0.1326868029575457,11067.49208435458,4381.441442048223
24508.25591809819,0.1055968343569613,11067.60599240715,4381.483735169074
24508.451158903186,0.07809952947886731,11067.70723897417,4381.521327182503
24508.570150224776,0.059042974377914725,11067.76894463465,4381.544237983156
24508.66825932148,0.041553503338044216,11067.819821341742,4381.563128082523
24508.732331865103,0.0293694915272776,11067.853047618868,4381.575464723353
24508.776060560904,0.021558674249262135,11067.875724130261,4381.58388432363
24508.813082624358,0.01735361393435871,11067.89492276467,4381.591012616996
24508.841020050768,0.017555398561092745,11067.909410353583,4381.59639173828
24508.868957477178,0.02068435986310688,11067.923897942499,4381.601770859521
24508.898008305998,0.025565201903979335,11067.938962911601,4381.607364357178
24508.925868988066,0.030791078966071694,11067.953410702996,4381.612728701844
24508.978579964558,0.04082405602438853,11067.980745180694,4381.622877765737
24509.060919871954,0.055676703931278514,11068.02344441552,4381.6387316356695
24509.160659545658,0.07209598538874891,11068.075166695586,4381.657935686581
24509.303407265623,0.09320992599771846,11068.149191777893,4381.685420580877
24509.51788792887,0.12118340423354924,11068.260415612278,4381.726717058778
24509.833153212003,0.15682923918564967,11068.423903607672,4381.787418777231
24510.290385250897,0.20100409099534913,11068.661011699212,4381.875455008872
24510.950177184357,0.2546157943874909,11069.003161840243,4382.0024924460495
24511.898913302462,0.31806770633734655,11069.49515057404,4382.18516363644
24513.255486730253,0.39031685056680837,11070.19863264259,4382.446360399492
24515.176778774556,0.4673227980315442,11071.194962428332,4382.816288796011
24517.851545883994,0.5393464710949913,11072.582023900562,4383.33129205915
24521.436709715577,0.5867261339571097,11074.441192380085,4384.02158373001
24526.3720859238,0.5725647935148774,11077.000544339027,4384.971845752717
24529.82193473444,0.505863937489373,11078.789542203273,4385.636082141613
24533.27178354508,0.3777153416846947,11080.578540098217,4386.300317890769
24534.49305667252,0.31032154241489157,11081.211859179557,4386.5354623235935
24535.71432979996,0.22335869413383322,11081.845178264744,4386.770606676276
24536.190470080717,0.18107539272293968,11082.092091687733,4386.862282869809
24536.666610361473,0.13084491167046935,11082.339005111307,4386.953959051163
24536.881056873917,0.10420109091366625,11082.450211251162,4386.995248638004
24537.07230535572,0.07709705827829018,11082.549387522173,4387.032071667957
24537.190105746373,0.05812540061921788,11082.61047560699,4387.05475298331
24537.287231922484,0.04072618725501661,11082.660842605392,4387.0734536798955
24537.34948653892,0.02887719308601497,11082.693126159558,4387.085440197987
24537.392323804313,0.021291754544070146,11082.71534040257,4387.093688094746
24537.42918220646,0.017276616864441718,11082.734454169402,4387.100784819745
24537.456019609774,0.017585285100343125,11082.748371318263,4387.10595209934
24537.48285701309,0.020587632513128954,11082.762288467124,4387.111119378896
24537.511742237988,0.02541573608609523,11082.777267560674,4387.116680946429
24537.539683464438,0.030649434955617425,11082.791757122255,4387.122060756252
24537.59138834768,0.040495828550270604,11082.818569871197,4387.132016025613
24537.67365259193,0.055360977067007246,11082.86122987525,4387.147855200635
24537.772736302988,0.07170629397229289,11082.91261199826,4387.166932798877
24537.914209192513,0.09268402550108638,11082.985975998645,4387.194172017403
24538.12687561732,0.12050169345717446,11083.096259034059,4387.2351188514685
24538.439583353065,0.15597286275686145,11083.258420778073,4387.295327654246
24538.893194588567,0.19995351822077567,11083.493651253002,4387.382666032463
24539.547805555503,0.2533536662472801,11083.833114734103,4387.508704910922
24540.48917836688,0.31659626249781797,11084.321285126858,4387.689956910872
24541.835430323536,0.3886826031040677,11085.01941486061,4387.949164292672
24543.742609767934,0.46566001397334705,11086.008426376551,4388.316372498901
24546.399064141737,0.5379514225908699,11087.385991557825,4388.827845725903
24549.964356534085,0.5861567055448004,11089.234855511619,4389.514305859277
24554.8576721129,0.5740763360826169,11091.772396330873,4390.456461995785
24558.30512803221,0.5093518561168683,11093.56015355968,4391.12023238294
24561.752583951522,0.3841694025503651,11095.347910819057,4391.784002132831
24563.03217168984,0.3148938056636357,11096.011470368054,4392.030372527112
24564.311759428158,0.22468349929643935,11096.67502992126,4392.276742833636
24564.78811411985,0.1825928067307602,11096.922054567009,4392.368459578966
24565.26446881154,0.1326710236511144,11097.16907921334,4392.460176312137
24565.48408646912,0.10558432728096696,11097.282966984852,4392.502461215594
24565.679291020526,0.0780907506000562,11097.384194780541,4392.5400456485795
24565.798271806314,0.05903503180608059,11097.445894994995,4392.562954054876
24565.896372295367,0.04154640717659749,11097.496767252862,4392.581842195331
24565.96042851147,0.029365419696906286,11097.529985072431,4392.594175495511
24566.004150286077,0.021556398098892007,11097.55265800113,4392.60259362876
24566.041171411634,0.017352909373626654,11097.571856154633,4392.609721627732
24566.06909660981,0.01755548908933511,11097.586337406436,4392.615098308725
24566.097021807982,0.020682731278168092,11097.60081865824,4392.620474989674
24566.12606713327,0.025562182595309926,11097.615880777646,4392.626067338382
24566.153928864875,0.03078809855506347,11097.63032911741,4392.6314317994775
24566.20661899093,0.04081719000262682,11097.657652790413,4392.641576686816
24566.288957298573,0.055670055401760274,11097.700351207795,4392.657429995613
24566.388683373556,0.07208775823189302,11097.752066450645,4392.676631121639
24566.53140454739,0.09319878786463123,11097.826077787902,4392.704110465967
24566.745847481165,0.12116890019739618,11097.93728208844,4392.7453990201775
24567.061059392512,0.15681086942148198,11098.10074245317,4392.806089493402
24567.518215480668,0.20098126614657993,11098.337811226149,4392.8941096961535
24568.177898105867,0.2545878555723459,11098.679904780181,4393.021124059305
24569.126477680027,0.31803420421798767,11099.171812474435,4393.203762193086
24570.48282921621,0.3902779223687152,11099.875179676033,4393.4649120645745
24572.40381234743,0.4672798470620687,11100.871349551064,4393.834775080012
24575.078164297163,0.5393033571033007,11102.25819612695,4394.349690192107
24578.662825175634,0.5866909011065637,11104.117104316865,4395.039874014773
24583.597349569904,0.5725559139082256,11106.67601527504,4395.989956879602
24587.046616783966,0.505890833802048,11108.464712046925,4396.654070702361
24590.495883998028,0.37780693968676365,11110.253408849332,4397.318183888788
24591.718079697635,0.3103823430491448,11110.887206531384,4397.553502205287
24592.940275397243,0.2233657260310606,11111.52100421727,4397.788820441925
24593.416364063552,0.18108912023502166,11111.76789094445,4397.880485237556
24593.892452729862,0.1308682488178015,11112.01477767221,4397.972150021071
24594.106970645742,0.10421821217458951,11112.126020871505,4398.013452698125
24594.29826756988,0.07710955641284749,11112.225222291536,4398.05028446857
24594.41608271496,0.0581369281540316,11112.286318044931,4398.072968263471
24594.51322110457,0.0407366472945806,11112.336691391209,4398.091671013782
24594.575497497306,0.0288836473163527,11112.368986247135,4398.103661533723
24594.6183471981,0.021295131984279535,11112.39120694511,4398.111911693404
24594.65520821253,0.017277524235452344,11112.410322072026,4398.119008808344
24594.682055705205,0.017584671170281264,11112.424244456903,4398.1241779482225
24594.70890319788,0.02058777328654646,11112.438166841783,4398.129347088063
24594.737786080434,0.02541547151616403,11112.453144724905,4398.134908116036
24594.76572716898,0.030649117588472944,11112.467634219081,4398.140287813629
24594.817430155974,0.04049513510219716,11112.494445992286,4398.15024255935
24594.899694419117,0.055360297872052475,11112.537106018239,4398.166081485761
24594.998776940778,0.07170543194899535,11112.588487539033,4398.185158551181
24595.140247425472,0.09268282633334386,11112.661850313147,4398.212396872897
24595.35291044184,0.1205000679916795,11112.772131612317,4398.253342398636
24595.665613180394,0.15597066568157655,11112.934290810917,4398.313549280467
24596.119216970797,0.19995052927336496,11113.169517491737,4398.400884834446
24596.773816653033,0.2533495513156544,11113.508975217173,4398.526919533228
24597.71517222184,0.31659052376170427,11113.997136806838,4398.708165327418
24599.061397522262,0.38867448838268986,11114.695252915344,4398.967363450174
24600.968534929118,0.4656483717915676,11115.684242912146,4399.334557717289
24603.624920250095,0.5379344850695427,11117.061772674959,4399.846009508914
24607.190084444446,0.5861319323378641,11118.910570672633,4400.532434037349
24612.08334253645,0.5740383624563559,11121.448082399533,4401.474564120639
24615.530344468283,0.5093097254044799,11123.235604708843,4402.138236545465
24618.977346400115,0.3841292210861013,11125.023127048551,4402.801908336371
24620.256665556757,0.3148620582270695,11125.686547506093,4403.048223104033
24621.5359847134,0.2246650850897842,11126.34996796782,4403.294537784409
24622.012290646664,0.18257671110925094,11126.59696739865,4403.386243684833
24622.48859657993,0.13265761198213036,11126.843966830058,4403.47794957316
24622.708181251877,0.10557368637901042,11126.957837528327,4403.520227453945
24622.903355153336,0.07808327560364238,11127.059049458416,4403.5578053886475
24623.02232693105,0.059028287196182076,11127.12074501898,4403.580711696646
24623.120420116342,0.04154038902292028,11127.171613503702,4403.599598130811
24623.18446252625,0.02936196360288837,11127.204824173145,4403.611928576884
24623.228178419773,0.021554469953078758,11127.227494058487,4403.6203454440865
24623.265198755438,0.017352314514268573,11127.246691807803,4403.627473177743
24623.293113626558,0.01755556929894448,11127.261167708371,4403.632847784998
24623.321028497678,0.020681361019914083,11127.275643608938,4403.638222392211
24623.350069240336,0.02555964863701974,11127.290703356177,4403.643813769763
24623.377931883966,0.03078560102930384,11127.305152172981,4403.649178321239
24623.430604536545,0.0408114319377555,11127.332466792437,4403.659319683155
24623.512941533474,0.05566447807113504,11127.375164542198,4403.675172487759
24623.612656236914,0.07208085273969361,11127.4268739027,4403.6943711193435
24623.755355197256,0.09318943321333535,11127.500873741572,4403.721845750274
24623.969766560702,0.12115670697606236,11127.612061702042,4403.763127570214
24624.284933781,0.15679540127063077,11127.775498937433,4403.823808474793
24624.74202621127,0.20096199972633916,11128.012534766198,4403.911815023039
24625.401617117008,0.254564189896707,11128.354580853738,4404.038809709564
24626.350065140472,0.31800568056344386,11128.846420468453,4404.221419614529
24627.706229809006,0.39024451719603637,11129.549690964408,4404.48252936025
24629.62695189005,0.46724250325539574,11130.545725747479,4404.852336241646
24632.300950712288,0.5392649214112984,11131.93238959295,4405.367175190157
24635.88517557933,0.5866575155658608,11133.791072204338,4406.057264111962
24640.818989646108,0.5725417555368376,11136.349615528545,4407.007195141709
24644.26777075168,0.5059033354738578,11138.138060722646,4407.671204840081
24647.716551857255,0.37786771084574444,11139.926505947093,4408.335213905466
24648.9393860022,0.31042196309001013,11140.560634888592,4408.570651414755
24650.162220147144,0.22336798964739835,11141.194763833906,4408.806088844497
24650.63826361975,0.18109669456167374,11141.441627194497,4408.89774348613
24651.114307092354,0.130883319494614,11141.688490555667,4408.98939811571
24651.328872556594,0.10422914765530579,11141.799758443647,4409.030709292948
24651.52020054442,0.07711757543721373,11141.898976000459,4409.067546460571
24651.638025102427,0.05814436209834685,11141.960076652378,4409.090231708336
24651.735171381704,0.04074341052027617,11142.010454104236,4409.108935681316
24651.797461931954,0.028887816764553438,11142.042756310979,4409.120928737064
24651.840319662344,0.02129732058042597,11142.064981179157,4409.1291803119875
24651.877182387252,0.017278116007191525,11142.08409719847,4409.1362776437945
24651.90403645691,0.017584279900270238,11142.098022997921,4409.141447968059
24651.930890526564,0.020587876685257835,11142.111948797376,4409.146618292285
24651.95977196565,0.025415323761792084,11142.126925936178,4409.152178954223
24651.9877129923,0.03064893758424089,11142.141415402346,4409.157558554656
24652.039414932686,0.04049473652607977,11142.16822664037,4409.167512941132
24652.121679271793,0.05535990048825023,11142.210886717749,4409.183351631197
24652.22076119027,0.07170491799921062,11142.262267940241,4409.202428278206
24652.36223040659,0.09268209685117135,11142.335630077305,4409.2296659241265
24652.574891633576,0.12049905154300519,11142.445910479655,4409.270610456578
24652.887591657756,0.15596923385606765,11142.608068316395,4409.330815861859
24653.3411912343,0.19994847922993172,11142.843292878364,4409.418149220796
24653.995784255414,0.2533465645161953,11143.182747245262,4409.544180640308
24654.93712915325,0.3165861005201348,11143.670903438919,4409.725421508681
24656.283337010336,0.38866783519801706,11144.369010698636,4409.984612167202
24658.190444979522,0.4656382176201876,11145.357985708692,4410.351794950889
24660.846777606792,0.5379187979325671,11146.735488534257,4410.863228498359
24664.41183140749,0.5861076738356347,11148.584229805729,4411.549620905733
24669.305069849433,0.5739990506505684,11151.121732057403,4412.491732296644
24672.751594488687,0.5092651657853078,11152.909007358885,4413.155302328172
24676.19811912794,0.38408575031201286,11154.69628269059,4413.81887172911
24677.47714228239,0.31482781160049345,11155.359549836016,4414.065125612199
24678.75616543684,0.22464555934756858,11156.022816985602,4414.311379408478
24679.23242037004,0.1825595398865279,11156.269790038656,4414.403074040059
24679.70867530324,0.1326431503609209,11156.516763092286,4414.494768659605
24679.92822417002,0.10556222826203987,11156.630615254986,4414.537038978457
24680.123365004125,0.07807522447198491,11156.731810065703,4414.574609952647
24680.242327096046,0.059021013776816504,11156.793500620828,4414.597514033754
24680.34041240503,0.041533894630114275,11156.844365035418,4414.616398652955
24680.404439913073,0.029358232405237362,11156.877567986498,4414.62872603504
24680.448149452466,0.02155238793862277,11156.900234583136,4414.637141545832
24680.485168923315,0.01735167242953372,11156.919431889382,4414.644269000323
24680.5130726899,0.01755565783577826,11156.933902035506,4414.649641384644
24680.540976456487,0.020679894493421554,11156.948372181634,4414.655013768924
24680.570012334574,0.025556944817902154,11156.96342941047,4414.660604121513
24680.597875958727,0.030782938226865356,11156.97787873981,4414.665968776981
24680.65052997703,0.04080529349795533,11157.005183703712,4414.676106390902
24680.732865572423,0.05565853437916794,11157.047880738686,4414.6919586751055
24680.83256814271,0.07207349512119678,11157.099583821804,4414.711154667225
24680.975243409,0.09317946844097617,11157.173571394393,4414.73862430204
24681.18962109569,0.12114372303257123,11157.284741922276,4414.779898985657
24681.504740656197,0.15677894010624083,11157.448154488546,4414.840569755147
24681.96176522591,0.20094151556438677,11157.685155193314,4414.928561847182
24682.621258399555,0.25453906202763993,11158.02715069581,4415.055535710193
24683.569566329057,0.31797545358320134,11158.518917799869,4415.238115756926
24684.925532158595,0.3902092227382818,11159.222085381003,4415.499183094076
24686.845976831017,0.4672032420268036,11160.217976587428,4415.86893072313
24689.519601327283,0.5392248872487213,11161.604446707252,4416.383689470068
24693.103367308886,0.5866235022084155,11163.462891875228,4417.073679144959
24698.036422576988,0.5725294103120979,11166.0210424254,4418.023449087755
24701.484689703164,0.505920640944368,11167.809221585674,4418.687349351803
24704.93295682934,0.37793855943856114,11169.59740077612,4419.351248986197
24706.15652222442,0.31046854034700044,11170.231909102353,4419.586823571038
24707.380087619502,0.22337187998795513,11170.866417432382,4419.82239807663
24707.856084109833,0.18110632894162723,11171.113256498484,4419.9140422275095
24708.332080600165,0.13090111405444327,11171.36009556516,4420.005686366397
24708.546701456893,0.10424212475789989,11171.47139220942,4420.047007557067
24708.73806625787,0.07712707143217605,11171.570628884381,4420.083851231573
24708.85590198893,0.05815314627373619,11171.63173534749,4420.106538272835
24708.953057587107,0.04075139287232421,11171.682117646013,4420.125243745103
24709.0153648364,0.028892734829783665,11171.714428521496,4420.137239826853
24709.05823202919,0.021299900838848872,11171.736658302856,4420.145493093487
24709.095096752833,0.01727881322473569,11171.755775364023,4420.152590698217
24709.12195862833,0.017583820112556825,11171.76970521528,4420.157762443833
24709.148820503826,0.020588012724236462,11171.78363506654,4420.162934189412
24709.17770028529,0.025415177553532935,11171.798611349946,4420.168494444539
24709.20564120722,0.030648751033930933,11171.813100765874,4420.173873939996
24709.257342088895,0.040494329233885115,11171.8399114624,4420.1838279657
24709.3396065035,0.055359494991663184,11171.882571590897,4420.1996664205935
24709.438687801598,0.07170439398802897,11171.933952506091,4420.218742647406
24709.580155716627,0.09268135379941402,11172.00731398892,4420.245979613376
24709.79281510703,0.12049801747659873,11172.117593469802,4420.286923146733
24710.105512350565,0.15596777991912733,11172.279749910058,4420.34712706753
24710.559107619694,0.1999464021276025,11172.514972304298,4420.434458220414
24711.21369384611,0.253343545330387,11172.854423242858,4420.560486345043
24712.155027883517,0.3165816397268465,11173.34257394149,4420.7417222656595
24713.501218032197,0.3886611406607894,11174.040672213872,4421.00090542971
24715.408296202462,0.4656280220417827,11175.029632048294,4421.368076689907
24718.06457566934,0.5379030774414587,11176.407107692447,4421.879491944503
24721.62951857252,0.5860834052543621,11178.255791973514,4422.565852189227
24726.522736213105,0.5739597855611995,11180.793284148978,4423.507944741328
24729.96878916688,0.509220561426901,11182.580315347404,4424.17141351487
24733.414842120656,0.38404192832021655,11184.36734657588,4424.83488166112
24734.693565507325,0.31479335074961035,11185.030458455341,4425.081073956052
24735.972288893994,0.22462605624525692,11185.693570338937,4425.327266164646
24736.448493287993,0.18254235101101923,11185.940517252808,4425.41894962372
24736.924697681992,0.13262861377608376,11186.187464167253,4425.510633070823
24737.144210495382,0.10555071818961519,11186.301297665479,4425.552895783532
24737.3393181313,0.07806713349449029,11186.40247528881,4425.590459775212
24737.458270488904,0.059013704110324056,11186.464160813237,4425.613361621969
24737.556347884296,0.04152736734736638,11186.51502113828,4425.632244420579
24737.62036042669,0.029354480193947805,11186.54821633786,4425.644568727466
24737.664063570443,0.021550295212778188,11186.57087962423,4425.6529828745615
24737.7010821651,0.017351027888405233,11186.590076481476,4425.660110048272
24737.728974814105,0.017555749404182357,11186.604540866369,4425.665480207642
24737.75686746311,0.020678432943249874,11186.619005251263,4425.6708503669715
24737.785898537415,0.025554258086339723,11186.6340599932,4425.6764397067745
24737.813763151305,0.030780294992879192,11186.648509839833,4425.681804468431
24737.866398668728,0.04079919915710855,11186.675805217312,4425.691938360961
24737.94873287986,0.055652634279842995,11186.718501546387,4425.70779012936
24738.0484234077,0.07206619121814538,11186.77019839908,4425.7269835010775
24738.191075157112,0.09316957614509079,11186.844173797137,4425.754448176218
24738.405419417748,0.1211308328586778,11186.955327022257,4425.795715775268
24738.720491671847,0.1567625965993418,11187.118715102395,4425.856376482821
24739.177448882372,0.20092117573169302,11187.355680942777,4425.944354222587
24739.83684504177,0.25451410757801574,11187.697626231924,4426.071307410984
24740.785013897734,0.3179454288120702,11188.189321353688,4426.253857811323
24742.140782318962,0.3901741528904208,11188.892386760768,4426.514883037321
24744.060951538744,0.4671642093250876,11189.888135403246,4426.8845718217
24746.734204245942,0.5391850447612672,11191.274413110728,4427.399250898686
24750.317514083054,0.5865895671067372,11193.132622253665,4428.089141911982
24755.249816257976,0.5725168561571726,11195.69038298434,4429.038751946322
24758.697576525683,0.5059372810806109,11197.478299800596,4429.702544202834
24762.14533679339,0.37800784101767426,11199.266216646847,4430.366335832995
24763.369618933473,0.31051406308092233,11199.901096835067,4430.602044714992
24764.593901073556,0.22337557370871244,11200.535977027066,4430.837753518041
24765.06985111777,0.18111568317572552,11200.782792076317,4430.929387288942
24765.54580116198,0.13091850278786413,11201.02960712614,4431.021021047914
24765.76047622867,0.1042548004444647,11201.140931913296,4431.062352027287
24765.951877005064,0.07713634823920654,11201.24018727184,4431.099202050085
24766.069723646953,0.0581617303798557,11201.301299410063,4431.121890836091
24766.166888354634,0.04075919440215169,11201.35168644659,4431.140597768758
24766.229211948626,0.028897538077115197,11201.384005807013,4431.152596809138
24766.2720883756,0.021302422702363277,11201.406240383178,4431.160851724143
24766.308955048073,0.01727949587131276,11201.425358460288,4431.167949592737
24766.335824602345,0.017583374321361575,11201.439292297442,4431.173122735606
24766.362694156618,0.020588159810938117,11201.453226134596,4431.178295878435
24766.39157237607,0.02541506236160324,11201.468201612164,4431.183855745608
24766.41951318571,0.030648595661193368,11201.482690973902,4431.189235135059
24766.47121321943,0.04049399223654326,11201.50950123818,4431.199188841361
24766.553477723926,0.05535915681672026,11201.552161425194,4431.21502706511
24766.65255854147,0.07170395310153513,11201.60354210552,4431.2341029001645
24766.794025426563,0.09268072291999818,11201.676903074716,4431.261339240596
24767.006683366766,0.12049712884381987,11201.787181834328,4431.302281852503
24767.319378374596,0.1559665087391944,11201.949337160442,4431.362484398522
24767.77297010786,0.19994454930372593,11202.184557786692,4431.449813500844
24768.427550643777,0.253340795711315,11202.524005868994,4431.575838553209
24769.368875390453,0.31657749341920216,11203.012151885852,4431.757069842711
24770.715050031693,0.38865479577764334,11203.710242311174,4432.016245956682
24772.622101413795,0.4656181829263188,11204.699188529727,4432.3834063023105
24775.278331630827,0.5378876574863191,11206.076639018227,4432.8948040577425
24778.84316789533,0.5860592629454328,11207.925268514526,4433.581133014764
24783.736373722688,0.5739202064611219,11210.462755270868,4434.523208533176
24787.181953577478,0.5091752783986987,11212.249541630339,4435.186575831905
24790.627533432267,0.3839969421085409,11214.036328019693,4435.849942506616
24791.905946640836,0.3147580498271334,11214.699279233562,4436.09607123039
24793.184359849405,0.22460627907802186,11215.362230451543,4436.342199868295
24793.660513501876,0.1825248635472796,11215.609151120914,4436.433872123457
24794.136667154347,0.13261373699809773,11215.856071790859,4436.525544366709
24794.35614296124,0.1055389487283575,11215.969886130166,4436.567799293335
24794.551216650954,0.07805885693430187,11216.071046178049,4436.605356161658
24794.670159054527,0.05900622438361134,11216.132726557742,4436.628255733631
24794.768228353812,0.04152068671122617,11216.183582698508,4436.647136678049
24794.832225587612,0.02935063772282419,11216.21676996869,4436.659457844778
24794.87592217604,0.021548152871133288,11216.239429861947,4436.667870598138
24794.912939865273,0.017350368804247455,11216.258626255007,4436.674997486008
24794.94082117988,0.01755584568109996,11216.273084766204,4436.680365379175
24794.968702494487,0.020676949978350193,11216.287543277404,4436.685733272301
24794.99772873938,0.02555154023589781,11216.302595519124,4436.691321594854
24795.02559436826,0.0307776238004888,11216.317045896125,4436.696686467978
24795.078211185195,0.04079303972195254,11216.344331583618,4436.706816601599
24795.160544001807,0.05564667236025654,11216.387027201412,4436.722667853476
24795.260222358756,0.07205881095775292,11216.438717756982,4436.741858581652
24795.402850342252,0.09315958080202084,11216.512680851247,4436.769318251483
24795.61716082143,0.12111780900547015,11216.62381658912,4436.810578701003
24795.932185268284,0.15674608513129237,11216.78717992314,4436.871229255272
24796.389074411516,0.20090062996097324,11217.024110531545,4436.959192513794
24797.04837254391,0.25448890592738493,11217.366005081603,4437.086124843206
24797.996400887634,0.3179151162012786,11217.8576274742,4437.268645335413
24799.35196988499,0.39013876399099906,11218.560589660872,4437.529628084007
24801.271860898974,0.46712485321352437,11219.556194310073,4437.8992575244965
24803.94473825035,0.539144933439087,11220.942277753355,4438.413856287686
24807.527588095385,0.5865555284302857,11222.800248873005,4439.10364795579
24812.45912894713,0.5725046125698967,11225.357615512175,4440.05309657658
24815.906380818324,0.5059546523419949,11227.14526918393,4440.716780584795
24819.35363268952,0.37807851495785344,11228.93292288551,4441.380463969935
24820.578644331636,0.31056056951043143,11229.568181550409,4441.616309619372
24821.803655973752,0.22337953876009745,11230.203440219071,4441.852155190157
24822.279559538387,0.18112535524849507,11230.45023123373,4441.94377858213
24822.75546310302,0.13093628250068512,11230.697022248956,4442.035401962234
24822.970193494086,0.10426777146589648,11230.80837575676,4442.076742947788
24823.161631086827,0.07714583775523848,11230.90765023483,4442.113599483462
24823.279488892204,0.058170509197878945,11230.968768179097,4442.136290064573
24823.376662917468,0.040767171587628576,11231.019160061454,4442.154998499117
24823.43900324109,0.028902446053742124,11231.051488106388,4442.167000573082
24823.481889095634,0.021305000752807373,11231.07372757761,4442.175257174284
24823.518757752525,0.017280194599063527,11231.092846689095,4442.182355314141
24823.54563520854,0.017582921836321357,11231.106784627747,4442.187529897547
24823.572512664552,0.020588324805741322,11231.120722566404,4442.192704480915
24823.601389343792,0.025414973286442884,11231.135697249412,4442.198263964779
24823.629330023403,0.030648464372281217,11231.15018654774,4442.203643245232
24823.68102938059,0.040493711159821096,11231.176996468626,4442.213596665925
24823.763293986744,0.05535887225304437,11231.21965672019,4442.229434662038
24823.862374435004,0.07170357839933854,11231.27103722327,4442.248510128258
24824.003840506204,0.09268018135459466,11231.344397790757,4442.275745886892
24824.216497303754,0.1204963560013964,11231.454675988414,4442.316687639792
24824.52919050972,0.15596538307137248,11231.616830425113,4442.376888899306
24824.98277932141,0.19994287506452993,11231.852049601568,4442.464216076226
24825.637355045998,0.253338260759454,11232.191495283005,4442.590238235537
24826.578671751755,0.3165735975809561,11232.679637265457,4442.771465148852
24827.924832638233,0.38864872943957623,11233.377720751538,4443.030634570653
24829.83185962963,0.46560862788917495,11234.366654595957,4443.397784492311
24832.48804371139,0.5378724772812503,11235.744081541818,4443.909165388704
24836.052776728044,0.5860352219760363,11237.592658008882,4444.595463765405
24840.945977882453,0.5738803786842657,11240.130143044973,4445.5375236988475
24844.39108484413,0.5091294226899183,11241.916684669384,4446.200789617304
24847.836191805807,0.3839509063490642,11243.703226323505,4446.8640549149895
24849.114285300122,0.31472200126331445,11244.366011925486,4447.110118252836
24850.392378794437,0.2245862807378883,11245.028797531551,4447.356181505278
24850.868481651036,0.18250712473881497,11245.275691927853,4447.447842553558
24851.344584507635,0.13259856039156195,11245.522586324723,4447.53950358999
24851.564022458682,0.10552695193368272,11245.63638106448,4447.581750570547
24851.759061551293,0.07805041707150288,11245.737523199205,4447.619300193347
24851.877993807153,0.05899859508283513,11245.799198333629,4447.642197455102
24851.976054850187,0.0415138711484942,11245.850050206991,4447.661076516026
24852.040036476104,0.029346715423088404,11245.88322939252,4447.673394486034
24852.083726366884,0.02154596685906692,11245.905885818824,4447.681805818956
24852.120743123745,0.017349697085177432,11245.92508173369,4447.68893241636
24852.14861292133,0.017555946594138665,11245.939534276466,4447.694298008654
24852.176482718914,0.020675450496443017,11245.953986819239,4447.699663600908
24852.20550412688,0.025548800583885835,11245.96903655682,4447.705250905233
24852.23337079335,0.030774933918166096,11245.983487475887,4447.710615894591
24852.28596877503,0.04078683646425884,11246.010763403465,4447.720742244262
24852.368300192353,0.05564066917629868,11246.053458307435,4447.736592979953
24852.46796629272,0.07205137970482063,11246.105142521366,4447.755781049666
24852.610570344394,0.09314951663695567,11246.179093225683,4447.783235684542
24852.824846804964,0.12110469582464198,11246.29021135315,4447.824488942309
24853.139823110334,0.15672946139228003,11246.453549767462,4447.885129283986
24853.596643714034,0.2008799465412167,11246.690444898619,4447.973077977649
24854.255843144285,0.2544635390829139,11247.032288358925,4448.09998932863
24855.20373001687,0.3178846112974346,11247.523837524308,4448.282479743242
24856.559098247133,0.3901031620331941,11248.22669579288,4448.543419777476
24858.47870922061,0.4670852812715543,11249.222155495774,4448.912989551475
24861.151208839903,0.5391046429957094,11250.608043440365,4449.427507585932
24864.73359612965,0.5865214214896703,11252.465775204551,4450.11719947212
24869.66437014215,0.5724925779664444,11255.022744887616,4451.066485696236
24873.1111139893,0.505972476016003,11256.810135605154,4451.730061582799
24876.55785783645,0.3781499815912068,11258.597526352349,4452.3936368495415
24877.783606203695,0.31060764788677603,11259.233167238874,4452.629620671076
24879.00935457094,0.2233836832515212,11259.86880812915,4452.8656044142535
24879.485211751824,0.18113522605300564,11260.11557515852,4452.95721745318
24879.96106893271,0.13095429260549127,11260.362342188453,4453.0488304803
24880.17585529876,0.10428091770385688,11260.473724754143,4453.090181600191
24880.367330211484,0.07715545297532074,11260.57301861277,4453.127044748359
24880.48519932924,0.058179403212896205,11260.634142440205,4453.149737154944
24880.582382796187,0.040775252619685474,11260.684539232676,4453.168447116664
24880.644740086354,0.028907414380522904,11260.716876084936,4453.180452270661
24880.687635476253,0.021307611901963997,11260.73912050708,4453.1887105793985
24880.724506135626,0.017280903278898876,11260.758240662271,4453.195808994539
24880.751391648242,0.017582466982876205,11260.772182782712,4453.200985048655
24880.778277160858,0.020588507012262464,11260.786124903156,4453.206161102732
24880.807152338883,0.02541491258419028,11260.801098811806,4453.211720211236
24880.835092872174,0.03064835981648876,11260.815588038255,4453.217099379977
24880.88679174065,0.04049349169324967,11260.842397713106,4453.227052552001
24880.969056461305,0.055358646734408344,11260.88505803582,4453.24289032419
24881.068136662856,0.07170327659306273,11260.936438425138,4453.261965446666
24881.209602158124,0.0926797381593193,11261.009798714205,4453.289200671447
24881.42225815181,0.12049571069371613,11261.120076525427,4453.330141633768
24881.73495003377,0.15596441767016989,11261.28223032027,4453.390341703489
24882.18853660048,0.19994139750846765,11261.517448397432,4453.477667092098
24882.843108482088,0.25333596221739535,11261.856892179647,4453.603686554652
24883.78441852352,0.3165699775604577,11262.345030840816,4453.784909370999
24885.130567585406,0.3886429697839056,11263.043108387525,4454.04407249254
24887.03757282699,0.4655993855634774,11264.032031225797,4454.411212527454
24889.693714203037,0.537857560806426,11265.40943640539,4454.92257726524
24893.258347704905,0.5860112920394461,11267.257961776251,4455.608845834448
24898.151552054664,0.5738402759621825,11269.795449168536,4456.550891771181
24901.596186156552,0.5090829395451488,11271.581746072323,4457.214056370269
24905.04082025844,0.38390373012255197,11273.36804300565,4457.877220351813
24906.31858369787,0.3146851391065875,11274.030657632264,4458.123216334007
24907.5963471373,0.22456603877525605,11274.693272262939,4458.369212231261
24908.072399122426,0.18248911057196196,11274.940140346574,4458.460862065541
24908.548451107552,0.13258305716727978,11275.187008430777,4458.552511888031
24908.76785027882,0.10551470732436206,11275.300783091672,4458.594750748157
24908.962854064164,0.07804179928228167,11275.401906944806,4458.6322929918415
24909.081775961324,0.05899080280708363,11275.46357672445,4458.655187904602
24909.179828573546,0.04150690858107293,11275.51442423981,4458.674065049943
24909.243794265196,0.029342706200624052,11275.547595171376,4458.686379761446
24909.287477303475,0.021543733271217558,11275.570248050386,4458.694789644812
24909.324493098804,0.01734901157558839,11275.589443471908,4458.701915946696
24909.352351179165,0.01755605248435719,11275.603889942415,4458.707279200061
24909.380209259525,0.02067393266157703,11275.618336412921,4458.712642453384
24909.40922581902,0.02554603613390678,11275.633383640356,4458.718228737721
24909.43709354714,0.030772222475663805,11275.647835113941,4458.7235938483545
24909.489672538544,0.040780582757275904,11275.675101201163,4458.7337163851325
24909.57200255029,0.05563461835593004,11275.717795387987,4458.749566604667
24909.67165629513,0.0720438895936615,11275.76947320889,4458.7687519984365
24909.814236223356,0.093139373037888,11275.843411423764,4458.796201563743
24910.028478391512,0.12109147955718735,11275.95451179866,4458.8374475804585
24910.343406169533,0.15671270810084095,11276.1178250929,4458.898077640263
24910.80015768841,0.20085910427996137,11276.354684463658,4458.986011671337
24911.459257636718,0.2544379815854321,11276.696476429284,4459.112901904224
24912.407001930515,0.3178538844250846,11277.187951792268,4459.295362043032
24913.76216784194,0.3900673140754753,11277.89070533693,4459.5562590856525
24915.68149665522,0.4670454600283778,11278.886018992713,4459.92576881548
24918.353615797234,0.5390641454646834,11280.271710012821,4460.4402056349445
24921.93553756918,0.5864872351257903,11282.129200882322,4461.129797225216
24926.86553838137,0.5724807834767132,11284.685770306514,4462.07891990631
24930.311774274756,0.5059908301485547,11286.472898103435,4462.742387739279
24933.75801016814,0.3782223972792305,11288.260025929843,4463.405854955656
24934.98450391519,0.31065540719454954,11288.896053525339,4463.641978629383
24936.21099766224,0.22338803486111153,11289.53208112457,4463.878102225042
24936.686808539034,0.1811453292670047,11289.778824209574,4463.969704933638
24937.162619415827,0.13097257608499185,11290.02556729514,4464.061307630486
24937.37746253053,0.10429427149841308,11290.136979319766,4464.102669036529
24937.568975358463,0.0771652172368889,11290.236292867477,4464.139538914419
24937.686855965254,0.05818843377259266,11290.2974226696,4464.16223318218
24937.784049020673,0.040783456764880585,11290.347824448232,4464.180944700726
24937.846423555264,0.028912454755147202,11290.380170251874,4464.192952989085
24937.889328610352,0.021310262334093166,11290.402419692236,4464.201213030935
24937.92620129455,0.017281623617616572,11290.421540902698,4464.208311726199
24937.95309504018,0.017582008816532727,11290.43548729639,4464.21348928534
24937.979988785806,0.0205887075511128,11290.449433690084,4464.218666844441
24938.008862500286,0.025414881400274925,11290.464406843887,4464.224225585279
24938.036802869767,0.030648282969554318,11290.478895989363,4464.2296046393585
24938.08850144471,0.04049333617939833,11290.505705519352,4464.239557601063
24938.170766293195,0.05535848250477832,11290.548365920062,4464.255395153119
24938.269846375268,0.0717030504522201,11290.599746261523,4464.274469957827
24938.411311541622,0.09267939707296785,11290.673106400154,4464.301704698424
24938.62396708313,0.12049519776815938,11290.783384007147,4464.342644941049
24938.93665813713,0.1559636186262267,11290.945537417128,4464.402843921146
24939.390243161164,0.19994012410479056,11291.18075475884,4464.490167663435
24940.04481220493,0.2533339090541402,11291.520197162557,4464.616184632526
24940.986117010874,0.31656664380563765,11292.00833324266,4464.797403641064
24942.332256251713,0.38863752840914667,11292.706405887931,4465.056560868213
24944.23924248396,0.4655904677090153,11293.6953191397,4465.423691572537
24946.89534471387,0.5378429178914661,11295.072704396842,4465.935040876848
24950.459882575073,0.5859874770453551,11296.921180677706,4466.621280438106
24955.35309828557,0.5737998872882882,11299.458674656722,4467.56331402296
24958.79725971552,0.5090358002611552,11301.244726934478,4468.226377392927
24962.24142114547,0.3838553540751628,11303.030779241606,4468.8894401485495
24963.51884363749,0.3146474220743806,11303.69321724318,4469.1353666990535
24964.796266129506,0.2245455432350878,11304.355655248795,4469.38129316508
24965.272267176882,0.1824708086100349,11304.602496985013,4469.472931779979
24965.74826822426,0.13256721108695177,11304.849338721791,4469.5645703831515
24965.967627644917,0.10550220271817048,11304.963092800195,4469.606800939436
24966.162595378442,0.07803299475065001,11305.064197985474,4469.644335663775
24966.281506695414,0.0589828394912567,11305.125862295385,4469.667228186729
24966.379550693655,0.041499791731996284,11305.176705357673,4469.68610338273
24966.443500108777,0.02933860570545462,11305.209867857733,4469.698414770884
24966.487176131828,0.021541449750913457,11305.232517105027,4469.706823174056
24966.524190934917,0.01734831160714402,11305.251712017256,4469.713949175066
24966.552037088702,0.017556163645566603,11305.266152306904,4469.719310049681
24966.579883242488,0.020672395778674885,11305.280592596553,4469.7246709242545
24966.60889494186,0.02554324600361278,11305.29563730777,4469.73025618682
24966.636763756473,0.030769488693239897,11305.310089348739,4469.735621423921
24966.68932359694,0.040774276773378526,11305.337345512247,4469.74574011777
24966.771652196516,0.05562851816026122,11305.38003897844,4469.761589821112
24966.871293483284,0.07203633847732568,11305.431710353052,4469.780772520749
24967.013849089435,0.09312914710714251,11305.505635975369,4469.808216980511
24967.228056681408,0.1210781564463126,11305.616718450357,4469.849455704932
24967.542935532154,0.1566958205357877,11305.78000641688,4469.910075410839
24967.99961740097,0.2008380973806118,11306.016829733744,4469.997994677706
24968.65861705916,0.2544122264787878,11306.358569785052,4470.124863647295
24969.606217626104,0.31782292747487484,11306.849970749501,4470.30729330421
24970.96117961051,0.3900312111206266,11307.552618735175,4470.568147066954
24972.880224066546,0.4670053803266414,11308.547785202943,4470.937596359831
24975.55195988504,0.5390234331413334,11309.933277820397,4471.451951458297
24979.13341306731,0.5864529661721753,11311.790526199298,4472.1414422172
24984.062634084486,0.572469237369342,11314.346691940724,4473.090400163418
24987.50836219026,0.5060097308946808,11316.13355690037,4473.753760028899
24990.954090296033,0.3782957865352324,11317.920421889336,4474.417119280988
24992.18133829341,0.3107038656945529,11318.556840793082,4474.653384528375
24993.408586290785,0.22339260063686503,11319.193259700547,4474.88964969798
24993.88435095339,0.1811556720799932,11319.439978887425,4474.981242100875
24994.360115615997,0.13099114048754487,11319.686698074865,4475.072834492083
24994.57501627385,0.10430783866347866,11319.798139970284,4475.114206340076
24994.766567629216,0.07717513467503039,11319.897473524425,4475.151083068163
24994.88445990658,0.05819760467114908,11319.958609395288,4475.173779233726
24994.981662701382,0.040791787440745214,11320.009016238266,4475.192492339536
24995.0440547664,0.028917569107452478,11320.04137114156,4475.204503818133
24995.08696961979,0.021312953138850094,11320.06362566914,4475.212765619303
24995.123844351638,0.01728235596048673,11320.082747946675,4475.219864599618
24995.15074651276,0.0175815473186267,11320.096698708232,4475.225043699263
24995.177648673885,0.020588927264609792,11320.11064946979,4475.230222798869
24995.206520964526,0.02541488114473291,11320.125621889314,4475.235781180122
24995.23446115193,0.0306482351666895,11320.140110944323,4475.241160116438
24995.28615963785,0.040493247686513786,11320.166920435466,4475.251112907962
24995.36842462811,0.055358382499342565,11320.209580921337,4475.2669502437875
24995.46750472403,0.07170290360042975,11320.260961284004,4475.286024757862
24995.60896982032,0.09267916298438773,11320.33432140632,4475.313259066207
24995.821625278186,0.12049482356231601,11320.444599000037,4475.3541986632345
24996.134316024036,0.1559629939017563,11320.60675229447,4475.414396658417
24996.587900241346,0.19993906462029962,11320.841969282023,4475.501718902791
24997.242467500488,0.2533321129966744,11321.181410852907,4475.627733590888
24998.18376856815,0.3165636099823116,11321.669545127626,4475.808949093821
24999.529900087193,0.38863242047651286,11322.367613959026,4476.068100850699
25000.0,0.4099796181667082,11322.611395561009,4476.158602549032
